# Format: McCode with text headers
# URL: http://www.mccode.org
# Creator: McStas 2.1rc19 - Feb. 18, 2014
# Instrument: ESS_Brilliance_2014.instr
# Ncount: 10000000
# Trace: no
# Gravitation: no
# Seed: 1392828549
# Directory: TDR_thermal_mcnpxlike
# Param: frac=0
# Param: power=5
# Param: flat=0
# Param: srcdef=TDR
# Param: lambdamax=4
# Date: Wed Feb 19 17:49:15 2014 (1392828555)
# type: array_1d(196)
# Source: ESS_Brilliance_2014 (ESS_Brilliance_2014.instr)
# component: Brillmon
# position: 0 0 1
# title: Peak brilliance
# Ncount: 10000000
# filename: Peak_brill.dat
# statistics: X0=1.35274; dX=0.639603;
# signal: Min=1.7875e+13; Max=1.34473e+15; Mean=3.66e+14;
# values: 7.1736e+16 7.31407e+14 39977
# xvar: Peak
# yvar: (I,I_err)
# xlabel: Wavelength [AA]
# ylabel: Peak Brilliance
# xlimits: 0.2 4
# variables: Peak I I_err N
0.209694 5.34606e+14 4.94977e+13 209 
0.229082 4.81643e+14 4.47834e+13 208 
0.248469 4.45392e+14 4.12338e+13 209 
0.267857 3.87802e+14 3.68595e+13 204 
0.287245 3.8133e+14 3.51503e+13 209 
0.306633 3.31928e+14 3.1548e+13 205 
0.32602 3.10731e+14 2.95329e+13 201 
0.345408 2.92762e+14 2.76998e+13 204 
0.364796 2.81225e+14 2.62566e+13 190 
0.384184 2.61439e+14 2.45149e+13 180 
0.403571 2.55566e+14 2.3554e+13 204 
0.422959 2.36356e+14 2.19622e+13 198 
0.442347 2.31436e+14 2.11386e+13 208 
0.461735 2.05356e+14 1.93453e+13 198 
0.481122 1.98218e+14 1.84535e+13 206 
0.50051 1.86791e+14 1.73005e+13 204 
0.519898 1.81975e+14 1.65275e+13 198 
0.539286 1.78021e+14 1.55488e+13 203 
0.558673 1.79487e+14 1.48133e+13 210 
0.578061 1.91465e+14 1.47372e+13 210 
0.597449 2.12083e+14 1.5125e+13 214 
0.616837 2.38066e+14 1.63592e+13 215 
0.636224 2.78959e+14 1.87277e+13 224 
0.655612 3.06264e+14 2.14775e+13 215 
0.675 3.29135e+14 2.46131e+13 202 
0.694388 4.01967e+14 3.04058e+13 212 
0.713776 4.52673e+14 3.64457e+13 194 
0.733163 5.73714e+14 4.47345e+13 217 
0.752551 6.13436e+14 4.91116e+13 215 
0.771939 6.36714e+14 5.47762e+13 192 
0.791327 6.94559e+14 6.03258e+13 200 
0.810714 7.51882e+14 6.64772e+13 191 
0.830102 8.34832e+14 7.355e+13 195 
0.84949 8.91344e+14 7.94035e+13 195 
0.868878 9.40717e+14 8.36338e+13 201 
0.888265 1.0536e+15 1.69652e+14 316 
0.907653 1.05328e+15 9.43998e+13 200 
0.927041 1.16564e+15 1.01758e+14 213 
0.946429 1.11864e+15 1.01657e+14 194 
0.965816 1.15951e+15 1.04236e+14 216 
0.985204 1.17216e+15 1.07031e+14 195 
1.00459 1.18923e+15 1.0864e+14 199 
1.02398 1.20028e+15 1.10234e+14 190 
1.04337 1.34473e+15 1.17041e+14 213 
1.06276 1.23873e+15 1.12658e+14 205 
1.08214 1.16891e+15 1.08578e+14 192 
1.10153 1.22266e+15 1.11517e+14 204 
1.12092 1.17202e+15 1.09638e+14 190 
1.14031 1.20754e+15 1.10825e+14 204 
1.15969 1.10504e+15 1.05088e+14 197 
1.17908 1.15074e+15 1.06669e+14 203 
1.19847 1.08916e+15 1.03511e+14 191 
1.21786 1.10447e+15 1.03143e+14 213 
1.23724 1.08337e+15 1.01514e+14 203 
1.25663 1.06035e+15 1.74012e+14 322 
1.27602 1.23887e+15 1.0669e+14 210 
1.29541 1.03288e+15 9.59917e+13 211 
1.3148 1.15724e+15 2.00617e+14 145 
1.33418 1.05787e+15 9.50747e+13 205 
1.35357 9.28591e+14 8.78952e+13 212 
1.37296 9.43633e+14 8.70301e+13 198 
1.39235 8.88912e+14 8.3429e+13 195 
1.41173 8.44004e+14 8.05124e+13 202 
1.43112 8.48767e+14 7.96484e+13 201 
1.45051 8.61298e+14 7.87587e+13 209 
1.4699 8.35219e+14 7.67049e+13 210 
1.48929 7.8224e+14 7.32493e+13 195 
1.50867 7.57963e+14 6.94382e+13 207 
1.52806 7.29329e+14 6.82293e+13 204 
1.54745 6.95925e+14 6.58229e+13 191 
1.56684 7.01903e+14 6.52365e+13 197 
1.58622 7.15015e+14 1.21134e+14 327 
1.60561 6.10512e+14 9.81868e+13 337 
1.625 5.98846e+14 5.73621e+13 173 
1.64439 6.09158e+14 5.66701e+13 197 
1.66378 5.5797e+14 5.21633e+13 202 
1.68316 5.73494e+14 5.33154e+13 206 
1.70255 5.57256e+14 5.17195e+13 189 
1.72194 5.52018e+14 5.05804e+13 194 
1.74133 5.32649e+14 4.79717e+13 209 
1.76071 4.85917e+14 4.57694e+13 211 
1.7801 4.83007e+14 4.4886e+13 219 
1.79949 4.67404e+14 4.34229e+13 189 
1.81888 4.84503e+14 4.35116e+13 203 
1.83827 4.80513e+14 4.25944e+13 218 
1.85765 4.2937e+14 3.92659e+13 187 
1.87704 4.11e+14 3.79953e+13 202 
1.89643 3.8009e+14 3.53603e+13 188 
1.91582 3.58321e+14 3.43438e+13 192 
1.9352 3.52055e+14 3.34784e+13 184 
1.95459 3.41561e+14 3.2428e+13 201 
1.97398 3.43935e+14 3.19634e+13 201 
1.99337 3.37555e+14 3.08549e+13 203 
2.01276 3.15273e+14 2.93281e+13 195 
2.03214 2.85714e+14 2.75071e+13 203 
2.05153 2.97548e+14 2.77856e+13 203 
2.07092 2.78511e+14 2.63777e+13 192 
2.09031 2.81614e+14 2.60948e+13 198 
2.10969 2.60561e+14 2.46952e+13 188 
2.12908 2.78795e+14 2.50867e+13 211 
2.14847 2.61654e+14 2.34999e+13 239 
2.16786 2.44428e+14 2.27214e+13 219 
2.18724 2.43821e+14 2.23142e+13 207 
2.20663 2.23745e+14 2.09954e+13 213 
2.22602 2.19259e+14 2.05042e+13 204 
2.24541 2.12931e+14 1.97326e+13 213 
2.2648 2.19268e+14 1.98408e+13 203 
2.28418 1.94699e+14 1.83782e+13 201 
2.30357 1.83561e+14 1.75676e+13 197 
2.32296 1.80314e+14 1.68208e+13 197 
2.34235 1.72923e+14 1.6498e+13 181 
2.36173 1.68999e+14 1.60319e+13 201 
2.38112 1.65584e+14 1.55058e+13 201 
2.40051 1.7649e+14 1.5784e+13 213 
2.4199 1.57459e+14 1.47633e+13 184 
2.43929 1.53504e+14 1.43322e+13 184 
2.45867 1.51755e+14 1.37066e+13 207 
2.47806 1.42921e+14 1.3335e+13 200 
2.49745 1.35039e+14 1.83607e+13 217 
2.51684 1.35484e+14 1.2643e+13 201 
2.53622 1.28781e+14 1.21279e+13 194 
2.55561 1.22101e+14 1.16455e+13 209 
2.575 1.21609e+14 1.14444e+13 213 
2.59439 1.13561e+14 1.08961e+13 185 
2.61378 1.0965e+14 1.05141e+13 200 
2.63316 1.16112e+14 1.06617e+13 197 
2.65255 1.03599e+14 9.94003e+12 192 
2.67194 1.03007e+14 9.75018e+12 195 
2.69133 9.71223e+13 8.9833e+12 203 
2.71071 1.00055e+14 9.29875e+12 221 
2.7301 9.59683e+13 8.99907e+12 216 
2.74949 9.15657e+13 8.62736e+12 209 
2.76888 8.72872e+13 8.33926e+12 199 
2.78827 8.40848e+13 8.03213e+12 205 
2.80765 8.81212e+13 8.12631e+12 216 
2.82704 8.01639e+13 7.59228e+12 200 
2.84643 7.73444e+13 7.39388e+12 192 
2.86582 7.84982e+13 7.33933e+12 195 
2.8852 7.25299e+13 6.79254e+12 199 
2.90459 7.20439e+13 6.79683e+12 194 
2.92398 7.08507e+13 6.68045e+12 212 
2.94337 6.93864e+13 6.517e+12 198 
2.96276 7.36538e+13 1.28026e+13 203 
2.98214 6.15475e+13 5.86086e+12 200 
3.00153 6.4954e+13 6.02314e+12 199 
3.02092 6.25132e+13 5.79724e+12 205 
3.04031 6.89679e+13 6.02003e+12 212 
3.05969 5.85552e+13 5.47621e+12 213 
3.07908 6.21154e+13 5.5947e+12 210 
3.09847 5.39773e+13 5.14243e+12 183 
3.11786 5.29168e+13 5.01743e+12 197 
3.13724 5.28074e+13 4.9412e+12 199 
3.15663 5.03086e+13 4.72792e+12 207 
3.17602 4.79853e+13 4.59214e+12 195 
3.19541 4.90982e+13 4.55427e+12 214 
3.2148 4.70851e+13 4.42661e+12 193 
3.23418 4.42054e+13 4.23073e+12 199 
3.25357 4.49611e+13 4.1893e+12 212 
3.27296 4.31129e+13 4.05383e+12 193 
3.29235 4.34271e+13 3.99632e+12 204 
3.31173 4.11322e+13 3.86703e+12 205 
3.33112 3.92265e+13 3.70546e+12 194 
3.35051 4.0834e+13 3.75591e+12 231 
3.3699 3.77521e+13 3.55039e+12 199 
3.38929 3.68461e+13 3.48026e+12 201 
3.40867 3.62218e+13 3.40687e+12 191 
3.42806 3.51556e+13 3.27819e+12 194 
3.44745 3.32235e+13 3.18125e+12 201 
3.46684 3.29082e+13 3.12194e+12 219 
3.48622 3.32516e+13 3.08652e+12 218 
3.50561 3.28112e+13 3.04555e+12 217 
3.525 3.17111e+13 2.95643e+12 213 
3.54439 3.42008e+13 3.0351e+12 199 
3.56378 2.88668e+13 4.23816e+12 204 
3.58316 2.7627e+13 2.65842e+12 197 
3.60255 2.81489e+13 2.57375e+12 219 
3.62194 2.91304e+13 2.65956e+12 202 
3.64133 2.63823e+13 2.50456e+12 192 
3.66071 2.52548e+13 2.41932e+12 197 
3.6801 2.42792e+13 2.34722e+12 209 
3.69949 2.34591e+13 2.27904e+12 193 
3.71888 2.30985e+13 2.23343e+12 199 
3.73827 2.5005e+13 2.27443e+12 194 
3.75765 2.43031e+13 2.23819e+12 183 
3.77704 2.19319e+13 2.10148e+12 189 
3.79643 2.32894e+13 3.55485e+12 221 
3.81582 2.11818e+13 2.00256e+12 192 
3.8352 2.07425e+13 1.93624e+12 207 
3.85459 2.19497e+13 2.00462e+12 192 
3.87398 2.18276e+13 1.9689e+12 214 
3.89337 1.81682e+13 1.72826e+12 187 
3.91276 1.87673e+13 1.78245e+12 182 
3.93214 1.88806e+13 1.76923e+12 200 
3.95153 1.8458e+13 3.25152e+12 163 
3.97092 1.7875e+13 1.69e+12 189 
3.99031 1.7897e+13 1.66278e+12 192 
