# Format: McCode with text headers
# URL: http://www.mccode.org
# Creator: McStas 2.1rc19 - Feb. 18, 2014
# Instrument: ESS_Brilliance_2014.instr
# Ncount: 10000000
# Trace: no
# Gravitation: no
# Seed: 1392828515
# Directory: TDR_cold_mcnpxlike
# Param: frac=1
# Param: power=5
# Param: flat=0
# Param: srcdef=TDR
# Param: lambdamax=15
# Date: Wed Feb 19 17:48:41 2014 (1392828521)
# type: array_1d(196)
# Source: ESS_Brilliance_2014 (ESS_Brilliance_2014.instr)
# component: Brillmon
# position: 0 0 1
# title: Peak brilliance
# Ncount: 10000000
# filename: Peak_brill.dat
# statistics: X0=3.26135; dX=2.14278;
# signal: Min=8.99227e+11; Max=3.56087e+14; Mean=5.83025e+13;
# values: 1.14273e+16 1.2084e+14 36766
# xvar: Peak
# yvar: (I,I_err)
# xlabel: Wavelength [AA]
# ylabel: Peak Brilliance
# xlimits: 0.2 15
# variables: Peak I I_err N
0.237755 3.56087e+14 3.53101e+13 184 
0.313265 2.89027e+14 2.70721e+13 189 
0.388776 2.36655e+14 2.1767e+13 180 
0.464286 1.74312e+14 1.6739e+13 200 
0.539796 1.61001e+14 1.4787e+13 215 
0.615306 1.22232e+14 1.20664e+13 167 
0.690816 1.10323e+14 1.08353e+13 182 
0.766327 1.02873e+14 9.95904e+12 187 
0.841837 1.00486e+14 9.50728e+12 194 
0.917347 9.33883e+13 8.87465e+12 173 
0.992857 8.74358e+13 8.34642e+12 179 
1.06837 8.20678e+13 7.90597e+12 178 
1.14388 7.3501e+13 7.31845e+12 188 
1.21939 7.22089e+13 7.07431e+12 186 
1.2949 7.51442e+13 7.05142e+12 210 
1.37041 6.7731e+13 6.48181e+12 197 
1.44592 6.35555e+13 6.0494e+12 182 
1.52143 6.43911e+13 5.81234e+12 190 
1.59694 6.95469e+13 5.83005e+12 186 
1.67245 7.26975e+13 5.65164e+12 196 
1.74796 7.48318e+13 5.56388e+12 194 
1.82347 8.48651e+13 6.12042e+12 194 
1.89898 9.20896e+13 6.72395e+12 189 
1.97449 1.06232e+14 7.83221e+12 192 
2.05 1.27296e+14 9.37858e+12 201 
2.12551 1.43283e+14 1.09865e+13 195 
2.20102 1.50927e+14 1.21921e+13 186 
2.27653 1.86746e+14 1.48622e+13 198 
2.35204 2.12471e+14 1.75997e+13 184 
2.42755 2.58401e+14 2.08638e+13 206 
2.50306 2.88152e+14 2.39915e+13 187 
2.57857 2.70609e+14 2.30993e+13 188 
2.65408 2.61045e+14 2.28172e+13 181 
2.72959 2.55204e+14 2.22274e+13 194 
2.8051 2.53392e+14 2.2276e+13 184 
2.88061 2.50493e+14 2.17485e+13 196 
2.95612 2.3218e+14 2.06775e+13 185 
3.03163 2.21853e+14 1.9995e+13 178 
3.10714 2.28707e+14 2.00859e+13 193 
3.18265 2.22137e+14 1.95982e+13 189 
3.25816 2.04346e+14 1.83582e+13 195 
3.33367 1.95641e+14 1.76286e+13 191 
3.40918 2.00236e+14 1.77526e+13 182 
3.48469 1.8235e+14 1.65278e+13 187 
3.5602 1.75408e+14 1.58592e+13 199 
3.63571 1.75706e+14 1.5761e+13 189 
3.71122 1.64496e+14 1.49729e+13 185 
3.78673 1.59216e+14 1.43227e+13 209 
3.86224 1.55635e+14 1.40287e+13 193 
3.93776 1.42971e+14 1.32301e+13 179 
4.01327 1.40919e+14 1.28711e+13 184 
4.08878 1.37728e+14 1.24674e+13 189 
4.16429 1.19459e+14 1.12192e+13 187 
4.2398 1.17633e+14 1.0839e+13 189 
4.31531 1.25189e+14 1.11226e+13 202 
4.39082 1.18488e+14 1.0565e+13 209 
4.46633 1.10289e+14 1.00613e+13 182 
4.54184 9.64046e+13 9.12387e+12 182 
4.61735 1.00737e+14 9.13784e+12 176 
4.69286 9.1928e+13 8.55267e+12 190 
4.76837 8.93251e+13 8.15712e+12 191 
4.84388 9.27398e+13 8.23934e+12 194 
4.91939 7.888e+13 7.36029e+12 190 
4.9949 7.34363e+13 6.99556e+12 178 
5.07041 7.27937e+13 6.83266e+12 172 
5.14592 7.36602e+13 6.72019e+12 185 
5.22143 6.9851e+13 6.37776e+12 192 
5.29694 6.12799e+13 5.8395e+12 178 
5.37245 6.31129e+13 5.77142e+12 200 
5.44796 5.92447e+13 5.47014e+12 198 
5.52347 5.23097e+13 5.03866e+12 171 
5.59898 5.76957e+13 5.18914e+12 196 
5.67449 5.12504e+13 4.77271e+12 187 
5.75 4.81398e+13 4.48809e+12 203 
5.82551 4.49819e+13 4.25931e+12 198 
5.90102 4.61341e+13 4.25336e+12 181 
5.97653 4.01771e+13 3.85898e+12 190 
6.05204 4.04451e+13 3.76863e+12 206 
6.12755 4.07681e+13 3.73695e+12 182 
6.20306 3.70313e+13 3.48857e+12 185 
6.27857 3.61804e+13 3.35187e+12 199 
6.35408 3.20727e+13 3.09889e+12 189 
6.42959 3.23347e+13 3.0559e+12 183 
6.5051 3.11834e+13 2.92496e+12 183 
6.58061 2.83847e+13 2.74287e+12 185 
6.65612 2.87905e+13 2.68708e+12 203 
6.73163 2.84924e+13 2.63953e+12 192 
6.80714 2.43839e+13 2.37941e+12 189 
6.88265 2.55453e+13 2.39233e+12 202 
6.95816 2.25788e+13 2.19048e+12 199 
7.03367 2.2007e+13 2.13659e+12 171 
7.10918 2.36465e+13 2.16347e+12 192 
7.18469 2.15718e+13 2.03121e+12 194 
7.2602 2.14579e+13 1.98886e+12 194 
7.33571 1.99301e+13 1.88133e+12 172 
7.41122 1.91149e+13 1.79626e+12 193 
7.48673 1.69797e+13 1.66347e+12 186 
7.56224 1.76172e+13 1.63242e+12 185 
7.63776 1.63634e+13 1.57356e+12 175 
7.71327 1.63701e+13 1.54483e+12 185 
7.78878 1.55695e+13 1.47346e+12 194 
7.86429 1.42364e+13 1.38474e+12 193 
7.9398 1.39538e+13 1.34216e+12 184 
8.01531 1.36472e+13 1.30403e+12 199 
8.09082 1.29315e+13 1.24646e+12 178 
8.16633 1.26315e+13 1.20659e+12 182 
8.24184 1.22493e+13 1.16954e+12 188 
8.31735 1.13737e+13 1.1092e+12 171 
8.39286 1.16061e+13 1.09298e+12 198 
8.46837 1.15606e+13 1.07797e+12 182 
8.54388 1.09952e+13 1.03021e+12 211 
8.61939 1.01505e+13 9.67152e+11 186 
8.6949 9.6556e+12 9.33053e+11 185 
8.77041 1.01292e+13 9.38622e+11 210 
8.84592 8.89419e+12 8.64743e+11 179 
8.92143 8.15393e+12 8.0854e+11 174 
8.99694 8.25667e+12 8.03984e+11 172 
9.07245 7.9489e+12 7.75833e+11 195 
9.14796 8.03138e+12 7.66625e+11 194 
9.22347 7.52589e+12 7.28776e+11 189 
9.29898 7.33793e+12 7.08492e+11 176 
9.37449 7.03978e+12 6.82038e+11 191 
9.45 6.61758e+12 6.4512e+11 177 
9.52551 6.50662e+12 6.31204e+11 183 
9.60102 6.1692e+12 6.07833e+11 170 
9.67653 5.96783e+12 5.81731e+11 187 
9.75204 6.17248e+12 5.87902e+11 196 
9.82755 6.46262e+12 5.92404e+11 195 
9.90306 5.516e+12 5.3817e+11 187 
9.97857 5.40266e+12 5.24572e+11 193 
10.0541 5.15153e+12 5.02917e+11 185 
10.1296 5.04698e+12 4.88548e+11 175 
10.2051 4.80131e+12 4.71073e+11 188 
10.2806 4.61796e+12 4.55271e+11 191 
10.3561 4.91154e+12 4.6227e+11 205 
10.4316 4.38856e+12 4.15475e+11 177 
10.5071 4.16035e+12 4.12464e+11 189 
10.5827 4.35183e+12 4.15635e+11 190 
10.6582 4.29534e+12 4.06859e+11 178 
10.7337 3.82677e+12 3.77946e+11 179 
10.8092 3.96223e+12 3.78499e+11 196 
10.8847 3.87107e+12 3.61918e+11 183 
10.9602 3.81319e+12 3.61e+11 205 
11.0357 3.65889e+12 3.48424e+11 171 
11.1112 3.33202e+12 3.2752e+11 197 
11.1867 3.27215e+12 3.20194e+11 193 
11.2622 3.19889e+12 3.03043e+11 201 
11.3378 2.95708e+12 2.95164e+11 188 
11.4133 3.0301e+12 2.88571e+11 183 
11.4888 2.74589e+12 2.75721e+11 164 
11.5643 2.71005e+12 2.70683e+11 179 
11.6398 2.68968e+12 2.66024e+11 182 
11.7153 2.61218e+12 2.58379e+11 183 
11.7908 2.48277e+12 2.4677e+11 188 
11.8663 2.4728e+12 2.38902e+11 179 
11.9418 2.43634e+12 2.38777e+11 175 
12.0173 2.42785e+12 2.3458e+11 184 
12.0929 2.18202e+12 2.20233e+11 189 
12.1684 2.31928e+12 2.2411e+11 187 
12.2439 2.17908e+12 2.14606e+11 188 
12.3194 2.19472e+12 2.12141e+11 176 
12.3949 2.06123e+12 2.03019e+11 191 
12.4704 2.25415e+12 2.0927e+11 190 
12.5459 2.01217e+12 1.95416e+11 185 
12.6214 1.94709e+12 1.87356e+11 183 
12.6969 1.86911e+12 1.83282e+11 182 
12.7724 1.82574e+12 1.76522e+11 180 
12.848 1.72135e+12 1.71316e+11 172 
12.9235 1.82954e+12 1.74478e+11 181 
12.999 1.73335e+12 1.67598e+11 188 
13.0745 1.72392e+12 1.63665e+11 188 
13.15 1.64789e+12 1.5935e+11 187 
13.2255 1.57005e+12 1.51149e+11 165 
13.301 1.53489e+12 1.49849e+11 181 
13.3765 1.57747e+12 1.49783e+11 189 
13.452 1.45636e+12 1.42177e+11 194 
13.5276 1.46883e+12 1.414e+11 189 
13.6031 1.41674e+12 1.37023e+11 192 
13.6786 1.29292e+12 1.29366e+11 178 
13.7541 1.36151e+12 1.31085e+11 184 
13.8296 1.23648e+12 1.23105e+11 187 
13.9051 1.30881e+12 1.25436e+11 188 
13.9806 1.23053e+12 1.17935e+11 193 
14.0561 1.16748e+12 1.15669e+11 196 
14.1316 1.18087e+12 1.14776e+11 184 
14.2071 1.1653e+12 1.12733e+11 186 
14.2827 1.12943e+12 1.08749e+11 205 
14.3582 1.19472e+12 1.11486e+11 186 
14.4337 1.09546e+12 1.05493e+11 178 
14.5092 1.04212e+12 1.01784e+11 176 
14.5847 1.03647e+12 1.00281e+11 179 
14.6602 9.68094e+11 9.54727e+10 174 
14.7357 1.0135e+12 9.67124e+10 186 
14.8112 9.29776e+11 9.16955e+10 181 
14.8867 9.79237e+11 9.30223e+10 188 
14.9622 8.99227e+11 8.82558e+10 189 
