# TITLE Crystal table for perfect crystal bent monochromator
# Table copied from SIMRES, current url: https://github.com/saroun/simres
# Contents: dhkl, QML,sigmab,sigmaa,V0,A,thetaD,C2,poi
# dhkl ... Lattice spacing of crystal plane.
# QML = 4*PI*(F*dhkl/V0)**2 [ A^-1 cm^-1]
# sigmab ... bound-atom scattering cross-section [barn]
# sigmaa ... absorption for 1A neutrons [barn*A^-1]
# sigmai ... incoherent scattering cross-section [barn]
# V0 .... volume [A^3]/atom
# A  .... atomic number
# thetaD .... Debye temperature (K)
# C2 .... constant from the Freund's paper  [A^-2 eV^-1]
# poi .... Poisson elastic constant
0
# The first two rows are placeholders for making stuff work.
0
# Cu 111 
 2.087063  0.23391E+00 7.485  2.094  0.55	11.81  63.54  315  12.00  0.30000E+00
# Cu 200 
 1.80745  0.17544E+00  7.485  2.094  0.55	11.81  63.54  315  12.00  0.30000E+00
# Cu 220 
 1.27806  0.87718E-01  7.485  2.094  0.55	11.81  63.54  315  12.00  0.30000E+00
# Cu 311 
 1.089933  0.63795E-01 7.485  2.094  0.55	11.81  63.54  315  12.00  0.30000E+00
# Cu 400 
 0.903725  0.43859E-01 7.485  2.094  0.55	11.81  63.54  315  12.00  0.30000E+00
# Cu 331 
 0.829315  0.36934E-01 7.485  2.094  0.55	11.81  63.54  315  12.00  0.30000E+00
# Cu 420 
 0.808316  0.35087E-01 7.485  2.094  0.55	11.81  63.54  315  12.00  0.30000E+00
# Cu 440 
 0.63903  0.21930E-01  7.485  2.094  0.55	11.81  63.54  315  12.00  0.30000E+00
# Ge 111 
 3.26665  0.87700E-01  8.42  1.216  0.18  22.63  72.6  290  9.0  0.15450E+00
# Ge 220 
 2.00041  0.65760E-01  8.42  1.216  0.18  22.63  72.6  290  9.0  0.30000E+00
# Ge 311 
 1.70595  0.23920E-01  8.42  1.216  0.18  22.63  72.6  290  9.0  0.15430E+00
# Ge 400 
 1.41450  0.32880E-01  8.42  1.216  0.18  22.63  72.6  290  9.0  0.27300E+00
# Ge 331 
 1.29803  0.13850E-01  8.42  1.216  0.18  22.63  72.6  290  9.0  0.15430E+00
# Ge 422 
 1.15493  0.21925E-01  8.42  1.216  0.18  22.63  72.6  290  9.0  0.27270E+00
# Ge 511 
 1.08888  0.97400E-02  8.42  1.216  0.18  22.63  72.6  290  9.0  0.27270E+00
# Ge 533 
 0.86284  0.61200E-02  8.42  1.216  0.18  22.63  72.6  290  9.0  0.27270E+00
# Ge 711 
 0.79228  0.51588E-02  8.42  1.216  0.18  22.63  72.6  290  9.0  0.27270E+00
# Ge 551 
 0.79228  0.51600E-02  8.42  1.216  0.18  22.63  72.6  290  9.0  0.27270E+00
# Si 111 
 3.13536  0.25970E-01  2.18  0.0889	0.0  20.02  28.09  420  6.36  0.18080E+00
# Si 220 
 1.92001  0.19480E-01  2.18  0.0889	0.0  20.02  28.09  420  6.36  0.30000E+00
# Si 311 
 1.63739  0.70800E-02  2.18  0.0889	0.0  20.02  28.09  420  6.36  0.28000E+00
# Si 400 
 1.35765  0.97400E-02  2.18  0.0889	0.0  20.02  28.09  420  6.36  0.28000E+00
# Si 331 
 1.24587  0.41000E-02  2.18  0.0889	0.0  20.02  28.09  420  6.36  0.18080E+00
# Si 422 
 1.10852  0.64930E-02  2.18  0.0889	0.0  20.02  28.09  420  6.36  0.28000E+00
# Si 333 
 1.04512  0.28900E-02  2.18  0.0889	0.0  20.02  28.09  420  6.36  0.28000E+00
# Si 511 
 1.04512  0.28900E-02  2.18  0.0889	0.0  20.02  28.09  420  6.36  0.28000E+00
# Si 440 
 0.96000  0.48700E-02  2.18  0.0889	0.0  20.02  28.09  420  6.36  0.28000E+00
# Si 711 
 0.76044  0.15277E-02  2.18  0.0889	0.0  20.02  28.09  420  6.36  0.28000E+00
# Si 551 
 0.76044  0.15277E-02  2.18  0.0889	0.0  20.02  28.09  420  6.36  0.28000E+00
# Be 10.0
 1.97956  0.11361      7.62579  0.00422655	0.002  8.10926  9.012  1100  7.62  0.30000E+00
# Be 100 
 1.97956  0.11361      7.62579  0.00422655	0.002  8.10926  9.012  1100  7.62  0.28000E+00
# Be 102 
 1.32857  0.05117      7.62579  0.00422655	0.002  8.10926  9.012  1100  7.62  0.28000E+00
# Be 103 
 1.02290  0.091        7.62579  0.00422655	0.002  8.10926  9.012  1100  7.62  0.28000E+00
# Be 110 
 1.14290  0.15147      7.62579  0.00422655	0.002  8.10926  9.012  1100  7.62  0.28000E+00
# Be 112 
 0.96363  0.10768      7.62579  0.00422655	0.002  8.10926  9.012  1100  7.62  0.28000E+00
# Be 200 
 0.98978  0.0284       7.62579  0.00422655	0.002  8.10926  9.012  1100  7.62  0.28000E+00
# Be 00.2
 1.79215  0.37245      7.62579  0.00422655	0.002  8.10926  9.012  1100  7.62  0.30000E+00
# Be 10.1
 1.73285  0.26116      7.62579  0.00422655	0.002  8.10926  9.012  1100  7.62  0.30000E+00
# PG 00.2
 3.35500  0.79500E+00  5.555  0.0019	0.0  8.80  12.01  1050  20.00  0.30000E+00
# PG 00.4
 1.67750  0.18000E+00  5.555  0.0019	0.0  8.80  12.01  1050  20.00  0.30000E+00
# PG 00.6
 1.11830  0.08833E+00  5.555  0.0019	0.0  8.80  12.01  1050  20.00  0.30000E+00
# Fe 110 
 2.02660  0.34031E+00  11.43  2.53	0.4  11.75  55.85  411  10.67  0.30000E+00
# HS 111 
 3.43500  0.11020E+00  1.79  2.88	0.55  13.16  48.0  300  12.00  0.30000E+00
# HS 222 
 1.71750  0.13130E+00  1.79  2.88	0.55  13.16  48.0  300  12.00  0.30000E+00
# HS 111*
 3.43500  0.55100E-01  1.79  2.88	0.55  13.16  48.0  300  12.00  0.30000E+00
# Di 111 
 2.05929  0.36606      5.55449  0.00194444	0.0  5.67213  12.01  1860  3.00  0.30000E+00
# Di 220 
 1.26105  0.27455      5.55449  0.00194444	0.0  5.67213  12.01  1860  3.00  0.30000E+00
# Di 311 
 1.07543  0.09984      5.55449  0.00194444	0.0  5.67213  12.01  1860  3.00  0.30000E+00
# Di 400 
 0.89170  0.13727      5.55449  0.00194444	0.0  5.67213  12.01  1860  3.00  0.30000E+00
# Di 331 
 0.81828  0.0578       5.55449  0.00194444	0.0  5.67213  12.01  1860  3.00  0.30000E+00
# Di 422 
 0.72807  0.09152      5.55449  0.00194444	0.0  5.67213  12.01  1860  3.00  0.30000E+00
# Di 333 
 0.68643  0.04067      5.55449  0.00194444	0.0  5.67213  12.01  1860  3.00  0.30000E+00
# Di 511 
 0.68643  0.04067      5.55449  0.00194444	0.0  5.67213  12.01  1860  3.00  0.30000E+00
# Di 440 
 0.63053  0.06864      5.55449  0.00194444	0.0  5.67213  12.01  1860  3.00  0.30000E+00
