# Format: McCode with text headers
# URL: http://www.mccode.org
# Creator: McStas 2.7.1 - Oct. 04, 2021
# Instrument: ConvSANS_SpectrumGen.instr
# Ncount: 6236363
# Trace: no
# Gravitation: no
# Seed: 1666819484
# Directory: McplBrilliance_5x5
# Param: width=0.05
# Param: Emin=0.2
# Param: Emax=100000
# Param: repeats=1
# Param: Esmear=0.1
# Param: dirsmear=0.1
# Param: rsmear=0.003
# Param: mcpl=1
# Param: pulseskip=0
# Param: npulses=1
# Param: tZ=0.16
# Date: Wed Oct 26 13:54:09 2022 (1666785249)
# type: array_1d(101)
# Source: ConvSANS_SpectrumGen (ConvSANS_SpectrumGen.instr)
# component: BrillmonCOLD2
# position: 0 0 2
# title: Mean brilliance
# Ncount: 6236363
# filename: Mean_Brilliance_5x5.dat
# statistics: X0=3.83626; dX=2.86152;
# signal: Min=1.60148e+010; Max=1.98745e+013; Mean=1.82514e+012;
# values: 1.84339e+014 3.50627e+011 310751
# xvar: Mean
# yvar: (I,I_err)
# xlabel: Wavelength [AA]
# ylabel: Mean Brilliance
# xlimits: 0.0286014 20.2243
# variables: Mean I I_err N
0.128579983 1.987451996e+013 1.29312024e+011 23976 
0.32853708 5.980113884e+012 7.055142509e+010 7324 
0.528494177 3.547781027e+012 5.423203501e+010 4367 
0.7284512741 2.638034316e+012 4.649519921e+010 3314 
0.9284083711 2.390202884e+012 4.311134601e+010 3282 
1.128365468 2.925338267e+012 4.633814506e+010 4357 
1.328322565 3.683106342e+012 5.097279925e+010 5794 
1.528279662 4.028821259e+012 5.221259003e+010 6648 
1.728236759 3.931382957e+012 5.101661493e+010 6647 
1.928193856 3.791123592e+012 4.963429622e+010 6565 
2.128150953 3.726640193e+012 4.902023056e+010 6493 
2.32810805 3.702037786e+012 4.851890857e+010 6570 
2.528065147 4.007944047e+012 5.034836741e+010 7143 
2.728022245 4.648943659e+012 5.418951996e+010 8286 
2.927979342 5.061635063e+012 5.61172618e+010 9174 
3.127936439 5.691116046e+012 5.968764123e+010 10234 
3.327893536 5.970250191e+012 6.092417049e+010 10842 
3.527850633 6.24247505e+012 6.227047527e+010 11321 
3.72780773 6.27552642e+012 6.237309116e+010 11397 
3.927764827 6.13913517e+012 6.164800405e+010 11171 
4.127721924 6.117589997e+012 6.151645063e+010 11158 
4.327679021 5.731517457e+012 5.954585133e+010 10449 
4.527636118 5.440618144e+012 5.798628742e+010 9925 
4.727593215 5.40942701e+012 5.772841548e+010 9899 
4.927550312 4.990266042e+012 5.550388112e+010 9110 
5.127507409 4.614990132e+012 5.328748729e+010 8443 
5.327464506 4.224276194e+012 5.107020162e+010 7692 
5.527421603 3.827970064e+012 4.852537528e+010 7005 
5.7273787 3.529428769e+012 4.658877941e+010 6464 
5.927335797 3.281110492e+012 4.512788801e+010 5947 
6.127292894 2.959931946e+012 4.272780801e+010 5413 
6.327249991 2.711382191e+012 4.091428271e+010 4936 
6.527207088 2.403192178e+012 3.855904279e+010 4372 
6.727164185 2.220511687e+012 3.709200545e+010 4020 
6.927121282 1.964934748e+012 3.495257992e+010 3558 
7.12707838 1.795472469e+012 3.330706631e+010 3261 
7.327035477 1.634784507e+012 3.181142378e+010 2974 
7.526992574 1.492967631e+012 3.05000108e+010 2698 
7.726949671 1.299815141e+012 2.840265848e+010 2364 
7.926906768 1.201113076e+012 2.745305803e+010 2145 
8.126863865 1.079412794e+012 2.580271865e+010 1970 
8.326820962 9.912091549e+011 2.47321314e+010 1816 
8.526778059 9.09880304e+011 2.36982879e+010 1660 
8.726735156 8.40729109e+011 2.29544889e+010 1510 
8.926692253 7.396315719e+011 2.139916043e+010 1348 
9.12664935 6.900602911e+011 2.074410812e+010 1241 
9.326606447 5.825248686e+011 1.895561638e+010 1066 
9.526563544 5.357367311e+011 1.808226569e+010 986 
9.726520641 5.025960376e+011 1.76193063e+010 917 
9.926477738 4.609699544e+011 1.692509252e+010 832 
10.12643484 4.114115257e+011 1.600358054e+010 741 
10.32639193 4.009158878e+011 1.564544608e+010 737 
10.52634903 3.515148917e+011 1.476726894e+010 637 
10.72630613 3.175982388e+011 1.398434709e+010 582 
10.92626322 2.974669285e+011 1.381949416e+010 520 
11.12622032 3.178760079e+011 1.410975841e+010 573 
11.32617742 2.515484641e+011 1.249702891e+010 454 
11.52613451 2.559905388e+011 1.269520586e+010 457 
11.72609161 2.238773556e+011 1.175083472e+010 409 
11.92604871 2.220276651e+011 1.180763156e+010 397 
12.12600581 1.773086028e+011 1.04203906e+010 329 
12.3259629 1.950755569e+011 1.115600905e+010 345 
12.52592 1.576874282e+011 9907966034 288 
12.7258771 1.50860815e+011 9701498683 273 
12.92583419 1.460773085e+011 9472842496 268 
13.12579129 1.476744557e+011 9650006691 264 
13.32574839 1.376383855e+011 9347683074 244 
13.52570548 1.103505304e+011 8379466532 194 
13.72566258 1.13669059e+011 8497692378 202 
13.92561968 1.028516482e+011 8093369490 181 
14.12557678 9.662925366e+010 7764534434 176 
14.32553387 8.645262483e+010 7419398430 153 
14.52549097 8.809154419e+010 7204080480 169 
14.72544807 7.590688864e+010 6945456986 134 
14.92540516 7.173333864e+010 6839112220 123 
15.12536226 6.795494221e+010 6515468979 121 
15.32531936 6.741667971e+010 6443024347 124 
15.52527646 7.076294768e+010 6724594634 124 
15.72523355 5.615472151e+010 5872891590 102 
15.92519065 5.610365493e+010 5965063109 98 
16.12514775 5.17359333e+010 5534404129 101 
16.32510484 3.153656218e+010 4320104000 61 
16.52506194 4.91672043e+010 5562900286 86 
16.72501904 3.581922036e+010 4582873582 70 
16.92497613 4.303234174e+010 5164660150 79 
17.12493323 3.878603341e+010 4826611304 73 
17.32489033 4.595596405e+010 5471769106 78 
17.52484743 3.634763824e+010 4842862327 63 
17.72480452 4.328648925e+010 5061364551 82 
17.92476162 3.114806514e+010 4357718166 58 
18.12471872 3.032224491e+010 4259961859 56 
18.32467581 2.825983102e+010 4133496306 54 
18.52463291 2.907765343e+010 4237775707 54 
18.72459001 3.655761283e+010 4794781350 67 
18.92454711 2.005209631e+010 3388799879 41 
19.1245042 2.552894877e+010 4028954114 45 
19.3244613 1.88028195e+010 3467479701 32 
19.5244184 2.331657549e+010 3660429754 46 
19.72437549 1.721896855e+010 3262886951 32 
19.92433259 2.021081314e+010 3420221099 40 
20.12428969 1.601476561e+010 3175746019 30 
