# Format: McCode with text headers
# URL: http://www.mccode.org
# Creator: McStas 2.1rc19 - Feb. 18, 2014
# Instrument: ESS_Brilliance_2014.instr
# Ncount: 10000000
# Trace: no
# Gravitation: no
# Seed: 1392828577
# Directory: TDR_bisp_mcnpxlike
# Param: frac=0.5
# Param: power=5
# Param: flat=0
# Param: srcdef=TDR
# Param: lambdamax=15
# Date: Wed Feb 19 17:49:43 2014 (1392828583)
# type: array_1d(196)
# Source: ESS_Brilliance_2014 (ESS_Brilliance_2014.instr)
# component: Brillmon
# position: 0 0 1
# title: Peak brilliance
# Ncount: 10000000
# filename: Peak_brill.dat
# statistics: X0=2.124; dX=1.7269;
# signal: Min=1.00323e+12; Max=1.4848e+15; Mean=1.61026e+14;
# values: 3.1561e+16 5.59359e+14 36871
# xvar: Peak
# yvar: (I,I_err)
# xlabel: Wavelength [AA]
# ylabel: Peak Brilliance
# xlimits: 0.2 15
# variables: Peak I I_err N
0.237755 8.13921e+14 7.8638e+13 192 
0.313265 5.89044e+14 5.73563e+13 206 
0.388776 4.69294e+14 4.51956e+13 185 
0.464286 3.64692e+14 3.53145e+13 181 
0.539796 3.17731e+14 2.96606e+13 185 
0.615306 3.52556e+14 2.91201e+13 180 
0.690816 5.0762e+14 4.52853e+13 206 
0.766327 7.48814e+14 7.87261e+13 199 
0.841837 1.05641e+15 1.1555e+14 195 
0.917347 1.29046e+15 1.45549e+14 193 
0.992857 1.24408e+15 1.52013e+14 177 
1.06837 1.4848e+15 1.72611e+14 164 
1.14388 1.38198e+15 1.63214e+14 200 
1.21939 1.29774e+15 1.54406e+14 206 
1.2949 1.16203e+15 1.38506e+14 187 
1.37041 1.08539e+15 1.31277e+14 178 
1.44592 1.03341e+15 1.18924e+14 174 
1.52143 8.83609e+14 1.04366e+14 193 
1.59694 9.27647e+14 1.93259e+14 431 
1.67245 6.83158e+14 7.97653e+13 188 
1.74796 6.17501e+14 7.05378e+13 193 
1.82347 5.36012e+14 6.00075e+13 200 
1.89898 5.18662e+14 5.51841e+13 193 
1.97449 4.39013e+14 4.5691e+13 187 
2.05 4.19629e+14 8.07914e+13 388 
2.12551 4.01786e+14 3.83546e+13 171 
2.20102 3.85973e+14 3.55085e+13 193 
2.27653 3.80355e+14 3.26931e+13 206 
2.35204 4.21372e+14 3.51873e+13 196 
2.42755 4.21548e+14 3.58694e+13 218 
2.50306 3.99576e+14 3.77141e+13 188 
2.57857 3.83992e+14 3.49823e+13 217 
2.65408 3.55701e+14 3.51643e+13 186 
2.72959 3.66969e+14 3.51357e+13 190 
2.8051 3.39661e+14 3.47507e+13 170 
2.88061 3.30483e+14 3.31047e+13 188 
2.95612 3.30724e+14 3.36234e+13 191 
3.03163 3.08958e+14 3.16415e+13 198 
3.10714 2.78357e+14 3.00878e+13 180 
3.18265 2.78386e+14 2.95342e+13 184 
3.25816 2.6573e+14 2.79979e+13 201 
3.33367 2.64313e+14 2.79671e+13 186 
3.40918 2.2424e+14 2.54675e+13 179 
3.48469 2.32365e+14 2.54164e+13 185 
3.5602 2.15028e+14 2.3757e+13 189 
3.63571 2.1197e+14 2.37072e+13 182 
3.71122 2.06882e+14 2.2611e+13 197 
3.78673 1.84567e+14 2.09702e+13 195 
3.86224 1.81618e+14 2.05368e+13 213 
3.93776 1.75393e+14 2.01024e+13 185 
4.01327 1.79001e+14 1.97712e+13 192 
4.08878 1.61354e+14 1.85184e+13 191 
4.16429 1.49465e+14 1.7405e+13 177 
4.2398 1.45819e+14 1.67579e+13 205 
4.31531 1.39505e+14 1.62311e+13 174 
4.39082 1.31784e+14 1.54169e+13 172 
4.46633 1.21203e+14 1.44222e+13 177 
4.54184 1.23025e+14 1.3959e+13 214 
4.61735 1.06245e+14 1.30148e+13 171 
4.69286 1.07354e+14 1.27549e+13 190 
4.76837 1.13727e+14 1.28118e+13 187 
4.84388 9.7501e+13 1.15866e+13 195 
4.91939 9.94333e+13 1.1564e+13 178 
4.9949 9.00481e+13 1.06887e+13 184 
5.07041 8.95125e+13 1.04047e+13 189 
5.14592 8.7882e+13 1.00877e+13 197 
5.22143 7.38602e+13 9.07606e+12 180 
5.29694 7.33783e+13 8.81922e+12 184 
5.37245 6.67106e+13 8.08671e+12 183 
5.44796 6.87276e+13 8.23949e+12 175 
5.52347 6.50236e+13 7.81755e+12 179 
5.59898 6.28992e+13 7.51501e+12 191 
5.67449 5.81016e+13 7.00261e+12 198 
5.75 5.6327e+13 6.79588e+12 190 
5.82551 5.62556e+13 6.67743e+12 174 
5.90102 5.00185e+13 6.17104e+12 173 
5.97653 4.91797e+13 5.88507e+12 193 
6.05204 4.64863e+13 5.62529e+12 173 
6.12755 4.19744e+13 5.2491e+12 182 
6.20306 4.21458e+13 5.15567e+12 182 
6.27857 3.85631e+13 4.85644e+12 172 
6.35408 3.79206e+13 4.69621e+12 190 
6.42959 3.63839e+13 4.52234e+12 170 
6.5051 3.5682e+13 4.36902e+12 173 
6.58061 3.32147e+13 4.09894e+12 188 
6.65612 3.30528e+13 4.01564e+12 195 
6.73163 3.22076e+13 3.91351e+12 187 
6.80714 2.96341e+13 3.66319e+12 183 
6.88265 2.66523e+13 3.38266e+12 171 
6.95816 2.69876e+13 3.37218e+12 172 
7.03367 2.6086e+13 3.24005e+12 201 
7.10918 2.4849e+13 3.10097e+12 184 
7.18469 2.27629e+13 2.89967e+12 202 
7.2602 2.17842e+13 2.75405e+12 190 
7.33571 2.20354e+13 2.74905e+12 186 
7.41122 2.1141e+13 2.567e+12 198 
7.48673 2.04508e+13 2.55368e+12 179 
7.56224 1.96354e+13 2.43616e+12 187 
7.63776 1.97407e+13 2.41122e+12 176 
7.71327 1.77202e+13 2.23283e+12 196 
7.78878 1.63701e+13 2.10889e+12 175 
7.86429 1.57483e+13 1.99083e+12 191 
7.9398 1.57272e+13 1.98894e+12 193 
8.01531 1.48778e+13 1.90151e+12 177 
8.09082 1.43312e+13 1.83038e+12 182 
8.16633 1.36043e+13 1.74679e+12 194 
8.24184 1.34693e+13 1.70533e+12 182 
8.31735 1.28928e+13 1.63216e+12 167 
8.39286 1.29577e+13 1.62001e+12 177 
8.46837 1.23069e+13 1.54536e+12 177 
8.54388 1.19556e+13 1.50491e+12 178 
8.61939 1.0896e+13 1.40355e+12 206 
8.6949 1.18932e+13 1.44538e+12 189 
8.77041 1.0736e+13 1.34573e+12 191 
8.84592 1.02327e+13 1.2889e+12 194 
8.92143 9.47262e+12 1.22756e+12 163 
8.99694 1.00535e+13 1.23401e+12 181 
9.07245 8.90215e+12 1.14557e+12 187 
9.14796 8.5348e+12 1.09743e+12 182 
9.22347 8.23772e+12 1.0683e+12 172 
9.29898 8.61545e+12 1.06986e+12 187 
9.37449 8.08713e+12 1.01312e+12 185 
9.45 7.4549e+12 9.63374e+11 182 
9.52551 7.45836e+12 9.47755e+11 187 
9.60102 8.03662e+12 9.67926e+11 202 
9.67653 7.03108e+12 8.95268e+11 165 
9.75204 6.63144e+12 8.54071e+11 183 
9.82755 6.3716e+12 8.23122e+11 175 
9.90306 6.73638e+12 8.34021e+11 172 
9.97857 5.82892e+12 7.59559e+11 191 
10.0541 5.41546e+12 7.19447e+11 184 
10.1296 5.57974e+12 7.18967e+11 201 
10.2051 5.36126e+12 6.93156e+11 184 
10.2806 5.35751e+12 6.82702e+11 175 
10.3561 5.0241e+12 6.51781e+11 181 
10.4316 4.77323e+12 6.25301e+11 186 
10.5071 4.73805e+12 6.136e+11 192 
10.5827 4.39704e+12 5.85552e+11 166 
10.6582 4.82945e+12 5.90525e+11 204 
10.7337 4.34299e+12 5.58235e+11 172 
10.8092 4.31449e+12 5.5263e+11 176 
10.8847 4.01351e+12 5.23891e+11 195 
10.9602 4.15061e+12 5.26127e+11 186 
11.0357 3.70012e+12 4.88907e+11 193 
11.1112 3.63992e+12 4.78782e+11 179 
11.1867 3.69148e+12 4.50809e+11 199 
11.2622 3.70265e+12 4.66944e+11 206 
11.3378 3.54034e+12 4.50576e+11 202 
11.4133 3.4326e+12 4.37148e+11 180 
11.4888 3.19476e+12 4.18508e+11 166 
11.5643 3.35737e+12 4.20477e+11 179 
11.6398 3.08648e+12 3.97975e+11 172 
11.7153 3.20492e+12 4.00576e+11 185 
11.7908 2.97082e+12 3.79363e+11 167 
11.8663 2.87472e+12 3.6914e+11 193 
11.9418 2.85835e+12 3.52401e+11 191 
12.0173 2.56674e+12 3.38605e+11 179 
12.0929 2.64833e+12 3.3935e+11 175 
12.1684 2.46223e+12 3.22254e+11 175 
12.2439 2.40752e+12 3.15756e+11 164 
12.3194 2.4955e+12 3.13529e+11 202 
12.3949 2.32323e+12 3.02293e+11 181 
12.4704 2.53304e+12 3.11446e+11 168 
12.5459 2.44367e+12 3.00894e+11 182 
12.6214 2.34881e+12 2.9106e+11 195 
12.6969 2.1648e+12 2.75843e+11 189 
12.7724 1.96834e+12 2.39329e+11 188 
12.848 1.94814e+12 2.5513e+11 184 
12.9235 1.93533e+12 2.50697e+11 175 
12.999 1.83218e+12 2.40739e+11 192 
13.0745 1.96878e+12 2.46857e+11 198 
13.15 1.72974e+12 2.23875e+11 187 
13.2255 1.74149e+12 2.24337e+11 201 
13.301 1.7104e+12 2.21404e+11 183 
13.3765 1.77336e+12 2.22819e+11 176 
13.452 1.63049e+12 2.09781e+11 202 
13.5276 1.57438e+12 2.02219e+11 179 
13.6031 1.46276e+12 1.946e+11 177 
13.6786 1.63766e+12 2.03841e+11 197 
13.7541 1.41947e+12 1.87319e+11 189 
13.8296 1.72316e+12 2.04917e+11 187 
13.9051 1.41633e+12 1.81899e+11 182 
13.9806 1.38535e+12 1.78469e+11 172 
14.0561 1.3259e+12 1.72866e+11 169 
14.1316 1.20864e+12 1.62869e+11 169 
14.2071 1.20047e+12 1.60313e+11 180 
14.2827 1.35718e+12 1.68775e+11 165 
14.3582 1.29528e+12 1.62836e+11 179 
14.4337 1.18212e+12 1.52577e+11 181 
14.5092 1.15352e+12 1.49686e+11 188 
14.5847 1.09503e+12 1.44192e+11 184 
14.6602 1.17898e+12 1.48225e+11 205 
14.7357 1.03422e+12 1.3706e+11 172 
14.8112 1.00323e+12 1.31201e+11 193 
14.8867 1.05598e+12 1.34893e+11 184 
14.9622 1.04281e+12 1.3222e+11 203 
