# Format: McCode with text headers
# URL: http://www.mccode.org
# Creator: McStas 3.0-dev - Oct. 05, 2021
# Instrument: PSI_DMC.instr
# Ncount: 20000
# Trace: no
# Gravitation: no
# Seed: 1000
# Directory: 1e4
# Param: lambda=2.566
# Param: R=0.87
# Param: R_curve=0.87
# Param: filename=Na2Ca3Al2F14.laz
# Param: D_PHI=6
# Param: SHIFT=0
# Param: PACK=0.7
# Param: Dw=0.8
# Param: BARNS=1
# Date: Tue Oct  5 15:35:53 2021 (1633440953)
# type: array_2d(80, 80)
# Source: PSI_DMC (PSI_DMC.instr)
# component: PSD_sample
# position: 1.95808 0 51.0371
# title: PSD monitor
# Ncount: 20000
# filename: PSD_sample.dat
# statistics: X0=-0.0288298; dX=1.18921; Y0=0.218568; dY=1.50803;
# signal: Min=0; Max=105362; Mean=2375.1;
# values: 1.52006e+07 465891 4381
# xvar: X 
# yvar: Y 
# xlabel: X position [cm]
# ylabel: Y position [cm]
# zvar: I
# zlabel: Signal per bin
# xylimits: -5 5 -7 7
# variables: I I_err N
# Data [PSD_sample/PSD_sample.dat] I:
0 0 0 0 0 0 0 0 0 0 0 0 0 0 0 0 0 0 0 0 0 0 0 0 0 0 0 0 0 0 0 0 3.09865447e-34 0 0 0 0 0 0 0 0 0 0 0 0 0 0 0 0 0 0 0 0 0 0 0 0 0 0 0 0 0 0 0 0 0 0 0 0 0 0 0 0 0 0 0 0 0 0 0 
0 0 0 0 0 0 0 0 0 0 0 0 0 0 0 0 0 0 0 0 0 0 0 0 0 7.107060213e-09 0 0 0 0 0 0 0 0 0 0 0 0 0 0 0 0 0 0 0 0 0 0 0 0 0 0 0 0 0 0 0 0 0 0 0 0 0 0 0 0 0 0 0 0 0 0 0 0 0 0 0 0 0 0 
0 0 0 0 0 0 0 0 0 0 0 0 0 0 0 0 0 0 0 0 0 0 0 0 0 0 0 0 0 2.462459266e-39 0 0 0 0 0 0 0 0 0 0 0 0 0 0 0 0 0 0 0 0 0 0 0 0 0 0 0 0 0 0 0 0 0 0 0 0 0 0 0 0 0 0 0 0 0 0 0 0 0 0 
0 0 0 0 0 0 0 0 0 0 0 0 0 0 0 0 0 0 0 0 0 0 0 0 0 0 0 0 0 2.462459266e-39 0 0 0 0 0 0 2.997521451e-24 0 0 0 0 0 0 0 0 0 0 0 0 0 0 0 0 0 0 0 0 0 0 0 0 0 0 0 0 0 6.065395815e-60 0 0 0 0 0 0 0 0 0 0 0 0 0 
0 0 0 0 0 0 0 0 0 0 0 0 0 0 0 0 0 0 0 0 0 0 0 0 0 0 4.809610261e-69 0 0 2.462459266e-39 0 0 1.143867742e-60 0 0 0 0 0 0 0 0 0 0 0 0 0 0 0 0 0 0 0 0 0 0 0 0 0 0 0 0 0 9.536850178e-17 0 0 0 0 0 0 0 0 0 0 0 0 0 0 0 0 0 
0 0 0 0 0 0 0 0 0 0 2.418572164e-83 0 0 0 0 0 0 0 0 0 0 0 0 1.868010433e-38 0 0 0 0 0 2.462459266e-39 0 0 0 0 0 0 0 0 0 0 0 0 0 0 0 0 0 0 0 0 0 0 0 0 0 0 0 0 0 0 0 0 0 0 0 2.357300805e-44 0 0 0 0 0 0 0 0 0 0 0 0 0 0 
0 0 0 0 0 0 0 0 0 0 0 0 0 0 0 0 0 0 0 0 0 0 0 0 0 0 0 0 3.558610951e-26 0 0 0 0 5.033622285e-06 0 0 0 0 0 0 0 0 0 0 0 0 0 0 0 0 0 0 0 0 0 3.463262746e-33 0 0 0 0 1.838519498e-175 0 0 0 0 0 0 0 0 0 0 0 0 0 0 0 0 0 0 0 
0 0 0 0 0 0 0 0 0 0 0 0 0 0 0 0 0 0 0 0 0 0 2.622328216e-47 0 0 0 0 0 0 2.462459266e-39 0 0 0 0 0 0 0 0 0 0 0 0 0 0 0 0 0 0 0 0 0 1.878914428e-127 0 0 4.437002643e-11 0 0 0 0 0 0 0 0 0 0 0 0 0 0 0 0 0 0 0 0 0 0 0 0 0 
0 0 0 0 0 0 0 0 0 0 0 4.435181732e-15 0 0 0 0 0 0 0 0 0 0 0 0 0 0 0 0 3.558610951e-26 0 0 0 3.09865447e-34 0 0 0 0 0 4.448679573e-16 0 0 0 0 0 0 0 0 0 0 0 0 0 0 1.18370356e-07 4.437002643e-11 6.926525491e-33 0 0 0 0 3.677038996e-175 0 0 0 0 4.714601611e-44 0 0 0 0 0 0 0 0 0 0 0 0 0 0 
0 0 0 0 0 0 0 0 0 0 0 0 0 0 0 0 0 0 0 0 0 0 0 1.868010433e-38 0 0 0 0 0 2.462459266e-39 0 0 5.249991114e-08 0 0 0 0 0 7.403344524e-34 4.631071387e-05 0 2.594053776e-142 0 0 0 0 0 0 0 0 0 3.903026251e-21 2.617235688e-27 1.9523388e-33 0 0 0 0 7.901208422e-07 0 0 0 9.536850178e-17 0 1.196076846e-46 4.714601611e-44 0 0 0 0 0 0 0 0 0 0 0 0 0 0 
0 0 0 0 0 0 0 0 0 0 0 4.435181732e-15 0 0 0 0 0 0 0 0 0 0 1.430931787e-11 3.736020865e-38 0 0 2.878500332e-55 0 3.558610951e-26 2.296268396e-25 0 0 1.143867742e-60 1.510086685e-05 0 7.901898581e-28 0 0.002300654175 7.403344524e-34 2.522924733e-24 0 2.353463116e-45 0 0 0 5.60822399e-18 0 7.158927537e-10 2.191643988e-39 3.2523163e-05 0 3.903026251e-21 2.617235688e-27 1.18370356e-07 0 3.645662743e-33 0 0 7.901208422e-07 0 3.677038996e-175 0 9.536850178e-17 8.751760851e-38 0 2.357300805e-44 0 0 0 0 0 0 0 0 0 0 0 0 0 0 
0 0 0 0 0 0 0 0 0 0 4.837144328e-83 0 0 0 0 0 0 1.345702381e-16 0 0 0 0 1.430931787e-11 0 0 0 0 4.644393176e-19 0 2.014013319e-08 0 0 3.09865447e-34 0 0 0 0 4.448679573e-16 7.403344524e-34 0 0 2.353463116e-45 0 0 1.847576461e-23 0 0 0 0 0 9.860610333e-23 7.806052502e-21 5.234471375e-27 0 0 9.119999883e-35 0 0 0 0 0 0 0 8.751760851e-38 0 2.357300805e-44 0 1.213079163e-59 0 0 0 0 0 0 5.209393082e-115 0 0 0 0 0 
0 0 0 0 0 0 0 0 0 0 2.418572164e-83 0 0 0 0 0 0 1.345702381e-16 0 0 9.355601561 0 0 3.736020865e-38 0 0 4.809610261e-69 0 0 0 0 0 3.09865447e-34 0 0 0 5.967533883e-30 0 0.0007829661352 0 7.782161328e-142 0 0 0 3.695152922e-23 5.60822399e-18 0 0.0004881918681 4.383287977e-39 0 0 7.806052502e-21 2.617235688e-27 1.9523388e-33 4.437002643e-11 0 1.099057278e-24 0 7.901208422e-07 0 0 0 0 0 0 4.714601611e-44 0 6.065395815e-60 0 0 0 0 0 0 0 0 0 0 0 0 
0 0 0 0 0 0 0 0 0 0 0 0 0 0 0 0 0 0 2.544160391e-14 0 1.691280699e-38 0 1.430931787e-11 1.868010433e-38 0 7.107060213e-09 0 14942.8708 3.558610951e-26 2.347400771e-22 0 0 5.249991114e-08 5.033622285e-06 0 6.183900012e-24 2.983766942e-30 4.448679573e-16 0 0 0 2.353463116e-45 0 0 8.800338175e-14 0 0 0.0004881918681 0 0 0 0 2.617235688e-27 1.18370356e-07 0 0 0 0 0 0 3.677038996e-175 0 0 0 0 2.357300805e-44 0 1.213079163e-59 0 0 0 0 0 0 0 0 0 0 0 0 
0 0 0 0 0 0 0 0 0 0 7.255716492e-83 0 0 0 0 0 0 0 2.544160391e-14 0 0 0 1.430931787e-11 1.728250692e-76 0 7.107060213e-09 9.619220522e-69 0 0.2680560197 4.694801543e-22 0 0 1.288745194e-24 0 0 7.901898581e-28 2.983766942e-30 1.334603875e-15 0.0007829661352 2.522924733e-24 0 0 0 0 0 5.60822399e-18 0 0.0004881922295 4.383287977e-39 156.8674686 0 3.903026251e-21 0 0 8.874005285e-11 5.691684945 3.463262746e-33 0 7.901208422e-07 0 0 0 0 0 0 0 0 1.213079163e-59 7.101952223e-15 0 0 0 0 0 0 0 0 0 0 0 
0 0 0 0 0 0 0 0 0 0 4.435181732e-15 0 0 0 2.482558823e-105 0 0 1.345702381e-16 0 0 18.71120312 0 5.137446129e-121 0 0 0 4.644393177e-19 0 0 2.462459266e-39 0 0 1.574997334e-07 2.027710808e-23 0 7.901898581e-28 2.983766942e-30 0.001150327087 1.480668905e-33 0 2.594053776e-142 0 1120.651954 2.007749332e-26 6.146710925e-06 5.60822399e-18 0 0.0009763840976 0 156.8674361 0 3.903026251e-21 2.617235688e-27 1.18370356e-07 8.874005285e-11 9.119999883e-35 6.926525491e-33 0 0 0 0 0 9.536850178e-17 8.751760851e-38 0 0 0 6.065395815e-60 0 0 0 0 0 0 5.209393082e-115 0 0 0 0 0 
0 0 0 0 0 0 0 0 0 0 2.418572164e-83 0 0 0 1.241279412e-105 0 0 1.345702381e-16 2.544160391e-14 0 9.355601561 0 0 0 0 0 9.288786353e-19 0 0 0 0 0 9.295963409e-34 5.033622285e-06 6.03069119e-07 0 0 0.001150465319 0.0007829661352 2.522924733e-24 2.594053776e-142 0 0 0 1.847576461e-23 1.121644798e-17 3.554315076e-19 1010.86216 2.191643988e-39 0 0 1.878914428e-127 0 1.18370356e-07 4.437002643e-11 5.691684945 3.463262746e-33 0 7.901208422e-07 3.677038996e-175 0 0 1.907370036e-16 0 0 0 0 0 7.101952224e-15 0 0 0 0 0 5.209393082e-115 0 0 0 0 0 
0 0 0 0 0 0 0 0 0 0 2.418572164e-83 0 0 0 7.469608897e-26 2.139811999e-06 0 4.037107144e-16 5.088320783e-14 0 0 0 1.430931787e-11 5.604031298e-38 0 1.421412043e-08 4.644393177e-19 0 0.1340280098 2.34969704e-22 0 0 3.09865447e-34 0 0 0.0002906928819 0 5.995042903e-24 0.0007829661352 4.631071387e-05 0 2.353463116e-45 0.01054560809 0 6.146710925e-06 5.60822399e-18 11674.40844 8.9660464e-10 2.053294457e-18 156.8674361 9.860610333e-23 3.757828856e-127 0 1.9523388e-33 0 9.119999883e-35 3.463262746e-33 0 0.0002423082092 0 0 0 1.907370036e-16 0 1.196076846e-46 0 0 0 0 0 0 0 0 0 0 0 0 0 0 0 
0 0 0 0 0 0 0 0 0 0 4.435181732e-15 0 0 0 1.241279412e-105 0 0 0 5.088320783e-14 0 0 0 4.29279536e-11 0 0 7.107060213e-09 4.644393177e-19 0 0.1340280098 2.347400771e-22 3.880760206e-47 0 5.249991114e-08 0 0 0.0005813857639 0 0.001150327087 0 2.522924734e-24 0 2.353463116e-45 1120.657227 0 6.146710925e-06 5.60822399e-18 641.7572287 0 2.191643988e-39 0 0 0 2.617235688e-27 1.18370356e-07 0 9.119999883e-35 4.703331024e-171 0 0.5023062604 0 0 0 0 0 0 0 0 0 4.495897846e-25 0 0 0 0 0 0 0 0 0 0 0 
0 0 0 0 0 0 0 0 0 0 4.435181732e-15 0 0.005065024079 0 0 0 0 0 0 0 0 0 5.244656432e-47 0 0 7.107060213e-09 2.878500332e-55 0 0 4.028026638e-08 8237.601412 0 5.249991114e-08 2.027710808e-23 0 2.454852445e-07 2.983766942e-30 4.448831934e-16 0 2077.598155 0 2.353463116e-45 0 2.007749332e-26 1.229342185e-05 0 641.7572287 2021.724807 2.191643988e-39 3.2523163e-05 4.100238458e-21 24296.24682 2.617235688e-27 1.9523388e-33 4.437002643e-11 9.119999883e-35 1.099057275e-24 0 0.2513962285 0 0 0 9.536850178e-17 0 0.001887785129 0 0 6.065395815e-60 0 0 0 0 0 0 1.041878616e-114 0 0 0 0 0 
0 0 0 0 0 0 0 0 0 0 8.870363465e-15 0 0.005065024079 0 1.241279412e-105 0 0 1.345702381e-16 0 0 6.751722607e-24 0 2.622328216e-47 10517.16933 0 0 4.644393176e-19 0 7.117221902e-26 6.767591431e-20 3.880760206e-47 0 1.288745194e-24 1.006724457e-05 7.384789877e-05 0 2.983766942e-30 0.003450981262 1063.531409 2077.598155 0 4.706926232e-45 1120.673045 0 6.146710925e-06 5.60822399e-18 1283.514457 3032.586479 2.191643988e-39 0 1.972122067e-22 0 15968.75934 0 0 1.047418101e-79 11.38336989 0 0.5023062604 2.627724086e-22 0 0 9.536850178e-17 1.75035217e-37 0.001205049126 0 0 5.266847341e-25 7.101952223e-15 0 0 0 0 0 0 0 0 0 0 0 
0 0 0 0 0 0 0 0 0 0 4.435181732e-15 0 0 0 0 2.139811999e-06 0 0 2.544160391e-14 0 3.375861304e-24 0 0 0 0 0 4.644393176e-19 14942.8708 0.2680560197 1.348814299e-19 3.880760206e-47 0 49321.89979 1.565342643e-94 1.206138238e-06 6.183900012e-24 2.983766942e-30 17093.74494 0 2077.598201 0 2.353463116e-45 216.2482823 2.007749332e-26 8.216731847e-07 5.60822399e-18 1.777157538e-19 0.5961581036 7.158927558e-10 156.8674361 1.972122067e-22 0 0 1.18370356e-07 4.437002643e-11 3.142254304e-79 8352.817346 0 7.901208422e-07 1.051089635e-21 0 0 0 0 1.196076846e-46 0 0 2.63342367e-25 0 0 0 0 0 0 0 0 0 0 0 0 
0 0 0 0 0 0 0 0 0 0 0 0 0 0 1.241279412e-105 2.139811999e-06 0 0 0 0 18.94632312 0 2.622328216e-47 1.728250692e-76 0 0 5.963393522e-06 14942.8708 0.1340280098 2.354289577e-22 8237.601729 16728.94465 0 1.565342643e-94 7.324482965e-05 1.236859021e-23 0 0.002300792407 25389.57526 20203.41619 0.002790009904 0 0 2.007749332e-26 8.216731847e-07 0 1.777157538e-19 0 7.158927537e-10 240.2971797 0 24296.24682 0 1.18370356e-07 0 9.119999883e-35 1.410999307e-170 0 0.0002438884509 0 0 0 0 8.751760851e-38 0.002410098252 0 0 0 8.991795691e-25 0 0 0 0 0 1.041878616e-114 0 0 0 0 0 
0 0 0 0 0 0 0 0 0 0 7.153467551e-69 0 0.01013004816 0 0 0 0 0 0 3.382561399e-38 4.998831118e-07 0 1.430931787e-11 0 4.893817099e-08 7.107060213e-09 2.981696761e-06 0 0.1340280098 4.028026638e-08 0.0001584498214 0 1.288745194e-24 5.033622285e-06 6.03069119e-07 7.901898581e-28 0 5318.192197 0.0007829661352 4.631071387e-05 0 0.8732614374 1120.657227 2.007749332e-26 8.216731847e-07 229.2151864 5.627077874e-38 1.807118862e-10 0 397.1646808 3.410004443e-35 1.878914428e-127 2.617235688e-27 1.18370356e-07 0.1856606174 0 8352.817346 0.01147210086 0.2513954384 2.627724086e-22 0 4.55802742e-67 0 8.751760851e-38 0.004820196505 0 0 0 7.101952223e-15 0 0 0 0 0 5.209393082e-115 0 0 0 0 0 
0 0 0 0 0 0 0 0 0 0 4.435181732e-15 0 0 0.04188753705 1.241279412e-105 2.139811999e-06 0 0 0 1.691280699e-38 9.355601561 0 5.137446129e-121 0 0 7.107060213e-09 2.981696761e-06 0 0 1.351163997e-19 0 16728.94465 17086.51687 4.055421617e-23 7.384789877e-05 0.0005813857639 0 1.445012793e-17 9.015282545e-37 2077.598938 0.002790009904 0.8732614374 0 0 8.216732727e-07 0 23990.5741 14145.67165 2.147678261e-09 554.0321169 0 0 0 2.966941225e-08 0.1856606174 0 5.691684945 9789.731958 0.0002423082092 2.627724086e-22 0 0 0.0002475635873 8.751760851e-38 1.196076846e-46 0 0 0 4.495897846e-25 0 0 0 0 0 0 4.93887361e-143 0 0 0 0 
0 0 0 0 0 0 0 0 0 0 0 0 0 0 0 1.007641592 0 0 1.345702381e-16 0 4.998831118e-07 0 0 3.456501383e-76 0 0 2.981696761e-06 14942.8708 0 14054.14508 66.09637166 0 2.577490387e-24 5.033622285e-06 33683.30525 0.0002906928819 16922.7264 34187.48988 24857.16581 18746.40462 2.974665934e-57 2.353463116e-45 2673.800473 8.030997328e-26 8.800338173e-14 229.2151864 11674.40844 1.192316207 11376.29583 156.8675011 0 12148.12341 0 0 0.09283030868 3.142254304e-79 5.691684945 9789.732201 0 2.627724086e-22 0 0 0 0 0.001887785129 0 0 5.266847341e-25 0 0 0 0 0 0 0 4.93887361e-143 0 0 0 0 
0 0 0 0 0 0 0 0 0 0 0 0 0 0 7.469608897e-26 2.139811999e-06 0 0 1.345702381e-16 0 9.355601561 0 2.622328216e-47 3.456501383e-76 4.893817099e-08 0 2.981696761e-06 14942.8708 0 2.34969704e-22 8237.601412 16728.94465 1.288745194e-24 0 32923.70513 2.454852445e-07 0 22411.93714 0 16668.80646 2077.603735 0 1336.900237 2.007749332e-26 1.760067635e-13 0 29183.34328 1.807118862e-10 2021.724319 15391.70991 9.860610333e-23 12086.26187 0 0 0.1856606174 0 5.691684945 0 0.2511531302 0 0 0 1.75035217e-37 0 0 0.001205049126 0 0 1.420390445e-14 0 0 0 0 0 5.209393082e-115 4.93887361e-143 0 0 0 0 
0 0 0 0 0 0 0 0 0 0 57.61160581 0 0 0.04188753705 1.007639452 1.007641592 0 0 2.544160391e-14 0 4.998831118e-07 0 5.137446129e-121 0 0 0 0 60792.96217 0 0 8237.601412 0 17086.51687 0 3.943766532e-09 2.454852445e-07 0 5318.192197 24857.13706 4.631071387e-05 9.915553115e-58 0.8732614374 1120.657227 17253.0956 6.968384285e-06 0 12957.92289 14146.26781 11843.06265 0 0 24296.24682 0 1.2826016e-07 0.09283030868 0 5.691684945 0.01147210086 0 1.838519498e-175 0 0 0 0 0.001887785129 0 0 2.63342367e-25 8.991795691e-25 0 0 0 0 0 5.209393082e-115 4.93887361e-143 0 0 0 0 
0 0 0 0 0 0 0 0 0 0 115.2232116 0 0.005065024079 0.04188753705 1.007639452 0 0 0 2.544160391e-14 1.691280699e-38 17036.80908 0 0 10517.16933 0 337.6590429 4.604906935e-30 14942.8708 0 4.028026638e-08 66.09621321 16728.94465 15148.86606 0 7.542784592e-05 6.183900012e-24 1.522713901e-20 5318.192197 23793.60565 686.3168462 2077.598155 0.8732748065 216.2482823 0 1.311509512e-05 0 16867.17762 14145.67214 0 30746.7009 0 0 35135.96369 9.889804082e-09 0.09283030868 1.823999977e-34 10002.71272 0.01147210086 0 2.627724086e-22 0 4.55802742e-67 0.0002475635873 0 1.196076846e-46 0.001205049126 0 5.266847341e-25 0 0 0 0 0 0 0 4.93887361e-143 0 0 0 0 
0 0 0 0 0 0 0 0 0 0 0 2.316893948e-25 0.01519507224 0 0 2.139811999e-06 0 0 0 0 10639.91408 0 9308.152757 0 4.893817099e-08 0 16246.74028 3.754334038e-07 0.2680560197 2.014013319e-08 25606.95751 33457.8893 15148.86606 0 16461.85253 0.0005813857639 17093.74494 2659.157427 24857.19457 15361.90294 0.002790020793 0.8732614374 1120.657227 0 8.216731847e-07 23348.81687 641.7572287 14145.67214 4.106588913e-18 25671.43375 3.903026251e-21 12086.26187 6101.474859 9.889804082e-09 11541.43143 2.419916788 8358.509031 19579.47539 0.2511531302 0 0 0 7.816929021e-20 0 0 0.001205049126 0 0 1.420390445e-14 0 0 0 0 0 0 0 0 0 0 0 
0 0 0 0 0 0 0 0 0 1.679253029e-131 1.43069351e-68 0 0 0.04188753705 0 2.139811999e-06 0 0 0 1.691280699e-38 6415.606201 0 5.137446129e-121 0 0 0 13859.97314 3.754334038e-07 0 56216.5803 132.192268 16728.94465 17086.51687 47367.63686 17221.45257 0.0005816312491 16922.7264 1.382319143e-07 17171.61879 0 0.002790020793 0 216.2482823 0 8.216732727e-07 229.2151864 50089.58783 0.0004881918681 4.106588913e-18 40906.27619 3.410004443e-35 0 0 9.889804082e-09 0 0 10002.71272 9789.732443 0 0 0 0 0 0 0.001887785129 0 0 0 0 0 0 0 0 0 3.614605759e-97 4.93887361e-143 0 0 0 0 
0 0 0 0 0 0 1.096760334e-96 0 0 0 57.61160581 2.316893948e-25 0 0.04188753705 1.007639452 0 0 0 0 4799.301887 12812.5012 0 1.430931787e-11 10517.16933 177.9564473 0 13876.42019 3.754334038e-07 4.711508618e-42 3.894389803e-06 25606.95767 16728.94465 47384.24898 3.130685285e-94 32923.70513 4.909704889e-07 3.01753501e-07 19087.85889 15088.06798 16668.80568 2077.598155 1.746536244 16496.28852 0 8.216731847e-07 229.2151864 33864.16744 28292.53611 10832.20049 0 9.860610333e-23 12148.12341 25268.67921 1.977960816e-08 11541.43143 0 27646.57813 0 3.156070157 2.627724086e-22 1.367408226e-66 0 1.563385804e-19 0 0.001887785129 0 0 5.266847341e-25 4.495897846e-25 0 0 0 0 0 0 0 3.975935642e-112 0 0 0 
0 0 0 0 0 0 0 0 0 0 0 4.633787896e-25 0 0.04188753705 1.007639452 0 0 2.284635472e-43 0 0 6406.2506 3.890409303e-15 27924.45827 0 0 0 13864.36121 31928.69952 0 6.744071497e-20 0 16728.94465 47384.24898 0 14617.40986 4.909704889e-07 68032.94268 32890.52974 0.05750239363 32030.70866 1.973057791e-33 0 432.4965647 0 6.146710925e-06 28407.45979 0 4.713846132e-09 10832.20049 23141.07626 0 0 12202.94972 3.098537718e-26 11541.43143 2.419916788 10008.40441 9789.754903 11744.72555 0 0 0 0.0002475635873 0 0.003775570259 0 0 0 7.101952223e-15 0 0 0 0 0 0 0 0 0 0 0 
0 0 0 0 0 0 0 0 4.353803925e-72 0 7.153467551e-69 0 0 0.08377507409 1.007639452 5.0348978e-37 0 0 0 0 10630.7936 3.890409303e-15 9770.262829 10517.16933 177.9564474 337.6590429 0 30907.22056 0 14054.14508 22623.14744 0 17086.51687 0 62180.84736 2.454852445e-07 85361.65166 0.0613276364 63310.85369 47392.61155 0.002790020793 0 1120.651954 17253.0956 8.216731847e-07 11903.62362 16867.17762 0 10832.20049 59106.78604 0 69883.38225 35135.96369 3.098537718e-26 0.09283030868 0 26708.34742 9789.731958 0 6452.123184 4.55802742e-67 0 7.816929021e-20 0 0 0 0 0 7.101952223e-15 0 0 0 0 0 0 0 3.975935642e-112 0 0 0 
0 0 0 0 0 0 0 0 0 1.679253029e-131 57.61160581 0 0.005065024079 0 1.007639452 2.139811999e-06 0 0 0 0 17036.80908 3.890409303e-15 0 0 482.9380517 337.6590429 3.526961415e-102 32.89411197 4.711508618e-42 42162.43523 25673.05373 0 0.1226561281 16375.1135 50145.15763 0 0 0.0613276364 0 15361.90294 0.002790009904 0 48983.66289 0 8.800338173e-14 229.2151864 33734.35523 7.070769198e-09 1.192316207 0 0 9390.211373 27480.04915 9.889804082e-09 11541.43143 0 8352.817346 9789.743431 11742.07179 0 4.55802742e-67 0 0.006674306603 0 0 0 0 0 0 0 0 0 0 0 0 4.93887361e-143 0 0 0 0 
0 0 0 0 0 0 0 0 0 1.679253029e-131 57.61160581 4.633787896e-25 0 0.04188753705 1.007639452 0 3.304187382e-05 2.284635472e-43 0 0 1.695597228e-06 5318.615991 9.602156621e-54 34200.14649 9757.47315 0 16255.51644 15980.79682 0 0 0 0 15148.98871 3.130685285e-94 62918.12482 0 33384.03769 0.0613276364 69867.40963 32717.02542 9.915553115e-58 17339.6517 0 34102.8825 0 31799.48196 7.782901625e-51 30829.73065 0.5961581034 12775.64258 0 45710.85852 26805.75407 3.098537718e-26 26100.60817 2.419916788 8352.817346 0.01171440907 35218.3963 0 4.55802742e-67 0 1.563385804e-19 0 0 0 0 0 0 0 0 0 0 0 0 9.87774722e-143 3.975935642e-112 0 0 0 
0 0 0 0 0 0 0 7.226467411e-18 1.74152157e-71 0 57.61160581 4.633787896e-25 0 0 1.007639452 0 0 2.284635472e-43 0 0 0.7053585048 5318.615991 28155.51331 13165.80783 19514.9463 0 0 15980.79682 0 31345.50406 25349.37644 33143.65156 32107.77313 16375.1135 17221.45258 2.454852445e-07 16922.7264 0.06132777463 44477.86469 79267.13116 13348.93849 217.1215438 0 17253.0956 0 32481.46316 33222.41021 61658.25208 10832.20049 10365.43367 0 9390.211373 27480.04915 3.098537718e-26 11541.43143 0 13823.28907 0 23476.82682 0 0 0 0.006179179428 0 0.001887785129 0 0 0 0 0 0 0 0 0 0 0 7.951871285e-112 0 0 0 
0 0 0 0 0 5.481822285e-106 5.483801669e-97 7.226467411e-18 4.353803925e-72 1.679253029e-131 57.61160581 2.316893948e-25 0.005065024079 0 0 5.0348978e-37 3.304187382e-05 2.284635472e-43 0 4799.301887 6406.250599 3.890409303e-15 231.0550358 34200.14649 9757.47315 337.6590429 32493.48056 51398.90519 0 3.894389803e-06 34481.13113 0 15148.98872 0 61137.33262 0 16461.31133 15225.16505 16428.79154 32925.46164 13348.93849 0.8732748065 16351.81133 50952.66939 16905.94572 64280.94512 16600.72558 0 21884.92603 12775.64258 0 12086.26187 12202.94972 0 26100.60817 0 26708.34742 9789.732201 13399.11018 2.009020555e-138 0 0 0.0002475635873 0 0.001887785129 0 0 0 0 1.920730838e-69 0 0 0 0 3.614605759e-97 0 3.975935642e-112 0 0 0 
0 0 0 0 0 5.481822285e-106 0 7.226467411e-18 4.353803925e-72 0 57.61160581 2.329661919e-70 2.989366996e-161 0 7.469608897e-26 0 0 0 0 0 17036.57396 3.890409303e-15 9.602156621e-54 0 0 13859.97313 4.388081146 31945.14658 16880.82781 17291.35899 0 16414.70691 39557.29082 1.565342643e-94 17221.45258 3.01753501e-07 67003.03938 15224.89336 0.02875119681 686.3168009 0.002790009904 0 32631.85157 0 66694.4816 32971.39911 32955.95818 47512.58043 30.38351877 10365.43367 0 18780.42275 58743.27275 0 0 2.419916788 35999.39548 0.01147210086 13392.79804 6452.123184 4.55802742e-67 0 0.01186323168 0 0.001887785129 0 0 0 0 0 0 0 0 0 0 0 0 0 0 0 
0 0 0 0 0 5.481822285e-106 5.483801669e-97 0 0 1.679253029e-131 57.61160581 0 0 0 7.469608897e-26 0 0 2.284635472e-43 0 4799.301887 23442.82456 5318.615991 9308.152757 10517.16933 9757.47315 13859.97313 16246.74028 11806.03612 9.423017236e-42 17291.35899 31622.71018 0 0 16375.1135 31101.58482 16875.84404 44320.39544 15226.35474 14024.56533 686.3167998 0 0.8732614374 16351.81133 17253.0956 16905.94572 16696.77813 16867.17762 1.209222013 0 25720.4247 0 18780.42275 29034.48883 0 0 2.419916788 37649.29086 0 3.156069369 6452.123184 0 0 0.005931615841 0 0 0 0 0 0 0 0 0 0 0 0 0 0 0 0 0 
0 0 0 0 0 0 5.483801685e-97 0 4.353803925e-72 0 1.565713006e-47 2.329661919e-70 1.494683498e-161 0 5.0348978e-37 0 3.304187382e-05 17309.5779 0 0 10630.32336 0 0 0 177.9564474 675.3180889 16246.74028 11822.48318 0 34582.71797 17369.35999 0 15021.25626 16375.1135 98275.0352 3.01753501e-07 55566.86202 1.445012793e-17 11099.85629 65375.33812 1.088905137e-08 1.336906123e-05 32777.1292 0 16905.8592 81696.87438 65666.42337 16684.059 11052.72554 56069.96099 0 12086.26187 42774.51341 3.098537718e-26 11541.43143 4.839833577 0 9789.731958 38524.00948 1.004510277e-138 0 0 0 0 0 0 0 0 0 1.920730838e-69 0 0 0 0 0 4.93887361e-143 0 0 0 0 
0 0 0 0 0 0 1.644546686e-105 0 0 1.679253029e-131 0 0 1.494683498e-161 0.04188753705 5.0348978e-37 0 0 2.284635472e-43 0 19197.20755 0 0 9308.152757 13165.80783 355.9128947 13859.97313 8.776162292 16.44705561 16091.58144 17291.35899 52108.0683 16414.70691 54432.58319 49125.34049 33705.62753 13084.08549 12355.16847 0.0613276364 55125.62229 33292.38228 0.002790031682 17339.6517 0 17253.0956 62255.38573 32289.4179 16600.72558 2.418444026 22105.45107 12775.64258 0 9390.211373 26131.45899 29118.35347 11541.43143 4.839833577 27646.57813 0 13395.95411 6452.123184 4.55802742e-67 0 7.816929021e-20 0 0 0 0 0 0 0 0 0 0 0 3.614605759e-97 0 7.951871285e-112 0 0 0 
0 0 0 0 0 0 5.483801669e-97 0 0 1.679253029e-131 0 0 0 0 0 0 1.218473014e-31 8654.800753 0 0 8.477986138e-07 3.890409303e-15 231.0550358 13165.80783 10418.36765 14197.63218 16246.74028 35434.55543 0 17291.35899 48476.91046 0 32089.90966 16375.1135 17312.2073 29959.92953 16461.31129 15980.06226 31196.15536 16491.97788 13348.93849 1.336906123e-05 81543.75298 16849.7869 48667.3617 16274.62098 7.693079826e-79 0 16743.61681 12775.64258 0 0 44152.21269 14559.17674 0 0 13823.28907 0 25344.87124 1.004510277e-138 0 0 0.0002475635873 0 0 1.163314386e-162 0 0 1.374855437e-60 1.920730838e-69 0 0 0 0 7.229211519e-97 0 0 0 0 0 
0 0 0 0 0 0 0 7.226467411e-18 0 1.679253029e-131 0 2.316893948e-25 0 0 5.0348978e-37 0 0 17309.60151 0 1035.88491 21260.64672 5318.615991 693.1651075 13165.80783 11079.26215 675.3180859 4.388081146 15964.34976 33761.65563 8237.601412 0.0103752748 0 7321.539926 0 50042.75253 0 8.562140635e-05 62832.71017 16428.76279 33546.04758 14035.25529 52018.95512 49020.41857 69335.42732 105362.3909 32940.79024 7.782901625e-51 0 32938.24772 13571.65668 0 9295.632133 38050.73783 24042.76701 0 2.419916788 10002.71272 10542.92327 33959.55508 25808.49274 0 0 0.006179179428 0 0 4.085706132e-25 0 0 0 1.920730838e-69 0 0 1.873360781e-32 0 0 0 0 0 0 0 
0 0 0 0 0 0 5.483801669e-97 0 0 0 1.565713006e-47 0 1.494683498e-161 0 0 0 1.977781105 8654.788949 0 0 10630.55848 7.780818606e-15 231.0550358 0 177.9564474 337.6590429 1.763480707e-102 9.865786859e-08 49853.23707 31478.61685 17111.77503 32829.41383 7321.539926 0 67012.65632 13124.62716 45277.79104 49542.15376 17171.61879 32606.06548 13348.93849 17339.6517 32631.86008 8989.598681 0.1730443617 65260.81701 16600.72558 1.209222013 10862.58401 10365.43367 7.299094529e-22 0 24310.71325 24042.76701 0 0 10002.71272 0 13392.79804 6452.123184 0 0 0 0 0 0 0 0 0 1.920730838e-69 0 0 0 0 0 0 0 0 0 0 
0 0 0 0 0 0 1.096760334e-96 7.226467411e-18 4.353803925e-72 0 2.329661919e-70 0 1.494683498e-161 0 5.0348978e-37 0 3.304187382e-05 8654.788949 0 9598.603774 8.477986138e-07 2.010160932e-161 0 23682.97716 10240.4112 13859.97313 0 23612.07225 32183.16289 48769.97584 34481.14799 16414.70691 17068.77606 2.349009356e-128 66526.92749 30000.47119 30621.56092 32384.04513 70238.5624 48366.49748 1.973057791e-33 17339.65172 16280.04396 34102.8825 31761.76207 16696.77813 1.602394693e-60 0 38567.7758 0 7.299094529e-22 9295.632133 7.414881252e-25 14559.17674 0.1220163323 0 10002.71272 0 26086.33142 0 0 0 0.01186323168 0 0 0 0 0 0 0.0001906887396 0 0 0 0 0 0 3.975935642e-112 0 0 0 
0 0 0 0 0 0 5.483801669e-97 0 0 1.679253029e-131 3.131426012e-47 0 0 0 0 0 3.304187382e-05 17309.5779 0 1035.88491 8.477986138e-07 5318.615991 231.0550358 20520.7624 10240.4112 13949.34719 4.388081146 9.865786859e-08 32972.40926 7.788779605e-06 16414.71081 136.15135 32090.03232 0 32730.54523 30000.47119 30160.14585 15981.91797 190.0918191 1.202275066e-06 686.3167999 1.403192352e-05 0.003716425808 8989.598681 15976.81749 48986.19603 16600.72558 0 27735.57531 15234.84244 0 18685.84351 8341.95391 0 11541.43143 0 10002.71272 10542.92327 27212.91567 6452.123184 0 0 0.01186753171 0 0 0 0 0 0 0 0 0 3.746721562e-32 0 0 0 3.975935642e-112 0 0 0 
0 0 0 0 0 6.177998319e-173 0 1.445293482e-17 0 0 1.565713006e-47 0 2.989366996e-161 0 5.0348978e-37 0 1.977847189 6.847743315e-184 2.853040722e-30 0 0 5318.615991 0 27875.71698 9757.47315 177.9564473 4.388081146 9.865786859e-08 16091.58144 3.894389803e-06 16414.70691 0 7321.539926 0 16484.17496 16875.84404 34887.84515 46673.59466 45443.09386 50246.46168 0 34679.30342 49128.94316 25839.38558 12466.76334 0 1.602394693e-60 0 11083.10905 211.037303 0 9295.632133 16683.90782 14559.17674 0.1220163323 0 0 10542.92327 20569.91311 0 0 0 0 0 0 1.163314386e-162 0 0 1.374855437e-60 3.841461675e-69 1.798351881e-20 0 0 0 3.614605759e-97 0 0 0 0 0 
0 0 0 0 0 0 0 0 0 0 3.131426012e-47 0 0 4.970652231e-58 5.0348978e-37 0 3.304187382e-05 8654.788949 0 0 0 0 4.80107831e-54 27875.71698 482.9380516 89.37405541 0 16246.74028 16880.82781 14188.00596 51335.33157 0 41459.09203 7.047028069e-128 32730.54523 16956.92736 1.009610022e-07 45494.08692 15433.61552 1.653431307e-07 13348.93849 17339.6517 49057.17208 0 31953.63495 41571.91418 32955.95818 0 16682.84978 105.5186515 0 18591.26427 8341.95391 9.315832027e-87 0.1220163323 0 0 10542.92327 26999.25587 1.004510277e-138 0 0 4.300023657e-06 0 2.478954141e-96 0 0 1.374855437e-60 4.287254556e-48 1.920730838e-69 1.798351881e-20 0 0 0 0 0 0 0 0 0 
0 0 0 0 0 0 0 0 0 0 1.565713006e-47 0 2.989366996e-161 4.970652231e-58 5.0348978e-37 0 0 2.436946029e-31 0 0 0 5318.615991 0 7354.954573 482.9380531 0 0 16246.74028 16091.58144 3.894389803e-06 16414.7147 0 61754.12311 2.349009356e-128 31413.15941 29959.92953 27397.66903 43559.37285 22389.80439 2.996469703e-19 0 6.62862375e-07 16388.57552 16849.7869 15784.68503 16014.79693 16389.37233 0 11052.72554 27143.31336 0 9295.632133 35147.70798 43009.94755 0.2440326647 0 0 0.01147210086 27954.37584 0 0 0 4.300023657e-06 0 0 2.042853066e-25 0 1.374855437e-60 7.841401627e-64 0 0 0 0 0 7.229211519e-97 0 0 0 0 0 
0 0 0 0 0 0 0 7.226467411e-18 0 1.679253029e-131 0 0 0 9.941304461e-58 5.0348978e-37 0 3.304187382e-05 3.423871658e-184 7.995591256e-28 1035.88491 0 2.010160932e-161 0 7354.954573 965.8761031 0 4.388081146 4.023269157e-19 16091.58144 14187.25787 19699.11428 136.15135 2.966901968e-06 0.1226561281 15418.33793 0 4.281070317e-05 12357.73799 26723.56363 66738.43956 13348.93849 3.557979325e-59 0 8989.724607 37400.28999 0 16600.72558 1.209222013 10832.20049 13571.65668 7.299094529e-22 18591.26427 8341.95391 9483.59027 0 0 0 21085.84654 175.1686911 1.004510277e-138 0 0 4.300023657e-06 0 0 2.042853066e-25 0 0 0 0 0 0 0 0 3.614605759e-97 0 0 0 0 0 
0 0 0 0 0 0 0 7.226467411e-18 6.046438141e-100 0 0 0 0 0 0 0 0 0.02360820928 0 5835.186797 0 5318.615991 0 0 2.992382174e-06 13859.97313 0 9.865786859e-08 16880.82781 0 0.02334268566 272.3026999 17068.77605 0 63315.6723 81.08332478 5.048050109e-08 4.906501111e-08 15623.70734 48921.21555 0 0 0.008516601525 1.684948047e-05 1.115167004e-39 16274.62098 16355.2326 0 30.38351877 211.037303 1.459818906e-21 2.048149204e-18 1.504276306e-31 18967.18054 0.1220163323 0 0 0 27954.37584 0 0 0 4.300023657e-06 0 1.239477071e-96 1.163314386e-162 0 0 7.841401627e-64 0 0.0003813774792 0 1.873360781e-32 0 0 0 0 0 0 0 
0 0 0 0 0 0 0 0 4.353803925e-72 0 2.329661919e-70 1.405696783e-69 0 0 0 0 3.304187382e-05 2.853040722e-30 0 0 0 5318.615991 0 0 0 357.4962217 0 16246.74028 0 14187.25787 2.150565134e-19 272.302724 5.322701602e-90 7321.539926 63307.3982 0 18426.53386 0.3569041375 44441.27225 16491.97787 13348.93849 1.749460301e-13 32777.1244 8989.724606 12466.76333 9282.496276 33235.59034 0 60.76703755 8.81803354 7.299094529e-22 0 0 9.315832027e-87 0.366048997 7.597666673e-15 0 10542.92327 34562.04336 0 0 0 0 0 1.239477071e-96 2.042853066e-25 0 1.374855437e-60 0 0 0.0001906887396 0 0 0 0 0 0 0 0 0 
0 0 0 0 0 0 0 0 1.209287628e-99 0 2.329661919e-70 0 0 0 0 0 1.977781105 0.02360835777 0 1035.88491 9.072039401e-19 2.010160932e-161 0 0 1.496191087e-06 89.37405541 0 4.023269157e-19 16091.58144 4.300744957e-05 23680.5729 9.375292852e-23 15021.1336 0 13516.19445 29959.92953 4727.699343 4.906501111e-08 8.114253331e-117 16491.97787 0 1.336906132e-05 0.004800175717 34829.11021 1.115167004e-39 9282.496276 0 0 3.639546943e-72 13782.69398 0 2.048149204e-18 9295.632133 9483.59027 0 1.519533335e-14 0 1.961216205e-10 175.1686911 5.777085304e-80 0 0 4.300023657e-06 0 1.239477071e-96 2.042853066e-25 0 2.749710874e-60 0 0 5.395055642e-20 0 1.873360781e-32 0 0 0 0 0 0 0 
0 0 0 0 0 0 0 0 0 0 2.899646113e-104 0 0 4.970652231e-58 0 0 0 0.01180410464 0 2071.76982 9.072039401e-19 0 0 0 1.496191087e-06 89.52206502 0 16880.82781 16092.32953 5.741302328e-21 3284.396988 272.302748 15021.1336 0 13516.19445 30041.01286 4727.699343 24711.85963 97359.97114 16877.2419 13348.93849 6.628622001e-07 0 0.003747527235 0.08652218083 18564.99255 34.13918616 0 3.669391107e-183 13576.06569 7.299094529e-22 2.048149204e-18 5.505327079e-23 9.315832027e-87 0 1.519533335e-14 0 10542.92327 34692.30438 1.155417061e-79 0 0 0 0 0 2.042853066e-25 0 1.374855437e-60 8.574509112e-48 0 0.0001906887396 0 1.873360781e-32 0 0 0 0 0 0 0 
0 0 0 0 0 6.177998319e-173 0 0 6.046438141e-100 0 1.565713006e-47 0 0 9.941304461e-58 0 0 1.977781105 0.01180440162 0 0 1035.88491 5318.615991 0 0 2.071840136e-71 178.8961204 0 8.046538313e-19 0.7480916829 14187.25787 0.006483705469 9.375292852e-23 7.984052403e-90 3.965283666e-52 61500.6589 13084.08549 4727.699343 0.3330106169 15623.70734 16877.2419 13348.93849 8.747301503e-14 0.004800175717 0.1259406977 12466.76333 1.244472509e-41 34.13918616 0 30.38351877 114.3366851 7.299094529e-22 0 1.163157441e-40 9483.59027 0 0 0 0 7524.296386 0 3.866431433e-20 0 2.866221957e-50 0 1.239477071e-96 2.326628771e-162 0 0 7.841401627e-64 0 0 0 0 0 3.614605759e-97 0 0 0 0 0 
0 0 0 0 0 6.177998319e-173 0 8.248315967e-120 0 0 2.899646113e-104 0 0 4.970652231e-58 0 0 0 5.945147716 0 0 9.072039401e-19 2.010160932e-161 0 0 1.496191087e-06 0.1480096074 0 0 1.496183366 3.827746428e-21 3284.400879 136.1513981 17068.77605 0 15994.82148 2.958365461e-29 9455.398687 0.7138080787 16169.79717 2.996469703e-19 1.036931935e-06 6.628622001e-07 0 8989.724607 15976.81747 16014.79693 34.13918616 0 1.819773472e-72 13681.58435 0 2.048149204e-18 1.163157441e-40 9.315832027e-87 0 3.147978599e-09 0 0 350.3373821 5.777085304e-80 0 0 0 4.300023657e-06 0 0 0 0 7.841401627e-64 1.920730838e-69 0.0001906887396 0 3.746721562e-32 0 0 0 0 0 0 0 
0 0 0 0 0 6.177998319e-173 0 7.226467411e-18 0 0 2.899646113e-104 0 0 4.970652231e-58 0 0 0 1.977781253 3.997795628e-28 0 9.072039401e-19 0 0 0 2.071840136e-71 0.1480096074 1.3700752e-28 1.416418993e-107 1.174293201e-25 8.601489913e-05 0 9.375292852e-23 0 0 5.814051628e-08 1.518077516e-11 9455.398687 0.3569040394 15433.61552 16491.97787 1.036931935e-06 6.628622001e-07 0 0.1259406977 12466.76337 9282.496276 0.0005500466029 0 0 4.40901677 7.299094529e-22 8341.95391 1.163157441e-40 3.308358013e-15 0.1220163323 3.147978599e-09 0 0 13606.45783 2.977897143e-26 7.732862865e-20 0 5.732443915e-50 4.300023657e-06 0 4.085706132e-25 0 0 4.287254556e-48 0 0.0001906887396 0 3.746721562e-32 0 0 0 0 0 0 0 
0 0 0 0 0 0 0 0 0 0 2.899646113e-104 0 4.970652231e-58 0 0 0 0 3.955562358 3.997795628e-28 0 9.072039401e-19 0 0 7354.954573 2.071840136e-71 0.1480096074 0 2.832837985e-107 2.348586401e-25 3.911320526e-26 3284.396988 0 0 7321.539926 43027.21039 3.417836394e-24 4727.699343 0 15224.49903 0 16877.2419 6.628622001e-07 0 16849.78692 7.51919663e-38 1.244472509e-41 0 1.209222013 7.338782214e-183 0 0 0 2.326314881e-40 6.766825753e-17 0 0 0 1.525265917e-28 0 5.777085304e-80 3.866431433e-20 0 0 0 0 0 0 1.374855437e-60 8.574509112e-48 0 0.0001906887396 0 0 0 0 0 0 0 0 0 
0 0 0 0 0 1.235599664e-172 0 0 6.046438141e-100 0 0 1.405696783e-69 0 0 0 0 0 2.974888024e-30 3.997795628e-28 0 1035.88491 0 0 14709.90915 4.143680273e-71 0.1480096074 4.023269157e-19 16880.82781 0.7480916829 14187.25795 3284.396988 136.1514221 17068.77605 1.1895851e-51 13516.19445 40.54166239 0 0.3569040394 33151.32414 2.997054804e-19 0 6.628622001e-07 0 0 1.364669009e-05 0 3.301742468e-17 0 1.819773472e-72 13580.47471 7.299094529e-22 6.235855841e-42 1.101065416e-22 3.308358013e-15 0 9.443935797e-09 0 0 175.1686911 1.155417061e-79 0 0 5.732443915e-50 4.300023657e-06 0 4.963029448e-96 0 1.374855437e-60 0 0 0 0 0 0 0 0 0 0 0 0 
0 0 0 0 0 6.177998319e-173 0 0 1.813931442e-99 0 0 0 0 0 0 0 0 2.853040722e-30 3.997795628e-28 0 0 0 0 0 0 0.2960192148 1.3700752e-28 0 0.7480916829 4.300744957e-05 3284.396988 2.405584487e-05 0 3.965283666e-52 0 1.518077516e-11 13698.83452 0 1.265018818e-42 0 0 6.628622001e-07 0 0.1259277445 3.77587042e-38 27847.48883 34.1397362 0 3.639546943e-72 105.5186515 0 0 0 6.684384283e-15 0 0 0 7.626329587e-29 0 1.733125591e-79 3.866437388e-20 0 0 0 1.239477071e-96 9.926058896e-96 0 0 4.287254556e-48 0 0 0 0 0 0 0 0 0 0 0 
0 0 0 0 0 6.177998319e-173 0 0 0 0 8.698938338e-104 0 0 0 0 0 0 2.853040722e-30 3.997795628e-28 0 9.072039401e-19 2.010160932e-161 0 1.08699011e-118 1.496191087e-06 0 4.023269157e-19 1.416418993e-107 2.244275049 6.346623883e-25 3284.396988 2.405584487e-05 0 3.965283666e-52 29511.01593 1.518077516e-11 8.457484191e-41 0 380.1836381 5.987708617e-108 0 3.557979325e-59 0 0.125925147 2.729338018e-05 1.245067632e-41 68.27892236 0 7.338782214e-183 0 0 6.144447612e-18 1.163157441e-40 1.353365151e-16 0 6.295957198e-09 0 7.626329587e-29 1.961216205e-10 0 0 0 2.866221957e-50 0 1.239477071e-96 2.042853066e-25 0 0 0 0 0.0003813774792 0 0 0 0 0 0 0 0 0 
0 0 0 0 0 0 0 0 6.046438141e-100 0 0 0 0 0 0 0 0 2.436946029e-31 3.997795628e-28 0 9.072039401e-19 0 0 0 1.496191087e-06 0.1480096074 4.023269157e-19 1.103657093e-25 2.354864585e-11 3.914662549e-26 3284.396988 0 0 0 13516.19445 13084.08549 0 0 1.265018818e-42 5.851005149e-23 0 6.628622001e-07 0 0 2.729338018e-05 1.245067632e-41 0.001100093206 0 3.669391107e-183 34.79253554 0 0 1.101065416e-22 9.315832027e-87 0 3.147978599e-09 0 7.626329587e-29 175.1686911 0 1.488948572e-26 0 0 0 1.239477071e-96 9.926058896e-96 0 0 8.574509112e-48 0 0 0 0 0 0 0 0 0 0 0 
0 0 0 0 0 6.177998319e-173 0 0 0 0 0 2.811393565e-69 0 0 0 8.041639368e-56 0 1.484889761e-07 0 0 1035.88491 0 0 1.08699011e-118 1.496191087e-06 6.210002085e-150 0 1.103657093e-25 2.348586401e-25 8.601489913e-05 9.375292852e-23 0 0 0 6.842325759e-41 16875.84404 4.228742096e-41 7.232789815e-18 1.697892595e-75 0 0 0 0 1.555071375e-05 1.196527528e-39 9282.496276 0.0005500466029 0 0 13571.65668 0 2.048149204e-18 0 3.37602627e-15 0 0 0 0 175.1686911 0 2.977897143e-26 0 2.866221957e-50 0 0 4.963029448e-96 0 0 7.841401627e-64 0 0 0 0 0 0 0 0 0 0 0 
0 0 0 0 0 0 0 1.649663193e-119 0 0 2.899646113e-104 2.811393565e-69 0 0 0 1.608327874e-55 0 2.853040722e-30 0 0 9.072039401e-19 0 0 1.08699011e-118 0 0 0 1.103657093e-25 0 3.914662549e-26 3.862541434e-11 2.150565134e-19 2.661350801e-90 0 0 6.835643205e-24 3.036155033e-11 3.616394907e-18 0 5.851005149e-23 0 0 0 1.298766726e-06 1.115167004e-39 5.9512287e-45 0.001100093206 0 0 13571.65668 0 0 0 6.766825753e-17 0 0 0 0 1.961216205e-10 0 3.866431433e-20 0 2.866221957e-50 0 0 0 0 0 7.841401627e-64 0 0 0 0 0 0 0 0 0 0 0 
0 0 0 0 0 0 0 0 0 0 2.899646113e-104 0 0 0 0 1.608327874e-55 0 0 3.997795628e-28 0 0 0 0 1.08699011e-118 0 0.1480096074 6.850375998e-29 3.31097128e-25 1.174293201e-25 5.013123892e-25 0 2.150565134e-19 0 0 13516.19445 9.558884271e-39 0 7.232789815e-18 15979.70535 1.197541723e-107 0 0 0 1.555071375e-05 0 1.245067632e-41 0 0 3.669391107e-183 1.819801579e-72 0 0 0 3.37602627e-15 0 3.147986197e-09 0 7.626329587e-29 1.961216205e-10 0 3.866432921e-20 0 0 0 1.239477071e-96 4.963029448e-96 0 0 4.287254556e-48 0 0 0 0 0 0 0 0 0 0 0 
0 0 0 0 0 0 0 8.248315967e-120 6.046438141e-100 0 0 0 0 0 0 8.041639368e-56 0 1.484889761e-07 0 0 0 0 0 0 0 6.210002085e-150 0 1.103657093e-25 2.354864585e-11 8.601489913e-05 7.725082868e-11 0 0 0 0 0 0 3.616394907e-18 1.697892595e-75 5.987708617e-108 0 0 0 0 8.136052452e-41 1.245067632e-41 0.0005500466029 0 0 1.819773472e-72 0 0 1.163157441e-40 0 0 0 0 2.287898876e-28 1.961216205e-10 0 0 0 0 4.300023657e-06 0 0 0 0 0 0 0 0 0 0 0 0 0 0 0 0 
0 0 0 0 0 0 0 0 0 0 0 0 0 0 0 0 0 0 0 0 0 0 0 2.17398022e-118 0 6.210002085e-150 0 1.103657093e-25 0 3.914662549e-26 0 2.150565134e-19 0 0 0 3.186294757e-39 3.036155033e-11 0 0 8.114253331e-117 5.987708617e-108 0 0 1.115167004e-39 1.196527528e-39 0 0 0 0 1.819773472e-72 0 0 1.101065416e-22 3.308358013e-15 0 7.597666673e-15 0 0 1.961216205e-10 0 3.866431433e-20 0 0 0 0 0 0 0 0 0 0 0 0 0 0 0 0 0 0 0 
0 0 0 0 0 0 0 0 0 0 0 2.811393565e-69 0 0 0 0 8.041639368e-56 0 3.997795628e-28 0 0 0 0 0 0 6.210002085e-150 0 1.103657093e-25 0 3.342022972e-29 3.862541434e-11 5.848851848e-30 0 0 0 3.417821602e-24 0 3.616394907e-18 1.697892595e-75 8.114253331e-117 0 0 0 0 0 5.9512287e-45 0 0 0 0 0 1.247171168e-41 1.101065416e-22 6.766825753e-17 0 7.597666673e-15 0 0 0 0 3.866431433e-20 0 2.866221957e-50 0 0 4.963029448e-96 0 0 0 0 0 0 0 0 0 0 0 0 0 0 
0 0 0 0 0 0 0 8.248315967e-120 0 0 0 1.405696783e-69 0 0 0 0 8.041639368e-56 0 0 0 0 0 0 0 0 1.242000417e-149 4.023269157e-19 0 0 3.342022972e-29 3.862541434e-11 5.848851848e-30 0 0 0 3.186294757e-39 0 0 0 5.851005149e-23 0 0 0 0 1.62721049e-40 1.244472509e-41 0 0 0 0 0 0 0 2.361545938e-27 0 1.519533335e-14 0 0 0 0 0 0 0 0 0 0 0 0 0 0 0 0 0 0 0 0 0 0 0 0 
0 0 0 0 0 6.177998319e-173 0 8.248315967e-120 0 0 0 0 0 0 0 0 8.041639368e-56 0 0 0 0 0 0 0 2.071840136e-71 0 0 0 1.174293201e-25 1.002606892e-28 3.862541434e-11 5.848851848e-30 0 0 0 0 8.457484191e-41 3.616394907e-18 0 1.755301545e-22 5.987708617e-108 0 0 0 0 5.9512287e-45 0 0 0 1.405357565e-77 0 6.235855841e-42 0 3.308358013e-15 0 0 0 0 1.961216205e-10 0 0 0 0 0 0 0 0 0 0 0 0 0 0 0 0 0 0 0 0 0 
0 0 0 0 0 0 0 0 0 0 2.899646113e-104 0 0 0 0 0 0 8.321942321e-136 0 0 0 0 0 0 0 0 0 0 0 0 0 5.848851848e-30 0 0 0 3.417821602e-24 0 0 0 0 0 0 0 0 0 0 0 0 0 0 0 6.235855841e-42 6.766825753e-17 0 0 0 0 0 0 0 0 0 0 0 0 0 0 0 7.841401627e-64 0 0 0 0 0 0 0 0 0 0 0 
0 0 0 0 0 0 0 8.248315967e-120 0 0 0 1.405696783e-69 0 0 0 0 0 0 0 0 0 0 0 1.08699011e-118 0 6.210002085e-150 0 1.103657093e-25 0 0 9.375292852e-23 0 0 0 0 3.186294757e-39 1.518077516e-11 0 1.265018818e-42 5.851005149e-23 5.987708617e-108 0 0 0 0 0 68.27837232 0 0 0 0 6.235855841e-42 0 0 0 3.147978599e-09 0 0 0 0 3.866431433e-20 0 0 0 0 0 0 0 0 0 0 0 0 0 0 0 0 0 0 0 
0 0 0 0 0 0 0 8.248315967e-120 0 0 0 0 0 0 0 0 0 0 0 0 0 0 0 0 0 0 0 0 0 0 0 0 0 0 0 0 0 0 0 0 5.987708617e-108 0 0 0 8.136052452e-41 0 0 0 0 0 0 1.247171168e-41 0 2.361545938e-27 0 0 0 0 0 0 0 0 0 0 0 0 0 0 0 0 0 0 0 0 0 0 0 0 0 0 
0 0 0 0 0 0 0 0 0 0 0 0 0 0 0 0 0 0 0 0 0 0 0 0 0 0 0 0 0 0 0 5.848851848e-30 0 0 0 0 0 0 0 0 0 0 0 0 0 0 0 0 0 0 0 6.235855841e-42 5.505327079e-23 0 0 0 0 0 0 0 0 0 0 0 0 0 0 0 0 0 0 0 0 0 0 0 0 0 0 0 
0 0 0 0 0 0 0 0 0 0 0 0 0 0 0 0 0 0 0 0 0 0 0 0 0 0 0 1.416418993e-107 0 0 0 0 0 0 0 0 0 0 0 0 0 0 0 0 0 0 0 0 0 0 0 0 6.766825753e-17 0 0 0 0 0 0 0 0 0 0 0 0 0 0 0 0 0 0 0 0 0 0 0 0 0 0 0 
0 0 0 0 0 0 0 0 0 0 0 0 0 0 0 0 8.041639368e-56 0 0 0 0 0 0 1.08699011e-118 0 6.210002085e-150 0 0 0 0 0 0 0 0 0 0 0 0 0 0 0 0 0 0 0 0 0 0 0 0 0 0 0 0 0 0 0 0 0 0 0 0 0 0 0 0 0 0 0 0 0 0 0 0 0 0 0 0 0 0 
0 0 0 0 0 0 0 0 0 0 0 0 0 0 0 0 0 0 0 0 0 0 0 1.08699011e-118 0 0 0 0 0 0 0 0 0 0 0 0 0 0 0 0 0 0 0 0 0 0 0 0 0 0 0 0 0 0 0 0 0 0 0 0 0 0 0 0 0 0 0 0 0 0 0 0 0 0 0 0 0 0 0 0 
0 0 0 0 0 0 0 8.248315967e-120 0 0 0 0 0 0 0 0 0 0 0 0 0 0 0 0 0 0 0 0 0 0 0 0 0 0 0 0 0 0 0 0 0 0 0 0 0 1.244472509e-41 0 0 0 0 0 0 0 0 0 0 0 0 0 0 0 0 0 0 0 0 0 0 0 0 0 0 0 0 0 0 0 0 0 0 
0 0 0 0 0 0 0 0 0 0 0 0 0 0 0 0 0 0 0 0 0 0 0 0 0 0 0 0 0 0 0 0 0 0 0 0 0 0 0 5.851005149e-23 0 0 0 0 0 0 0 0 0 0 0 0 0 2.361545938e-27 0 0 0 0 0 0 0 0 0 0 0 0 0 0 0 0 0 0 0 0 0 0 0 0 0 0 
# Errors [PSD_sample/PSD_sample.dat] I_err:
0 0 0 0 0 0 0 0 0 0 0 0 0 0 0 0 0 0 0 0 0 0 0 0 0 0 0 0 0 0 0 0 3.09865447e-34 0 0 0 0 0 0 0 0 0 0 0 0 0 0 0 0 0 0 0 0 0 0 0 0 0 0 0 0 0 0 0 0 0 0 0 0 0 0 0 0 0 0 0 0 0 0 0 
0 0 0 0 0 0 0 0 0 0 0 0 0 0 0 0 0 0 0 0 0 0 0 0 0 7.107060213e-09 0 0 0 0 0 0 0 0 0 0 0 0 0 0 0 0 0 0 0 0 0 0 0 0 0 0 0 0 0 0 0 0 0 0 0 0 0 0 0 0 0 0 0 0 0 0 0 0 0 0 0 0 0 0 
0 0 0 0 0 0 0 0 0 0 0 0 0 0 0 0 0 0 0 0 0 0 0 0 0 0 0 0 0 2.462459266e-39 0 0 0 0 0 0 0 0 0 0 0 0 0 0 0 0 0 0 0 0 0 0 0 0 0 0 0 0 0 0 0 0 0 0 0 0 0 0 0 0 0 0 0 0 0 0 0 0 0 0 
0 0 0 0 0 0 0 0 0 0 0 0 0 0 0 0 0 0 0 0 0 0 0 0 0 0 0 0 0 2.462459266e-39 0 0 0 0 0 0 2.997521451e-24 0 0 0 0 0 0 0 0 0 0 0 0 0 0 0 0 0 0 0 0 0 0 0 0 0 0 0 0 0 6.065395815e-60 0 0 0 0 0 0 0 0 0 0 0 0 0 
0 0 0 0 0 0 0 0 0 0 0 0 0 0 0 0 0 0 0 0 0 0 0 0 0 0 4.809610261e-69 0 0 2.462459266e-39 0 0 1.143867742e-60 0 0 0 0 0 0 0 0 0 0 0 0 0 0 0 0 0 0 0 0 0 0 0 0 0 0 0 0 0 9.536850178e-17 0 0 0 0 0 0 0 0 0 0 0 0 0 0 0 0 0 
0 0 0 0 0 0 0 0 0 0 2.418572164e-83 0 0 0 0 0 0 0 0 0 0 0 0 1.868010433e-38 0 0 0 0 0 2.462459266e-39 0 0 0 0 0 0 0 0 0 0 0 0 0 0 0 0 0 0 0 0 0 0 0 0 0 0 0 0 0 0 0 0 0 0 0 2.357300805e-44 0 0 0 0 0 0 0 0 0 0 0 0 0 0 
0 0 0 0 0 0 0 0 0 0 0 0 0 0 0 0 0 0 0 0 0 0 0 0 0 0 0 0 3.558610951e-26 0 0 0 0 5.033622285e-06 0 0 0 0 0 0 0 0 0 0 0 0 0 0 0 0 0 0 0 0 0 3.463262746e-33 0 0 0 0 1.838519498e-175 0 0 0 0 0 0 0 0 0 0 0 0 0 0 0 0 0 0 0 
0 0 0 0 0 0 0 0 0 0 0 0 0 0 0 0 0 0 0 0 0 0 2.622328216e-47 0 0 0 0 0 0 2.462459266e-39 0 0 0 0 0 0 0 0 0 0 0 0 0 0 0 0 0 0 0 0 0 1.878914428e-127 0 0 4.437002643e-11 0 0 0 0 0 0 0 0 0 0 0 0 0 0 0 0 0 0 0 0 0 0 0 0 0 
0 0 0 0 0 0 0 0 0 0 0 4.435181732e-15 0 0 0 0 0 0 0 0 0 0 0 0 0 0 0 0 3.558610951e-26 0 0 0 3.79506117e-34 0 0 0 0 0 4.448679573e-16 0 0 0 0 0 0 0 0 0 0 0 0 0 0 1.18370356e-07 4.437002643e-11 4.897793145e-33 0 0 0 0 0 0 0 0 0 3.33372677e-44 0 0 0 0 0 0 0 0 0 0 0 0 0 0 
0 0 0 0 0 0 0 0 0 0 0 0 0 0 0 0 0 0 0 0 0 0 0 1.868010433e-38 0 0 0 0 0 2.462459266e-39 0 0 6.429899692e-08 0 0 0 0 0 7.403344524e-34 4.631071387e-05 0 2.594053776e-142 0 0 0 0 0 0 0 0 0 3.903026251e-21 2.617235688e-27 1.9523388e-33 0 0 0 0 7.901208422e-07 0 0 0 9.536850178e-17 0 1.196076846e-46 3.33372677e-44 0 0 0 0 0 0 0 0 0 0 0 0 0 0 
0 0 0 0 0 0 0 0 0 0 0 4.435181732e-15 0 0 0 0 0 0 0 0 0 0 1.430931787e-11 2.641765688e-38 0 0 2.878500332e-55 0 3.558610951e-26 2.296268396e-25 0 0 1.143867742e-60 8.718489544e-06 0 7.901898581e-28 0 0.001626808168 7.403344524e-34 2.522924733e-24 0 2.353463116e-45 0 0 0 5.60822399e-18 0 7.158927537e-10 2.191643988e-39 3.2523163e-05 0 3.903026251e-21 2.617235688e-27 1.449734864e-07 0 3.97505884e-33 0 0 7.901208422e-07 0 0 0 9.536850178e-17 8.751760851e-38 0 2.357300805e-44 0 0 0 0 0 0 0 0 0 0 0 0 0 0 
0 0 0 0 0 0 0 0 0 0 3.420377556e-83 0 0 0 0 0 0 1.345702381e-16 0 0 0 0 1.430931787e-11 0 0 0 0 4.644393176e-19 0 2.014013319e-08 0 0 3.79506117e-34 0 0 0 0 4.448679573e-16 7.403344524e-34 0 0 2.717545127e-45 0 0 1.847576461e-23 0 0 0 0 0 9.860610333e-23 5.961971079e-21 3.701330205e-27 0 0 9.119999883e-35 0 0 0 0 0 0 0 8.751760851e-38 0 2.357300805e-44 0 8.577765022e-60 0 0 0 0 0 0 5.209393082e-115 0 0 0 0 0 
0 0 0 0 0 0 0 0 0 0 2.418572164e-83 0 0 0 0 0 0 1.345702381e-16 0 0 9.355601561 0 0 2.641765688e-38 0 0 4.809610261e-69 0 0 0 0 0 3.578017984e-34 0 0 0 4.219683676e-30 0 0.0009040914179 0 4.493032938e-142 0 0 0 2.612867689e-23 5.60822399e-18 0 0.0004881918681 3.099452652e-39 0 0 5.961971079e-21 2.617235688e-27 1.9523388e-33 4.437002643e-11 0 1.346064759e-24 0 7.901208422e-07 0 0 0 0 0 0 3.33372677e-44 0 6.065395815e-60 0 0 0 0 0 0 0 0 0 0 0 0 
0 0 0 0 0 0 0 0 0 0 0 0 0 0 0 0 0 0 2.544160391e-14 0 1.691280699e-38 0 1.430931787e-11 1.868010433e-38 0 7.107060213e-09 0 14942.8708 3.558610951e-26 2.874967056e-22 0 0 6.062167566e-08 5.033622285e-06 0 6.183900012e-24 2.983766942e-30 4.448679573e-16 0 0 0 2.353463116e-45 0 0 1.077816904e-13 0 0 0.0004881918681 0 0 0 0 2.617235688e-27 1.366823138e-07 0 0 0 0 0 0 0 0 0 0 0 2.357300805e-44 0 8.577765022e-60 0 0 0 0 0 0 0 0 0 0 0 0 
0 0 0 0 0 0 0 0 0 0 4.18908987e-83 0 0 0 0 0 0 0 2.544160391e-14 0 0 0 1.752526367e-11 1.728250692e-76 0 7.107060213e-09 6.801816061e-69 0 0.2047311668 3.319726007e-22 0 0 1.288745194e-24 0 0 7.901898581e-28 2.983766942e-30 8.01997115e-16 0.0007829661352 2.522924733e-24 0 0 0 0 0 5.60822399e-18 0 0.0005637153608 3.099452652e-39 192.1225745 0 4.780211384e-21 0 0 6.274869313e-11 5.691684945 3.463262746e-33 0 7.901208422e-07 0 0 0 0 0 0 0 0 8.577765022e-60 7.101952223e-15 0 0 0 0 0 0 0 0 0 0 0 
0 0 0 0 0 0 0 0 0 0 5.43196608e-15 0 0 0 1.755434179e-105 0 0 1.345702381e-16 0 0 14.29091744 0 5.137446129e-121 0 0 0 5.362883301e-19 0 0 2.462459266e-39 0 0 9.464556079e-08 2.027710808e-23 0 7.901898581e-28 2.983766942e-30 0.001150327087 1.046991023e-33 0 2.594053776e-142 0 1120.651954 2.007749332e-26 7.528152681e-06 5.60822399e-18 0 0.000745725357 0 156.8674361 0 3.903026251e-21 2.617235688e-27 1.18370356e-07 6.274869313e-11 9.119999883e-35 4.897793145e-33 0 0 0 0 0 9.536850178e-17 8.751760851e-38 0 0 0 6.065395815e-60 0 0 0 0 0 0 5.209393082e-115 0 0 0 0 0 
0 0 0 0 0 0 0 0 0 0 2.418572164e-83 0 0 0 1.241279412e-105 0 0 1.345702381e-16 2.544160391e-14 0 9.355601561 0 0 0 0 0 7.043570994e-19 0 0 0 0 0 5.586178787e-34 5.033622285e-06 6.03069119e-07 0 0 0.001242491005 0.0007829661352 2.522924733e-24 2.594053776e-142 0 0 0 1.847576461e-23 7.931226428e-18 2.513280293e-19 1167.24308 2.191643988e-39 0 0 1.878914428e-127 0 1.18370356e-07 4.437002643e-11 5.691684945 4.241613286e-33 0 7.901208422e-07 0 0 0 1.348714286e-16 0 0 0 0 0 8.200628055e-15 0 0 0 0 0 5.209393082e-115 0 0 0 0 0 
0 0 0 0 0 0 0 0 0 0 2.418572164e-83 0 0 0 9.148365188e-26 2.139811999e-06 0 2.330824896e-16 3.59798613e-14 0 0 0 1.752526367e-11 3.235488978e-38 0 1.005090094e-08 5.362883301e-19 0 0.1547622151 2.874030831e-22 0 0 3.09865447e-34 0 0 0.0002906928819 0 4.23913549e-24 0.0009589337586 5.347500624e-05 0 2.353463116e-45 0.008054341217 0 7.528152681e-06 5.60822399e-18 13480.44571 8.296797582e-10 2.514761855e-18 156.8674361 1.207673193e-22 2.657186266e-127 0 1.9523388e-33 0 1.116967308e-34 3.463262746e-33 0 0.0002423082092 0 0 0 1.348714286e-16 0 1.196076846e-46 0 0 0 0 0 0 0 0 0 0 0 0 0 0 0 
0 0 0 0 0 0 0 0 0 0 4.435181732e-15 0 0 0 1.241279412e-105 0 0 0 3.59798613e-14 0 0 0 2.579648964e-11 0 0 7.107060213e-09 5.087677817e-19 0 0.1641501177 2.347400771e-22 3.880760206e-47 0 6.429899692e-08 0 0 0.0004440407118 0 0.001260120189 0 2.913222548e-24 0 2.353463116e-45 1372.510581 0 6.146710925e-06 5.60822399e-18 641.7572287 0 2.191643988e-39 0 0 0 2.617235688e-27 1.449734864e-07 0 1.116967308e-34 4.703331024e-171 0 0.3551841629 0 0 0 0 0 0 0 0 0 4.495897846e-25 0 0 0 0 0 0 0 0 0 0 0 
0 0 0 0 0 0 0 0 0 0 4.435181732e-15 0 0.005065024079 0 0 0 0 0 0 0 0 0 3.708532128e-47 0 0 7.107060213e-09 3.525428519e-55 0 0 3.076456161e-08 9511.962785 0 5.249991114e-08 2.027710808e-23 0 2.74460847e-07 2.983766942e-30 4.873277355e-16 0 2544.527685 0 2.353463116e-45 0 2.007749332e-26 9.389256029e-06 0 641.7572287 1544.117401 2.191643988e-39 3.2523163e-05 4.26916005e-21 18556.56503 2.617235688e-27 1.9523388e-33 5.12340934e-11 1.116967308e-34 1.269082027e-24 0 0.2899716992 0 0 0 9.536850178e-17 0 0.002312055155 0 0 6.065395815e-60 0 0 0 0 0 0 7.367194349e-115 0 0 0 0 0 
0 0 0 0 0 0 0 0 0 0 6.272294158e-15 0 0.005065024079 0 1.241279412e-105 0 0 1.345702381e-16 0 0 5.15671332e-24 0 2.622328216e-47 10517.16933 0 0 5.362883301e-19 0 5.03263587e-26 7.386731317e-20 3.880760206e-47 0 1.288745194e-24 7.118616903e-06 8.946273777e-05 0 2.983766942e-30 0.002089672928 1063.531409 2322.825352 0 3.328299457e-45 1210.441804 0 6.146710925e-06 5.60822399e-18 980.3003595 1750.86462 2.191643988e-39 0 1.495435599e-22 0 15968.75934 0 0 1.047418101e-79 8.694192365 0 0.3551841629 2.627724086e-22 0 0 9.536850178e-17 1.237685889e-37 0.001205049126 0 0 3.72422347e-25 7.101952223e-15 0 0 0 0 0 0 0 0 0 0 0 
0 0 0 0 0 0 0 0 0 0 5.43196608e-15 0 0 0 0 2.139811999e-06 0 0 2.544160391e-14 0 3.898108865e-24 0 0 0 0 0 4.644393176e-19 14942.8708 0.1895442292 9.537557377e-20 3.880760206e-47 0 29918.22747 1.565342643e-94 8.528685271e-07 6.183900012e-24 2.983766942e-30 17093.74494 0 2399.003701 0 2.353463116e-45 264.8489747 2.007749332e-26 8.216731847e-07 5.60822399e-18 1.777157538e-19 0.7301415796 8.767859778e-10 156.8674361 1.394500887e-22 0 0 1.18370356e-07 5.434196231e-11 1.814181368e-79 10230.07021 0 7.901208422e-07 5.255448173e-22 0 0 0 0 1.196076846e-46 0 0 2.63342367e-25 0 0 0 0 0 0 0 0 0 0 0 0 
0 0 0 0 0 0 0 0 0 0 0 0 0 0 1.241279412e-105 2.139811999e-06 0 0 0 0 14.2676625 0 3.211683034e-47 1.728250692e-76 0 0 4.489079561e-06 14942.8708 0.1340280098 2.623963602e-22 8897.626445 16728.94465 0 1.565342643e-94 7.324482965e-05 9.445890908e-24 0 0.001731863432 19512.80901 16433.48021 0.002790009904 0 0 2.007749332e-26 8.216731847e-07 0 2.176564581e-19 0 7.158927537e-10 169.9157653 0 17180.04088 0 1.18370356e-07 0 9.119999883e-35 0 0 0.0002795678436 0 0 0 0 8.751760851e-38 0.001840742946 0 0 0 6.358159708e-25 0 0 0 0 0 7.367194349e-115 0 0 0 0 0 
0 0 0 0 0 0 0 0 0 0 7.153467551e-69 0 0.007163025747 0 0 0 0 0 0 2.391832103e-38 6.122292775e-07 0 1.752526367e-11 0 4.893817099e-08 7.107060213e-09 3.651817816e-06 0 0.1340280098 3.054402428e-08 0.0001940606061 0 1.288745194e-24 6.164903078e-06 6.03069119e-07 7.901898581e-28 0 4061.836384 0.0007829661352 5.67188093e-05 0 0.8732614374 1227.612468 2.007749332e-26 1.006340019e-06 229.2151864 4.297751716e-38 1.807118862e-10 0 242.8198109 2.411237266e-35 1.878914428e-127 2.617235688e-27 1.18370356e-07 0.1418006388 0 10230.07021 0.01147210086 0.3074997135 2.627724086e-22 0 4.55802742e-67 0 8.751760851e-38 0.002410098252 0 0 0 8.698079562e-15 0 0 0 0 0 5.209393082e-115 0 0 0 0 0 
0 0 0 0 0 0 0 0 0 0 4.435181732e-15 0 0 0.04188753705 1.241279412e-105 2.139811999e-06 0 0 0 1.691280699e-38 11.45822503 0 5.137446129e-121 0 0 7.107060213e-09 3.651817816e-06 0 0 1.029920876e-19 0 16728.94465 18717.34143 2.867616126e-23 8.946273777e-05 0.0004440407118 0 1.445012793e-17 9.015282545e-37 2399.003595 0.002790009904 0.8732614374 0 0 9.487864561e-07 0 17777.27948 17324.83881 1.239962622e-09 288.9146296 0 0 0 1.712964315e-08 0.1418006388 0 5.691684945 9789.731958 0.0002423082092 2.627724086e-22 0 0 0.0002475635873 8.751760851e-38 1.196076846e-46 0 0 0 4.495897846e-25 0 0 0 0 0 0 4.93887361e-143 0 0 0 0 
0 0 0 0 0 0 0 0 0 0 0 0 0 0 0 1.234100378 0 0 1.345702381e-16 0 6.122292775e-07 0 0 2.444115567e-76 0 0 3.333638323e-06 14942.8708 0 15395.54457 71.3918889 0 1.822560931e-24 5.627760801e-06 25548.68919 0.0003560246163 16922.7264 25923.94775 17171.02167 18079.94303 1.717424178e-57 2.353463116e-45 1702.674325 4.015498664e-26 8.800338173e-14 229.2151864 11674.40844 0.8430948752 11879.64934 181.1349035 0 12148.12341 0 0 0.09283030868 1.814181368e-79 6.572191671 11989.92391 0 2.627724086e-22 0 0 0 0 0.001887785129 0 0 3.72422347e-25 0 0 0 0 0 0 0 4.93887361e-143 0 0 0 0 
0 0 0 0 0 0 0 0 0 0 0 0 0 0 7.469608897e-26 2.139811999e-06 0 0 1.345702381e-16 0 9.355601561 0 3.028003803e-47 2.444115567e-76 4.893817099e-08 0 2.981696761e-06 14942.8708 0 2.874030831e-22 9209.918364 16728.94465 1.288745194e-24 0 25145.89509 2.834619439e-07 0 18731.31271 0 18259.76172 2275.894495 0 1308.280216 2.007749332e-26 1.24455576e-13 0 22150.27841 1.807118862e-10 1429.574976 17569.95802 9.860610333e-23 12086.26187 0 0 0.1312818815 0 5.691684945 0 0.2511531302 0 0 0 1.237685889e-37 0 0 0.001205049126 0 0 1.004367715e-14 0 0 0 0 0 5.209393082e-115 4.93887361e-143 0 0 0 0 
0 0 0 0 0 0 0 0 0 0 70.55951875 0 0 0.04188753705 1.234101251 1.234100378 0 0 2.544160391e-14 0 6.122292775e-07 0 5.137446129e-121 0 0 0 0 30413.63973 0 0 10088.96008 0 17086.51687 0 3.943766532e-09 2.454852445e-07 0 4032.718902 17171.02375 5.347500624e-05 9.915553115e-58 0.8732614374 1294.016654 17253.0956 6.872389521e-06 0 12767.10649 17324.59544 12416.16926 0 0 17180.04088 0 1.413978941e-07 0.1071912074 0 5.691684945 0.01147210086 0 1.838519498e-175 0 0 0 0 0.002179826505 0 0 2.63342367e-25 6.358159708e-25 0 0 0 0 0 5.209393082e-115 4.93887361e-143 0 0 0 0 
0 0 0 0 0 0 0 0 0 0 88.00318151 0 0.005065024079 0.04188753705 1.234101251 0 0 0 2.544160391e-14 1.691280699e-38 13145.60798 0 0 12880.8492 0 413.5461811 5.639836152e-30 18301.20438 0 2.84824495e-08 76.32112715 16728.94465 15148.86606 0 8.429786052e-05 6.183900012e-24 1.864936041e-20 4032.718902 17170.69917 751.8223836 2077.598155 1.069517009 216.2482823 0 9.34443861e-06 0 19476.53907 17324.83861 0 23087.48326 0 0 22105.60665 1.14197621e-08 0.1136934445 1.289762752e-34 11183.3728 0.01147210086 0 2.627724086e-22 0 4.55802742e-67 0.0002475635873 0 1.196076846e-46 0.001205049126 0 3.72422347e-25 0 0 0 0 0 0 0 4.93887361e-143 0 0 0 0 
0 0 0 0 0 0 0 0 0 0 0 2.316893948e-25 0.008772879047 0 0 2.139811999e-06 0 0 0 0 11884.35254 0 9308.152757 0 4.893817099e-08 0 19898.11183 3.754334038e-07 0.1895442292 2.014013319e-08 21096.03913 23658.30041 15148.86606 0 20161.56945 0.0004440407118 20935.47645 2912.891033 17009.13363 17175.12962 0.003417045876 0.8732614374 1372.510581 0 8.216731847e-07 16510.10674 703.0098213 16334.0146 2.903796868e-18 19489.37399 3.903026251e-21 12086.26187 6101.474859 1.211248683e-08 14135.30895 2.419916788 10227.7487 14954.06007 0.2511531302 0 0 0 7.816929021e-20 0 0 0.001205049126 0 0 1.004367715e-14 0 0 0 0 0 0 0 0 0 0 0 
0 0 0 0 0 0 0 0 0 1.679253029e-131 1.011653083e-68 0 0 0.04188753705 0 2.139811999e-06 0 0 0 1.691280699e-38 7395.958417 0 5.137446129e-121 0 0 0 16974.93101 3.754334038e-07 0 28108.29015 100.2396197 16728.94465 17086.51687 28512.60637 19885.62056 0.0004439872298 18920.1833 1.69298828e-07 21030.85204 0 0.00311932509 0 216.2482823 0 1.006339983e-06 229.2151864 30103.96584 0.0004881918681 2.903796868e-18 24602.60778 2.411237266e-35 0 0 9.889804082e-09 0 0 10002.71272 11304.20869 0 0 0 0 0 0 0.002312055155 0 0 0 0 0 0 0 0 0 3.614605759e-97 4.93887361e-143 0 0 0 0 
0 0 0 0 0 0 7.755266694e-97 0 0 0 57.61160581 2.316893948e-25 0 0.04188753705 1.234101251 0 0 0 0 4799.301887 9059.806481 0 1.752526367e-11 10517.16933 177.9564473 0 16001.7556 3.754334038e-07 4.711508618e-42 3.894389803e-06 21096.0391 16728.94465 27425.84258 2.213728795e-94 24784.06479 3.471685621e-07 3.695710528e-07 18834.49403 16787.27353 16668.80568 2322.825352 1.333925962 18187.12008 0 8.216731847e-07 229.2151864 24993.24986 21296.89675 10832.20049 0 9.860610333e-23 12148.12341 16543.38312 1.510692527e-08 11541.43143 0 19549.08288 0 3.865379449 2.627724086e-22 7.894735074e-67 0 1.105480704e-19 0 0.001887785129 0 0 3.72422347e-25 4.495897846e-25 0 0 0 0 0 0 0 3.975935642e-112 0 0 0 
0 0 0 0 0 0 0 0 0 0 0 3.276582844e-25 0 0.04188753705 1.007639452 0 0 2.284635472e-43 0 0 7846.022566 3.890409303e-15 16909.09919 0 0 0 15182.64033 22576.99995 0 6.744071497e-20 0 16728.94465 27425.84258 0 17902.59776 3.471685621e-07 34857.03513 24758.74097 0.04066033247 24490.02519 1.973057791e-33 0 305.8212537 0 6.146710925e-06 21627.8738 0 3.333192566e-09 12507.94774 16539.76457 0 0 9127.967975 3.098537718e-26 13326.89709 2.419916788 11549.31808 11304.20545 13553.44203 0 0 0 0.0002475635873 0 0.002669731333 0 0 0 7.101952223e-15 0 0 0 0 0 0 0 0 0 0 0 
0 0 0 0 0 0 0 0 4.353803925e-72 0 7.153467551e-69 0 0 0.05923792298 1.007639452 5.0348978e-37 0 0 0 0 12274.77224 3.890409303e-15 10687.0505 12144.18109 217.9512462 337.6590429 0 23622.34951 0 17212.7421 17630.83935 0 17086.51687 0 32244.00351 2.454852445e-07 39073.71023 0.0613276364 32773.0321 28506.05736 0.003417045876 0 1120.651954 17253.0956 8.216731847e-07 14207.06079 16867.17762 0 12507.94774 26877.02613 0 28990.73858 22679.91949 3.098537718e-26 0.1136934445 0 15508.08699 11989.92401 0 6452.123184 4.55802742e-67 0 7.816929021e-20 0 0 0 0 0 7.101952223e-15 0 0 0 0 0 0 0 3.975935642e-112 0 0 0 
0 0 0 0 0 0 0 0 0 1.679253029e-131 66.52415224 0 0.005065024079 0 1.126575156 2.139811999e-06 0 0 0 0 13461.20438 3.890409303e-15 0 0 557.6488281 337.6590429 2.493938334e-102 25.12329235 4.711508618e-42 24342.49333 20924.08091 0 0.1226561281 20055.33627 30141.99847 0 0 0.0613276364 0 15361.90294 0.002790009904 0 28280.82203 0 8.800338173e-14 229.2151864 25765.0394 4.0823105e-09 0.910646545 0 0 11500.61322 20988.23423 1.211248683e-08 11541.43143 0 10230.07021 11989.91932 12858.62111 0 4.55802742e-67 0 0.006479397631 0 0 0 0 0 0 0 0 0 0 0 0 4.93887361e-143 0 0 0 0 
0 0 0 0 0 0 0 0 0 1.679253029e-131 57.61160581 3.276582844e-25 0 0.04188753705 1.234101251 0 3.304187382e-05 2.284635472e-43 0 0 1.198968298e-06 5318.615991 6.78975006e-54 20702.88453 11950.4152 0 18163.75493 18431.67897 0 0 0 0 18553.44594 2.213728795e-94 32337.29933 0 25500.61101 0.07081505477 31501.44832 24276.84147 1.144949452e-57 17339.6517 0 24117.75187 0 22486.80675 8.986920697e-51 23647.71042 0.5961581034 12775.64258 0 23016.39306 20480.63425 3.098537718e-26 18701.00693 2.419916788 8352.817346 0.01395428009 21161.28834 0 4.55802742e-67 0 1.105480704e-19 0 0 0 0 0 0 0 0 0 0 0 0 6.984622042e-143 3.975935642e-112 0 0 0 
0 0 0 0 0 0 0 7.226467411e-18 8.70760785e-72 0 57.61160581 3.276582844e-25 0 0 1.234101251 0 0 2.284635472e-43 0 0 0.4072389226 5318.615991 16750.4309 13165.80783 13799.15086 0 0 19545.55024 0 22399.7738 20001.15997 23438.20737 24580.52603 16375.1135 18601.29476 2.454852445e-07 16922.7264 0.07511065172 27021.94204 36054.66191 14924.56694 264.4943894 0 17253.0956 0 22985.96612 25377.908 31960.55915 10832.20049 10365.43367 0 10842.88213 20988.23423 3.098537718e-26 11541.43143 0 13823.28907 0 17930.72266 0 0 0 0.007169349986 0 0.001887785129 0 0 0 0 0 0 0 0 0 0 0 5.622822109e-112 0 0 0 
0 0 0 0 0 5.481822285e-106 5.483801669e-97 7.226467411e-18 4.353803925e-72 1.679253029e-131 70.55951875 2.316893948e-25 0.005065024079 0 0 5.0348978e-37 3.304187382e-05 2.284635472e-43 0 4799.301887 7846.022566 3.890409303e-15 282.9834702 19922.31477 11950.4152 337.6590429 24817.30571 26630.20612 0 3.894389803e-06 24383.20221 0 17492.38609 0 31684.81745 0 20160.90656 17579.6411 20121.03123 24520.79885 16349.04395 1.069517009 16351.81133 29420.3019 20705.32903 32152.05933 16600.72558 0 15476.55081 12775.64258 0 12086.26187 9320.156798 0 18701.00693 0 15508.08699 11989.92391 15463.76075 1.420592058e-138 0 0 0.0003032022339 0 0.001887785129 0 0 0 0 1.920730838e-69 0 0 0 0 3.614605759e-97 0 3.975935642e-112 0 0 0 
0 0 0 0 0 5.481822285e-106 0 7.226467411e-18 4.353803925e-72 0 57.61160581 2.329661919e-70 2.108694101e-161 0 7.469608897e-26 0 0 0 0 0 13516.34529 3.890409303e-15 6.78975006e-54 0 0 13859.97313 5.066919662 24384.15941 16880.82781 17291.35899 0 16414.70691 25256.50945 1.565342643e-94 18601.29476 3.01753501e-07 34335.44553 17021.47798 0.03521288084 840.5629803 0.003056302721 0 23074.31515 0 34182.53881 23318.12163 25171.32693 28650.6463 30.38351877 10365.43367 0 13279.76428 30238.08089 0 0 2.419916788 21492.12769 0.01147210086 13392.79804 6452.123184 4.55802742e-67 0 0.008388571569 0 0.001887785129 0 0 0 0 0 0 0 0 0 0 0 0 0 0 0 
0 0 0 0 0 5.481822285e-106 5.483801669e-97 0 0 1.679253029e-131 70.55951875 0 0 0 7.469608897e-26 0 0 2.284635472e-43 0 4799.301887 14178.55652 6513.947657 9308.152757 10517.16933 9757.47315 13859.97313 19898.11183 13199.54966 6.663079387e-42 17291.35899 24234.3406 0 0 20055.33627 23803.07849 16875.84404 25790.68235 17579.46946 15363.10877 686.3167998 0 0.8732614374 16351.81133 17253.0956 20705.32903 16696.77813 20657.98928 1.209222013 0 19976.95935 0 13279.76428 22301.77768 0 0 2.419916788 22070.03635 0 3.644314997 6452.123184 0 0 0.00726471608 0 0 0 0 0 0 0 0 0 0 0 0 0 0 0 0 0 
0 0 0 0 0 0 6.131076652e-97 0 4.353803925e-72 0 1.565713006e-47 2.329661919e-70 1.494683498e-161 0 5.0348978e-37 0 3.304187382e-05 13220.40849 0 0 13019.43401 0 0 0 217.9512462 515.7827071 16246.74028 13630.07536 0 24453.67439 21273.02822 0 16794.12878 20055.33627 40215.13038 3.01753501e-07 29063.47423 1.66855705e-17 11099.85629 33097.27485 1.333630982e-08 1.336906123e-05 25033.94123 0 16905.8592 37030.43945 32834.12945 19263.52113 11052.72554 28454.72321 0 13956.01308 26012.41236 3.098537718e-26 11541.43143 3.422279142 0 9789.731958 23376.2822 1.004510277e-138 0 0 0 0 0 0 0 0 0 1.920730838e-69 0 0 0 0 0 4.93887361e-143 0 0 0 0 
0 0 0 0 0 0 9.494794716e-106 0 0 1.679253029e-131 0 0 1.494683498e-161 0.04188753705 5.0348978e-37 0 0 2.798095578e-43 0 9598.603774 0 0 11400.11235 13165.80783 251.6684213 13859.97313 6.205683869 16.44705561 19708.08184 17291.35899 30084.60726 16414.70691 29105.4275 28362.52856 25565.20291 16024.66661 15131.92922 0.07081505477 28153.42083 24773.85905 0.003119324279 17339.6517 0 17253.0956 32157.14759 22833.54468 18185.18374 1.710098171 16883.31713 12775.64258 0 10842.88213 19815.15987 20589.7852 11541.43143 3.422279142 19549.08288 0 15464.21599 7902.204779 4.55802742e-67 0 7.816929021e-20 0 0 0 0 0 0 0 0 0 0 0 3.614605759e-97 0 5.622822109e-112 0 0 0 
0 0 0 0 0 0 5.483801669e-97 0 0 1.679253029e-131 0 0 0 0 0 0 1.218473014e-31 9993.687755 0 0 8.477986138e-07 4.764758842e-15 231.0550358 13165.80783 11185.67711 16841.59607 16246.74028 21281.36133 0 19332.32706 29430.16968 0 24573.14196 16375.1135 17312.2073 23116.69407 16461.31129 19570.91648 22282.37378 20198.46532 15414.02646 1.336906123e-05 37325.74232 16849.7869 28117.30009 16274.62098 7.693079826e-79 0 19254.97859 12775.64258 0 0 24306.09557 14559.17674 0 0 13823.28907 0 18018.62479 1.004510277e-138 0 0 0.0002475635873 0 0 1.163314386e-162 0 0 1.374855437e-60 1.920730838e-69 0 0 0 0 5.111824488e-97 0 0 0 0 0 
0 0 0 0 0 0 0 7.226467411e-18 0 1.679253029e-131 0 2.83760398e-25 0 0 5.0348978e-37 0 0 13125.63576 0 1035.88491 16238.08715 5318.615991 416.5403896 13165.80783 10655.28482 477.521998 4.388081146 18434.04326 23873.09564 8237.601412 0.008236083286 0 7321.539926 0 28954.20122 0 6.054347704e-05 32568.40083 16428.76279 25621.85293 14893.10422 31259.50165 29457.73979 33222.43742 40109.13937 24942.20747 7.782901625e-51 0 19794.07457 13571.65668 0 11384.77778 23860.62131 17742.2913 0 2.419916788 10002.71272 10542.92327 21232.72804 13222.91772 0 0 0.007169349986 0 0 2.889030512e-25 0 0 0 1.920730838e-69 0 0 1.873360781e-32 0 0 0 0 0 0 0 
0 0 0 0 0 0 5.483801669e-97 0 0 0 1.917598974e-47 0 1.494683498e-161 0 0 0 1.977781105 10599.90838 0 0 11885.0453 5.942698372e-15 266.7993743 0 217.9512462 337.6590429 1.763480707e-102 9.865786859e-08 29967.30687 22474.14299 20957.55871 23213.90114 7321.539926 0 34355.22967 16008.18399 27482.59641 29816.74988 17171.61879 24731.53636 16349.04395 21236.64949 24923.05628 8989.598681 0.1223608416 32635.29391 19168.86676 1.209222013 13254.32441 10365.43367 7.299094529e-22 0 19584.05121 17742.2913 0 0 10002.71272 0 13392.79804 7450.270114 0 0 0 0 0 0 0 0 0 1.920730838e-69 0 0 0 0 0 0 0 0 0 0 
0 0 0 0 0 0 8.376645414e-97 7.226467411e-18 4.353803925e-72 0 2.329661919e-70 0 1.494683498e-161 0 5.0348978e-37 0 3.304187382e-05 10599.90838 0 6787.237819 8.477986138e-07 2.010160932e-161 0 16954.5566 11210.91419 13859.97313 0 17904.74028 22756.93272 28327.94189 26147.40411 16414.70691 20904.89593 2.349009356e-128 34396.60039 23107.98263 23553.66437 24782.42157 32022.11855 29069.35281 1.973057791e-33 21236.64949 19938.89427 24117.75187 24084.8136 16696.77813 1.602394693e-60 0 23800.55189 0 7.299094529e-22 9295.632133 7.414881252e-25 14559.17674 0.1220163323 0 10002.71272 0 15737.42269 0 0 0 0.008388571569 0 0 0 0 0 0 0.0002335450558 0 0 0 0 0 0 3.975935642e-112 0 0 0 
0 0 0 0 0 0 5.483801669e-97 0 0 1.679253029e-131 2.391666122e-47 0 0 0 0 0 3.304187382e-05 12239.71991 0 1035.88491 8.477986138e-07 6141.408748 231.0550358 15630.63852 11766.47832 16938.75859 4.388081146 9.865786859e-08 25192.36755 5.948778685e-06 20103.82652 136.15135 24566.01812 0 23221.34873 23107.98263 23145.35768 17082.9744 190.0918191 1.217538382e-06 751.8223857 1.491599833e-05 0.003716425808 8989.598681 19567.52526 28288.47608 16600.72558 0 21497.3758 15234.84244 0 13213.22515 8341.95391 0 11541.43143 0 10002.71272 10542.92327 19242.4372 6452.123184 0 0 0.009059755831 0 0 0 0 0 0 0 0 0 2.649332224e-32 0 0 0 3.975935642e-112 0 0 0 
0 0 0 0 0 6.177998319e-173 0 1.021976822e-17 0 0 1.565713006e-47 0 2.108694101e-161 0 5.0348978e-37 0 2.283735369 0 2.853040722e-30 0 0 6513.947657 0 17110.94819 9757.47315 177.9564473 4.388081146 9.865786859e-08 19708.08184 4.769633938e-06 16414.70691 0 7321.539926 0 20188.90874 16875.84404 22773.13497 28598.20568 26929.99368 30427.77609 0 26486.75548 29749.06623 19890.18558 15268.60445 0 1.602394693e-60 0 12758.25013 149.2259081 0 9295.632133 11797.30436 14559.17674 0.1220163323 0 0 10542.92327 16605.08611 0 0 0 0 0 0 1.163314386e-162 0 0 1.374855437e-60 2.7163236e-69 1.798351881e-20 0 0 0 3.614605759e-97 0 0 0 0 0 
0 0 0 0 0 0 0 0 0 0 2.391666122e-47 0 0 4.970652231e-58 5.0348978e-37 0 3.304187382e-05 9993.689459 0 0 0 0 4.80107831e-54 17110.94819 482.9380516 89.37405541 0 18164.40784 19492.30096 16381.92634 30848.69024 0 25844.93599 4.068603553e-128 25052.1137 19474.93777 7.139020928e-08 27829.81844 15433.61552 1.653431307e-07 13348.93849 19386.31996 29705.75296 0 22594.63196 24964.28002 23304.67456 0 16682.84978 105.5186515 0 14199.31263 10216.76527 9.315832027e-87 0.1220163323 0 0 10542.92327 20621.85244 1.004510277e-138 0 0 4.300023657e-06 0 1.752885283e-96 0 0 1.374855437e-60 4.287254556e-48 1.920730838e-69 1.798351881e-20 0 0 0 0 0 0 0 0 0 
0 0 0 0 0 0 0 0 0 0 1.565713006e-47 0 2.108694101e-161 4.970652231e-58 5.0348978e-37 0 0 1.84790582e-31 0 0 0 5318.615991 0 7354.954573 591.4759013 0 0 18760.11975 16091.58144 3.894389803e-06 18954.06979 0 30010.99097 2.349009356e-128 22219.93757 21521.52694 20925.31537 25366.18455 16915.20246 2.996469703e-19 0 7.26129151e-07 18322.96858 16849.7869 19332.21204 19614.0404 18880.50875 0 13536.76892 19193.22094 0 9295.632133 21660.39924 22095.82483 0.172557152 0 0 0.01147210086 17374.10192 0 0 0 5.266431921e-06 0 0 2.042853066e-25 0 1.374855437e-60 7.841401627e-64 0 0 0 0 0 5.111824488e-97 0 0 0 0 0 
0 0 0 0 0 0 0 7.226467411e-18 0 1.679253029e-131 0 0 0 7.029563798e-58 5.0348978e-37 0 3.304187382e-05 3.423871658e-184 5.653736796e-28 1035.88491 0 2.010160932e-161 0 7354.954573 682.9775423 0 4.388081146 4.645671061e-19 19708.08184 17375.77131 18474.35782 136.15135 2.966901968e-06 0.1416310971 17238.22586 0 4.281070317e-05 13534.29177 20570.22946 34195.98815 13348.93849 3.557979325e-59 0 10380.27626 22474.77721 0 18185.18374 1.209222013 13266.682 13571.65668 7.299094529e-22 13146.00903 8341.95391 11614.97855 0 0 0 14909.94508 175.1686911 1.004510277e-138 0 0 4.300023657e-06 0 0 2.501973816e-25 0 0 0 0 0 0 0 0 3.614605759e-97 0 0 0 0 0 
0 0 0 0 0 0 0 7.226467411e-18 6.046438141e-100 0 0 0 0 0 0 0 0 0.01803106768 0 5584.622621 0 5318.615991 0 0 2.115933727e-06 16974.93101 0 9.865786859e-08 20674.70729 0 0.0119557272 192.5470857 17068.77605 0 31674.55298 61.92841223 5.048050109e-08 6.009212072e-08 18825.91646 29627.59493 0 0 0.006118885898 1.857607305e-05 1.115167004e-39 16274.62098 16355.2326 0 30.38351877 161.1824026 1.032247848e-21 2.048149204e-18 1.842354689e-31 13411.82198 0.1220163323 0 0 0 17374.10192 0 0 0 4.300023657e-06 0 1.239477071e-96 1.163314386e-162 0 0 7.841401627e-64 0 0.0002912818611 0 1.873360781e-32 0 0 0 0 0 0 0 
0 0 0 0 0 0 0 0 4.353803925e-72 0 2.329661919e-70 1.405696783e-69 0 0 0 0 3.304187382e-05 3.189796499e-30 0 0 0 5318.615991 0 0 0 178.7481108 0 18760.11975 0 14187.25787 2.150565134e-19 207.9746171 3.763718397e-90 8185.730487 32906.91402 0 15819.28701 0.4121172722 27259.34134 20198.46532 16349.04395 1.336172375e-13 23176.92693 11009.91347 12466.76333 9282.496276 24991.65991 0 42.96878432 6.235291313 7.299094529e-22 0 0 9.315832027e-87 0.2113384869 7.597666673e-15 0 12912.39121 21513.07614 0 0 0 0 0 1.239477071e-96 2.501973816e-25 0 1.374855437e-60 0 0 0.0002335450558 0 0 0 0 0 0 0 0 0 
0 0 0 0 0 0 0 0 8.550954823e-100 0 2.329661919e-70 0 0 0 0 0 1.977781105 0.01790180125 0 1035.88491 9.072039401e-19 2.010160932e-161 0 0 1.672792489e-06 99.92323167 0 4.023269157e-19 18580.95776 4.966072517e-05 19103.55302 9.375292852e-23 18397.05634 0 16553.88983 21521.52694 4727.699343 5.665539474e-08 8.114253331e-117 19043.29573 0 1.543726219e-05 0.004800175717 22080.03408 1.115167004e-39 9282.496276 0 0 2.573548324e-72 15641.5395 0 2.048149204e-18 9295.632133 10950.70679 0 1.074472325e-14 0 1.961216205e-10 175.1686911 5.777085304e-80 0 0 4.300023657e-06 0 1.239477071e-96 2.501973816e-25 0 1.944339205e-60 0 0 3.114836827e-20 0 1.873360781e-32 0 0 0 0 0 0 0 
0 0 0 0 0 0 0 0 0 0 2.899646113e-104 0 0 4.970652231e-58 0 0 0 0.01180410464 0 1464.962489 9.072039401e-19 0 0 0 1.496191087e-06 109.4001248 0 19492.30096 19707.77646 3.314742445e-21 4022.548366 204.9820236 18397.05634 0 16553.88983 22739.98129 4727.699343 18737.44039 40600.16832 19488.16031 13348.93849 6.628622001e-07 0 0.004286933238 0.1059675972 13127.43213 34.13918616 0 3.669391107e-183 15670.5637 7.299094529e-22 2.048149204e-18 5.505327079e-23 9.315832027e-87 0 1.074472325e-14 0 10542.92327 20262.5411 8.170032388e-80 0 0 0 0 0 2.358883535e-25 0 1.374855437e-60 6.063093538e-48 0 0.0001906887396 0 1.873360781e-32 0 0 0 0 0 0 0 
0 0 0 0 0 6.177998319e-173 0 0 6.046438141e-100 0 1.917598974e-47 0 0 7.029563798e-58 0 0 1.977781105 0.01261911205 0 0 1035.88491 5318.615991 0 0 2.071840136e-71 136.5050749 0 5.689761806e-19 0.8363919282 16382.0343 0.007940884958 1.148234184e-22 4.609594804e-90 3.965283666e-52 31845.73511 14628.45229 4727.699343 0.4078530452 17795.0994 18869.33009 13348.93849 1.071321265e-13 0.004800175717 0.1542198305 13938.26513 1.244472509e-41 41.81179316 0 37.21205879 117.5075023 7.299094529e-22 0 1.163157441e-40 11614.97855 0 0 0 0 8237.399137 0 3.866431433e-20 0 2.866221957e-50 0 1.239477071e-96 0 0 0 7.841401627e-64 0 0 0 0 0 3.614605759e-97 0 0 0 0 0 
0 0 0 0 0 6.177998319e-173 0 8.248315967e-120 0 0 2.899646113e-104 0 0 4.970652231e-58 0 0 0 3.556144263 0 0 9.072039401e-19 2.010160932e-161 0 0 1.496191087e-06 0.1480096074 0 0 1.142728921 2.923281904e-21 3672.067175 152.2218333 17068.77605 0 15994.82148 2.091880279e-29 6685.97653 0.5451799254 18425.62402 2.996469703e-19 1.036931935e-06 6.628622001e-07 0 10380.27626 19567.52526 16014.79693 41.81179316 0 1.819773472e-72 15165.83481 0 2.048149204e-18 1.163157441e-40 9.315832027e-87 0 3.147978599e-09 0 0 247.7259386 5.777085304e-80 0 0 0 4.300023657e-06 0 0 0 0 7.841401627e-64 1.920730838e-69 0.0002201883903 0 2.649332224e-32 0 0 0 0 0 0 0 
0 0 0 0 0 6.177998319e-173 0 8.8505789e-18 0 0 2.899646113e-104 0 0 4.970652231e-58 0 0 0 2.211226487 3.997795628e-28 0 9.072039401e-19 0 0 0 2.071840136e-71 0.1480096074 9.687894643e-29 1.416418993e-107 1.174293201e-25 6.569496436e-05 0 9.375292852e-23 0 0 6.713488545e-08 1.859257653e-11 7221.680034 0.4121172864 18902.24146 16491.97787 1.036931935e-06 6.628622001e-07 0 0.1542198305 13938.26513 11368.68971 0.0006736667559 0 0 4.40901677 7.299094529e-22 9632.458671 1.163157441e-40 3.820162779e-15 0.1220163323 3.147978599e-09 0 0 13606.45783 2.105691264e-26 5.46795977e-20 0 4.053449965e-50 4.300023657e-06 0 3.120509603e-25 0 0 5.25079303e-48 0 0.0002335450558 0 2.649332224e-32 0 0 0 0 0 0 0 
0 0 0 0 0 0 0 0 0 0 2.899646113e-104 0 4.970652231e-58 0 0 0 0 3.021110524 3.997795628e-28 0 9.072039401e-19 0 0 7354.954573 2.071840136e-71 0.1480096074 0 2.003118949e-107 1.660701371e-25 3.911320526e-26 3284.396988 0 0 8185.730487 26152.33512 3.744035303e-24 4727.699343 0 17579.73722 0 16877.2419 8.1183708e-07 0 19456.458 5.316874926e-38 1.244472509e-41 0 1.209222013 0 0 0 0 1.644953028e-40 6.766825753e-17 0 0 0 1.078525873e-28 0 5.777085304e-80 3.866431433e-20 0 0 0 0 0 0 1.374855437e-60 6.063093538e-48 0 0.0001906887396 0 0 0 0 0 0 0 0 0 
0 0 0 0 0 0 0 0 6.046438141e-100 0 0 1.405696783e-69 0 0 0 0 0 3.279792534e-30 3.997795628e-28 0 1196.136863 0 0 10401.47651 2.93002442e-71 0.1480096074 4.927478266e-19 19492.30096 0.7480916829 15166.81662 3672.067465 149.1463279 20904.89593 6.868072775e-52 16553.88983 45.32695651 0 0.4121172864 24972.48273 3.669672097e-19 0 6.628622001e-07 0 0 1.494919999e-05 0 4.043792154e-17 0 2.228758227e-72 15669.92789 7.299094529e-22 6.235855841e-42 8.409526022e-23 4.051894509e-15 0 5.452458875e-09 0 0 214.536956 8.170032388e-80 0 0 4.053449965e-50 4.300023657e-06 0 4.963029448e-96 0 1.374855437e-60 0 0 0 0 0 0 0 0 0 0 0 0 
0 0 0 0 0 6.177998319e-173 0 0 1.047273806e-99 0 0 0 0 0 0 0 0 3.494246992e-30 4.616256764e-28 0 0 0 0 0 0 0.2093171941 9.687894643e-29 0 0.7480916829 4.300744957e-05 3792.49497 2.946227263e-05 0 3.965283666e-52 0 1.518077516e-11 13698.83452 0 1.265018818e-42 0 0 6.628622001e-07 0 0.1454054601 4.338878686e-38 16862.49188 39.42045725 0 2.779749894e-72 129.2334273 0 0 0 5.046778827e-15 0 0 0 7.626329587e-29 0 1.000620527e-79 4.235463153e-20 0 0 0 1.239477071e-96 7.018783556e-96 0 0 4.287254556e-48 0 0 0 0 0 0 0 0 0 0 0 
0 0 0 0 0 6.177998319e-173 0 0 0 0 5.022334391e-104 0 0 0 0 0 0 3.294407658e-30 4.896279692e-28 0 9.072039401e-19 2.010160932e-161 0 1.08699011e-118 1.496191087e-06 0 4.023269157e-19 1.416418993e-107 1.348641461 3.813599148e-25 4022.548366 2.946227263e-05 0 3.965283666e-52 22641.39417 1.6629706e-11 5.980344423e-41 0 290.3700499 5.987708617e-108 0 3.557979325e-59 0 0.125925147 2.084566344e-05 1.52391852e-41 52.14840823 0 0 0 0 3.547498483e-18 1.163157441e-40 1.033649708e-16 0 4.451914029e-09 0 7.626329587e-29 1.961216205e-10 0 0 0 2.866221957e-50 0 1.239477071e-96 2.042853066e-25 0 0 0 0 0.0002696746017 0 0 0 0 0 0 0 0 0 
0 0 0 0 0 0 0 0 6.046438141e-100 0 0 0 0 0 0 0 0 1.861248274e-31 4.896279692e-28 0 9.072039401e-19 0 0 0 1.496191087e-06 0.1480096074 4.023269157e-19 1.103657093e-25 2.354864585e-11 4.789006934e-26 4022.548366 0 0 0 15607.15701 15108.20056 0 0 1.36637649e-42 7.165988549e-23 0 6.628622001e-07 0 0 1.929933421e-05 1.52391852e-41 0.0008402100645 0 3.669391107e-183 35.77617949 0 0 7.785708221e-23 9.315832027e-87 0 3.147978599e-09 0 7.626329587e-29 175.1686911 0 1.488948572e-26 0 0 0 1.239477071e-96 7.018783556e-96 0 0 6.548889509e-48 0 0 0 0 0 0 0 0 0 0 0 
0 0 0 0 0 6.177998319e-173 0 0 0 0 0 1.987955454e-69 0 0 0 8.041639368e-56 0 1.484889761e-07 0 0 1035.88491 0 0 1.08699011e-118 1.832452361e-06 6.210002085e-150 0 1.103657093e-25 1.660701371e-25 6.569496436e-05 9.375292852e-23 0 0 0 6.842325759e-41 18867.76722 4.228742096e-41 5.114354725e-18 1.960557493e-75 0 0 0 0 1.555071375e-05 1.335887308e-39 10718.50345 0.0005500466029 0 0 13571.65668 0 2.508460233e-18 0 4.02502755e-15 0 0 0 0 214.536956 0 2.105691264e-26 0 2.866221957e-50 0 0 4.963029448e-96 0 0 7.841401627e-64 0 0 0 0 0 0 0 0 0 0 0 
0 0 0 0 0 0 0 1.166488031e-119 0 0 2.899646113e-104 1.987955454e-69 0 0 0 1.137259546e-55 0 3.494246992e-30 0 0 9.072039401e-19 0 0 1.08699011e-118 0 0 0 1.103657093e-25 0 4.789006934e-26 3.862541434e-11 2.483258718e-19 2.661350801e-90 0 0 5.220808735e-24 2.146885812e-11 3.616394907e-18 0 5.851005149e-23 0 0 0 1.298766726e-06 1.115167004e-39 5.9512287e-45 0.0008281200807 0 0 15671.19927 0 0 0 8.287635136e-17 0 0 0 0 1.961216205e-10 0 3.866431433e-20 0 2.866221957e-50 0 0 0 0 0 7.841401627e-64 0 0 0 0 0 0 0 0 0 0 0 
0 0 0 0 0 0 0 0 0 0 2.899646113e-104 0 0 0 0 1.137259546e-55 0 0 3.997795628e-28 0 0 0 0 1.08699011e-118 0 0.1812740076 6.850375998e-29 1.91159016e-25 1.174293201e-25 3.201112856e-25 0 2.483258718e-19 0 0 13516.19445 5.744174563e-39 0 5.114354725e-18 15979.70535 8.467898734e-108 0 0 0 1.555071375e-05 0 1.52391852e-41 0 0 3.669391107e-183 2.101289351e-72 0 0 0 3.811184248e-15 0 3.855467543e-09 0 7.626329587e-29 1.961216205e-10 0 4.73539146e-20 0 0 0 1.239477071e-96 4.963029448e-96 0 0 4.287254556e-48 0 0 0 0 0 0 0 0 0 0 0 
0 0 0 0 0 0 0 8.248315967e-120 6.046438141e-100 0 0 0 0 0 0 8.041639368e-56 0 1.81861112e-07 0 0 0 0 0 0 0 6.210002085e-150 0 1.351698365e-25 2.719163404e-11 6.082171846e-05 5.462458481e-11 0 0 0 0 0 0 3.616394907e-18 1.697892595e-75 5.987708617e-108 0 0 0 0 8.136052452e-41 1.52391852e-41 0.0006736667559 0 0 1.819773472e-72 0 0 1.163157441e-40 0 0 0 0 1.320919032e-28 1.961216205e-10 0 0 0 0 4.300023657e-06 0 0 0 0 0 0 0 0 0 0 0 0 0 0 0 0 
0 0 0 0 0 0 0 0 0 0 0 0 0 0 0 0 0 0 0 0 0 0 0 1.537236156e-118 0 6.210002085e-150 0 1.103657093e-25 0 4.789006934e-26 0 2.35582607e-19 0 0 0 3.186294757e-39 2.146885812e-11 0 0 8.114253331e-117 5.987708617e-108 0 0 1.115167004e-39 1.335887308e-39 0 0 0 0 1.819773472e-72 0 0 7.785708221e-23 4.051894509e-15 0 7.597666673e-15 0 0 1.961216205e-10 0 3.866431433e-20 0 0 0 0 0 0 0 0 0 0 0 0 0 0 0 0 0 0 0 
0 0 0 0 0 0 0 0 0 0 0 1.987955454e-69 0 0 0 0 8.041639368e-56 0 3.997795628e-28 0 0 0 0 0 0 6.210002085e-150 0 1.103657093e-25 0 3.342022972e-29 3.862541434e-11 5.848851848e-30 0 0 0 4.185959479e-24 0 3.616394907e-18 1.697892595e-75 8.114253331e-117 0 0 0 0 0 5.9512287e-45 0 0 0 0 0 8.818831903e-42 8.409526022e-23 7.81365734e-17 0 7.597666673e-15 0 0 0 0 3.866431433e-20 0 2.866221957e-50 0 0 4.963029448e-96 0 0 0 0 0 0 0 0 0 0 0 0 0 0 
0 0 0 0 0 0 0 8.248315967e-120 0 0 0 1.405696783e-69 0 0 0 0 8.041639368e-56 0 0 0 0 0 0 0 0 8.782269171e-150 4.023269157e-19 0 0 3.342022972e-29 3.862541434e-11 5.848851848e-30 0 0 0 3.186294757e-39 0 0 0 7.165988549e-23 0 0 0 0 1.150611572e-40 1.244472509e-41 0 0 0 0 0 0 0 2.361545938e-27 0 1.074472325e-14 0 0 0 0 0 0 0 0 0 0 0 0 0 0 0 0 0 0 0 0 0 0 0 0 
0 0 0 0 0 6.177998319e-173 0 8.248315967e-120 0 0 0 0 0 0 0 0 8.041639368e-56 0 0 0 0 0 0 0 2.071840136e-71 0 0 0 1.174293201e-25 5.788553587e-29 3.862541434e-11 7.163351304e-30 0 0 0 0 5.980344423e-41 3.616394907e-18 0 1.013423819e-22 5.987708617e-108 0 0 0 0 5.9512287e-45 0 0 0 1.405357565e-77 0 6.235855841e-42 0 3.308358013e-15 0 0 0 0 1.961216205e-10 0 0 0 0 0 0 0 0 0 0 0 0 0 0 0 0 0 0 0 0 0 
0 0 0 0 0 0 0 0 0 0 2.899646113e-104 0 0 0 0 0 0 8.321942321e-136 0 0 0 0 0 0 0 0 0 0 0 0 0 5.848851848e-30 0 0 0 3.417821602e-24 0 0 0 0 0 0 0 0 0 0 0 0 0 0 0 6.235855841e-42 6.766825753e-17 0 0 0 0 0 0 0 0 0 0 0 0 0 0 0 7.841401627e-64 0 0 0 0 0 0 0 0 0 0 0 
0 0 0 0 0 0 0 8.248315967e-120 0 0 0 1.405696783e-69 0 0 0 0 0 0 0 0 0 0 0 1.08699011e-118 0 6.210002085e-150 0 1.351698365e-25 0 0 9.375292852e-23 0 0 0 0 3.186294757e-39 1.518077516e-11 0 1.265018818e-42 5.851005149e-23 5.987708617e-108 0 0 0 0 0 48.28010007 0 0 0 0 6.235855841e-42 0 0 0 3.147978599e-09 0 0 0 0 3.866431433e-20 0 0 0 0 0 0 0 0 0 0 0 0 0 0 0 0 0 0 0 
0 0 0 0 0 0 0 8.248315967e-120 0 0 0 0 0 0 0 0 0 0 0 0 0 0 0 0 0 0 0 0 0 0 0 0 0 0 0 0 0 0 0 0 5.987708617e-108 0 0 0 8.136052452e-41 0 0 0 0 0 0 8.818831903e-42 0 2.361545938e-27 0 0 0 0 0 0 0 0 0 0 0 0 0 0 0 0 0 0 0 0 0 0 0 0 0 0 
0 0 0 0 0 0 0 0 0 0 0 0 0 0 0 0 0 0 0 0 0 0 0 0 0 0 0 0 0 0 0 5.848851848e-30 0 0 0 0 0 0 0 0 0 0 0 0 0 0 0 0 0 0 0 6.235855841e-42 5.505327079e-23 0 0 0 0 0 0 0 0 0 0 0 0 0 0 0 0 0 0 0 0 0 0 0 0 0 0 0 
0 0 0 0 0 0 0 0 0 0 0 0 0 0 0 0 0 0 0 0 0 0 0 0 0 0 0 1.416418993e-107 0 0 0 0 0 0 0 0 0 0 0 0 0 0 0 0 0 0 0 0 0 0 0 0 6.766825753e-17 0 0 0 0 0 0 0 0 0 0 0 0 0 0 0 0 0 0 0 0 0 0 0 0 0 0 0 
0 0 0 0 0 0 0 0 0 0 0 0 0 0 0 0 8.041639368e-56 0 0 0 0 0 0 1.08699011e-118 0 6.210002085e-150 0 0 0 0 0 0 0 0 0 0 0 0 0 0 0 0 0 0 0 0 0 0 0 0 0 0 0 0 0 0 0 0 0 0 0 0 0 0 0 0 0 0 0 0 0 0 0 0 0 0 0 0 0 0 
0 0 0 0 0 0 0 0 0 0 0 0 0 0 0 0 0 0 0 0 0 0 0 1.08699011e-118 0 0 0 0 0 0 0 0 0 0 0 0 0 0 0 0 0 0 0 0 0 0 0 0 0 0 0 0 0 0 0 0 0 0 0 0 0 0 0 0 0 0 0 0 0 0 0 0 0 0 0 0 0 0 0 0 
0 0 0 0 0 0 0 8.248315967e-120 0 0 0 0 0 0 0 0 0 0 0 0 0 0 0 0 0 0 0 0 0 0 0 0 0 0 0 0 0 0 0 0 0 0 0 0 0 1.244472509e-41 0 0 0 0 0 0 0 0 0 0 0 0 0 0 0 0 0 0 0 0 0 0 0 0 0 0 0 0 0 0 0 0 0 0 
0 0 0 0 0 0 0 0 0 0 0 0 0 0 0 0 0 0 0 0 0 0 0 0 0 0 0 0 0 0 0 0 0 0 0 0 0 0 0 5.851005149e-23 0 0 0 0 0 0 0 0 0 0 0 0 0 2.361545938e-27 0 0 0 0 0 0 0 0 0 0 0 0 0 0 0 0 0 0 0 0 0 0 0 0 0 0 
# Events [PSD_sample/PSD_sample.dat] N:
0 0 0 0 0 0 0 0 0 0 0 0 0 0 0 0 0 0 0 0 0 0 0 0 0 0 0 0 0 0 0 0 1 0 0 0 0 0 0 0 0 0 0 0 0 0 0 0 0 0 0 0 0 0 0 0 0 0 0 0 0 0 0 0 0 0 0 0 0 0 0 0 0 0 0 0 0 0 0 0 
0 0 0 0 0 0 0 0 0 0 0 0 0 0 0 0 0 0 0 0 0 0 0 0 0 1 0 0 0 0 0 0 0 0 0 0 0 0 0 0 0 0 0 0 0 0 0 0 0 0 0 0 0 0 0 0 0 0 0 0 0 0 0 0 0 0 0 0 0 0 0 0 0 0 0 0 0 0 0 0 
0 0 0 0 0 0 0 0 0 0 0 0 0 0 0 0 0 0 0 0 0 0 0 0 0 0 0 0 0 1 0 0 0 0 0 0 0 0 0 0 0 0 0 0 0 0 0 0 0 0 0 0 0 0 0 0 0 0 0 0 0 0 0 0 0 0 0 0 0 0 0 0 0 0 0 0 0 0 0 0 
0 0 0 0 0 0 0 0 0 0 0 0 0 0 0 0 0 0 0 0 0 0 0 0 0 0 0 0 0 1 0 0 0 0 0 0 1 0 0 0 0 0 0 0 0 0 0 0 0 0 0 0 0 0 0 0 0 0 0 0 0 0 0 0 0 0 1 0 0 0 0 0 0 0 0 0 0 0 0 0 
0 0 0 0 0 0 0 0 0 0 0 0 0 0 0 0 0 0 0 0 0 0 0 0 0 0 1 0 0 1 0 0 1 0 0 0 0 0 0 0 0 0 0 0 0 0 0 0 0 0 0 0 0 0 0 0 0 0 0 0 0 0 1 0 0 0 0 0 0 0 0 0 0 0 0 0 0 0 0 0 
0 0 0 0 0 0 0 0 0 0 1 0 0 0 0 0 0 0 0 0 0 0 0 1 0 0 0 0 0 1 0 0 0 0 0 0 0 0 0 0 0 0 0 0 0 0 0 0 0 0 0 0 0 0 0 0 0 0 0 0 0 0 0 0 0 1 0 0 0 0 0 0 0 0 0 0 0 0 0 0 
0 0 0 0 0 0 0 0 0 0 0 0 0 0 0 0 0 0 0 0 0 0 0 0 0 0 0 0 1 0 0 0 0 1 0 0 0 0 0 0 0 0 0 0 0 0 0 0 0 0 0 0 0 0 0 1 0 0 0 0 1 0 0 0 0 0 0 0 0 0 0 0 0 0 0 0 0 0 0 0 
0 0 0 0 0 0 0 0 0 0 0 0 0 0 0 0 0 0 0 0 0 0 1 0 0 0 0 0 0 1 0 0 0 0 0 0 0 0 0 0 0 0 0 0 0 0 0 0 0 0 0 1 0 0 1 0 0 0 0 0 0 0 0 0 0 0 0 0 0 0 0 0 0 0 0 0 0 0 0 0 
0 0 0 0 0 0 0 0 0 0 0 1 0 0 0 0 0 0 0 0 0 0 0 0 0 0 0 0 1 0 0 0 2 0 0 0 0 0 1 0 0 0 0 0 0 0 0 0 0 0 0 0 0 1 1 2 0 0 0 0 2 0 0 0 0 2 0 0 0 0 0 0 0 0 0 0 0 0 0 0 
0 0 0 0 0 0 0 0 0 0 0 0 0 0 0 0 0 0 0 0 0 0 0 1 0 0 0 0 0 1 0 0 2 0 0 0 0 0 1 1 0 1 0 0 0 0 0 0 0 0 0 1 1 1 0 0 0 0 1 0 0 0 1 0 1 2 0 0 0 0 0 0 0 0 0 0 0 0 0 0 
0 0 0 0 0 0 0 0 0 0 0 1 0 0 0 0 0 0 0 0 0 0 1 2 0 0 1 0 1 1 0 0 1 3 0 1 0 2 1 1 0 1 0 0 0 1 0 1 1 1 0 1 1 2 0 3 0 0 1 0 2 0 1 1 0 1 0 0 0 0 0 0 0 0 0 0 0 0 0 0 
0 0 0 0 0 0 0 0 0 0 2 0 0 0 0 0 0 1 0 0 0 0 1 0 0 0 0 1 0 1 0 0 2 0 0 0 0 1 1 0 0 3 0 0 1 0 0 0 0 0 1 3 2 0 0 1 0 0 0 0 0 0 0 1 0 1 0 2 0 0 0 0 0 0 1 0 0 0 0 0 
0 0 0 0 0 0 0 0 0 0 1 0 0 0 0 0 0 1 0 0 1 0 0 2 0 0 1 0 0 0 0 0 3 0 0 0 2 0 3 0 3 0 0 0 2 1 0 1 2 0 0 3 1 1 1 0 2 0 1 0 0 0 0 0 0 2 0 1 0 0 0 0 0 0 0 0 0 0 0 0 
0 0 0 0 0 0 0 0 0 0 0 0 0 0 0 0 0 0 1 0 1 0 1 1 0 1 0 1 1 2 0 0 3 1 0 1 1 1 0 0 0 1 0 0 2 0 0 1 0 0 0 0 1 3 0 0 0 0 0 0 2 0 0 0 0 1 0 2 0 0 0 0 0 0 0 0 0 0 0 0 
0 0 0 0 0 0 0 0 0 0 3 0 0 0 0 0 0 0 1 0 0 0 2 1 0 1 2 0 3 2 0 0 1 0 0 1 1 4 1 1 0 0 0 0 0 1 0 3 2 2 0 2 0 0 2 1 1 0 1 0 0 0 0 0 0 0 0 2 1 0 0 0 0 0 0 0 0 0 0 0 
0 0 0 0 0 0 0 0 0 0 2 0 0 0 2 0 0 1 0 0 3 0 1 0 0 0 3 0 0 1 0 0 4 1 0 1 1 1 2 0 1 0 1 1 2 1 0 4 0 1 0 1 1 1 2 1 2 0 0 0 0 0 1 1 0 0 0 1 0 0 0 0 0 0 1 0 0 0 0 0 
0 0 0 0 0 0 0 0 0 0 1 0 0 0 1 0 0 1 1 0 1 0 0 0 0 0 5 0 0 0 0 0 4 1 1 0 0 6 1 1 1 0 0 0 1 2 2 3 1 0 0 1 0 1 1 1 2 0 1 2 0 0 2 0 0 0 0 0 3 0 0 0 0 0 1 0 0 0 0 0 
0 0 0 0 0 0 0 0 0 0 1 0 0 0 2 1 0 3 2 0 0 0 2 3 0 2 3 0 3 2 0 0 1 0 0 1 0 2 2 3 0 1 3 0 2 1 3 2 2 1 2 2 0 1 0 2 1 0 1 0 0 0 2 0 1 0 0 0 0 0 0 0 0 0 0 0 0 0 0 0 
0 0 0 0 0 0 0 0 0 0 1 0 0 0 1 0 0 0 2 0 0 0 4 0 0 1 5 0 2 1 1 0 2 0 0 4 0 5 0 3 0 1 2 0 1 1 1 0 1 0 0 0 1 2 0 2 1 0 2 0 0 0 0 0 0 0 0 0 1 0 0 0 0 0 0 0 0 0 0 0 
0 0 0 0 0 0 0 0 0 0 1 0 1 0 0 0 0 0 0 0 0 0 2 0 0 1 2 0 0 3 3 0 1 1 0 4 1 5 0 2 0 1 0 1 3 0 1 4 1 1 5 4 1 1 3 2 3 0 3 0 0 0 1 0 2 0 0 1 0 0 0 0 0 0 2 0 0 0 0 0 
0 0 0 0 0 0 0 0 0 0 2 0 1 0 1 0 0 1 0 0 3 0 1 1 0 0 3 0 2 5 1 0 1 2 2 0 1 5 1 4 0 2 6 0 1 1 3 3 1 0 5 0 1 0 0 1 4 0 2 1 0 0 1 2 1 0 0 2 1 0 0 0 0 0 0 0 0 0 0 0 
0 0 0 0 0 0 0 0 0 0 2 0 0 0 0 1 0 0 1 0 3 0 0 0 0 0 1 1 2 2 1 0 5 1 2 1 1 1 0 3 0 1 2 1 1 1 1 2 2 1 2 0 0 1 2 3 2 0 1 4 0 0 0 0 1 0 0 1 0 0 0 0 0 0 0 0 0 0 0 0 
0 0 0 0 0 0 0 0 0 0 0 0 0 0 1 1 0 0 0 0 4 0 2 1 0 0 6 1 1 4 6 1 0 1 1 3 0 6 4 9 1 0 0 1 1 0 2 0 1 2 0 2 0 1 0 1 3 0 3 0 0 0 0 1 3 0 0 0 2 0 0 0 0 0 2 0 0 0 0 0 
0 0 0 0 0 0 0 0 0 0 1 0 2 0 0 0 0 0 0 2 2 0 2 0 1 1 2 0 1 5 2 0 1 2 1 1 0 4 1 2 0 1 5 1 2 1 3 1 0 5 2 1 1 1 3 0 2 1 2 1 0 1 0 1 4 0 0 0 2 0 0 0 0 0 1 0 0 0 0 0 
0 0 0 0 0 0 0 0 0 0 1 0 0 1 1 1 0 0 0 1 2 0 1 0 0 1 2 0 0 4 0 1 5 2 2 3 0 1 1 3 1 1 0 0 3 0 4 2 3 6 0 0 0 3 3 0 1 1 1 1 0 0 1 1 1 0 0 0 1 0 0 0 0 0 0 1 0 0 0 0 
0 0 0 0 0 0 0 0 0 0 0 0 0 0 0 2 0 0 1 0 2 0 0 2 0 0 4 1 0 5 6 0 2 4 5 2 1 5 5 6 3 1 5 4 1 1 1 2 3 3 0 1 0 0 1 3 3 2 0 1 0 0 0 0 1 0 0 2 0 0 0 0 0 0 0 1 0 0 0 0 
0 0 0 0 0 0 0 0 0 0 0 0 0 0 1 1 0 0 1 0 1 0 3 2 1 0 1 1 0 2 4 1 1 0 4 3 0 6 0 5 5 0 2 1 2 0 4 1 2 3 1 1 0 0 2 0 1 0 1 0 0 0 2 0 0 1 0 0 2 0 0 0 0 0 1 1 0 0 0 0 
0 0 0 0 0 0 0 0 0 0 2 0 0 1 2 2 0 0 1 0 2 0 1 0 0 0 0 4 0 0 2 0 1 0 1 1 0 5 5 3 1 1 3 1 4 0 5 2 3 0 0 2 0 2 3 0 1 1 0 1 0 0 0 0 3 0 0 1 2 0 0 0 0 0 1 1 0 0 0 0 
0 0 0 0 0 0 0 0 0 0 3 0 1 1 2 0 0 0 1 1 7 0 0 2 0 2 2 2 0 2 3 1 1 0 3 1 2 5 3 5 1 2 1 0 4 0 3 2 0 5 0 0 3 3 2 2 4 1 0 1 0 1 1 0 1 1 0 2 0 0 0 0 0 0 0 1 0 0 0 0 
0 0 0 0 0 0 0 0 0 0 0 1 3 0 0 1 0 0 0 0 4 0 1 0 1 0 2 1 2 1 3 2 1 0 2 3 2 5 7 4 2 1 2 0 1 2 5 3 2 3 1 1 1 2 2 1 2 3 1 0 0 0 1 0 0 1 0 0 2 0 0 0 0 0 0 0 0 0 0 0 
0 0 0 0 0 0 0 0 0 1 2 0 0 1 0 1 0 0 0 1 3 0 1 0 0 0 2 1 0 4 5 1 1 4 3 3 4 2 2 0 4 0 1 0 2 1 4 1 2 4 2 0 0 1 0 0 1 3 0 0 0 0 0 0 2 0 0 0 0 0 0 0 0 0 1 1 0 0 0 0 
0 0 0 0 0 0 2 0 0 0 1 1 0 1 2 0 0 0 0 1 2 0 2 1 1 0 3 1 1 1 3 1 3 2 6 2 2 3 2 1 4 3 4 0 1 1 6 6 1 0 1 1 4 3 1 0 2 0 2 1 3 0 2 0 1 0 0 2 1 0 0 0 0 0 0 0 1 0 0 0 
0 0 0 0 0 0 0 0 0 0 0 2 0 1 1 0 0 1 0 0 2 1 5 0 0 0 5 2 0 1 0 1 3 0 2 2 5 6 2 3 1 0 2 0 1 4 0 2 3 2 0 0 7 1 3 1 3 3 3 0 0 0 1 0 2 0 0 0 1 0 0 0 0 0 0 0 0 0 0 0 
0 0 0 0 0 0 0 0 1 0 1 0 0 2 1 1 0 0 0 0 3 1 3 3 2 1 0 3 0 2 5 0 1 0 7 1 7 1 6 4 2 0 1 1 1 2 1 0 3 5 0 7 4 1 2 0 3 2 0 1 1 0 1 0 0 0 0 0 1 0 0 0 0 0 0 0 1 0 0 0 
0 0 0 0 0 0 0 0 0 1 3 0 1 0 4 1 0 0 0 0 4 1 0 0 3 1 2 4 1 3 4 0 1 2 4 0 0 1 0 1 1 0 3 0 1 1 3 3 3 0 0 2 3 2 1 0 2 2 5 0 1 0 5 0 0 0 0 0 0 0 0 0 0 0 0 1 0 0 0 0 
0 0 0 0 0 0 0 0 0 1 1 2 0 1 2 0 1 1 0 0 2 1 2 4 2 0 4 3 0 0 0 0 2 2 5 0 3 3 5 5 3 1 0 2 0 2 3 3 1 1 0 4 4 1 2 1 1 2 4 0 1 0 2 0 0 0 0 0 0 0 0 0 0 0 0 2 1 0 0 0 
0 0 0 0 0 0 0 1 4 0 1 2 0 0 2 0 0 1 0 0 3 1 4 1 2 0 0 2 0 2 2 2 4 1 6 1 1 2 5 6 4 2 0 1 0 2 3 6 1 1 0 3 3 1 1 0 1 0 3 0 0 0 2 0 1 0 0 0 0 0 0 0 0 0 0 0 2 0 0 0 
0 0 0 0 0 1 1 1 1 1 2 1 1 0 0 1 1 1 0 1 2 1 2 3 2 1 3 5 0 1 2 0 3 0 7 0 2 3 2 3 2 2 1 3 2 4 1 0 2 1 0 1 4 0 2 0 3 2 3 2 0 0 2 0 1 0 0 0 0 1 0 0 0 0 1 0 1 0 0 0 
0 0 0 0 0 1 0 1 1 0 1 1 2 0 1 0 0 0 0 0 3 1 2 0 0 1 3 4 1 1 0 1 6 1 6 1 5 4 2 2 5 0 2 0 5 2 4 4 1 1 0 2 5 0 0 1 3 1 1 1 1 0 2 0 1 0 0 0 0 0 0 0 0 0 0 0 0 0 0 0 
0 0 0 0 0 1 1 0 0 1 2 0 0 0 1 0 0 1 0 1 3 2 1 1 1 1 2 4 2 1 4 0 0 2 4 1 3 3 5 1 0 1 1 1 2 1 2 1 0 3 0 2 4 0 0 1 3 0 3 1 0 0 2 0 0 0 0 0 0 0 0 0 0 0 0 0 0 0 0 0 
0 0 0 0 0 0 4 0 1 0 1 1 1 0 1 0 1 3 0 0 2 0 0 0 2 3 1 3 0 2 2 0 4 2 6 1 8 3 1 5 2 1 3 0 1 6 4 3 1 4 0 3 5 1 1 2 0 1 5 1 0 0 0 0 0 0 0 0 0 1 0 0 0 0 0 1 0 0 0 0 
0 0 0 0 0 0 3 0 0 1 0 0 1 1 1 0 0 2 0 4 0 0 2 1 2 1 2 1 2 1 3 1 5 3 5 2 2 3 5 3 4 1 0 1 5 2 5 2 4 1 0 3 5 2 1 2 2 0 3 2 1 0 1 0 0 0 0 0 0 0 0 0 0 0 1 0 2 0 0 0 
0 0 0 0 0 0 1 0 0 1 0 0 0 0 0 0 1 3 0 0 1 2 1 1 3 2 1 4 0 4 5 0 3 1 1 3 1 2 2 2 3 1 7 1 3 1 1 0 3 1 0 0 5 1 0 0 1 0 2 1 0 0 1 0 0 1 0 0 1 1 0 0 0 0 2 0 0 0 0 0 
0 0 0 0 0 0 0 1 0 1 0 2 0 0 1 0 0 5 0 1 3 1 4 1 5 2 1 3 2 1 3 0 1 0 3 0 2 7 1 3 4 4 4 8 7 3 1 0 4 1 0 2 5 2 0 1 1 1 4 5 0 0 2 0 0 2 0 0 0 1 0 0 1 0 0 0 0 0 0 0 
0 0 0 0 0 0 1 0 0 0 2 0 1 0 0 0 1 2 0 0 4 4 3 0 2 1 1 1 4 2 2 2 1 0 5 2 4 9 1 5 2 2 4 1 2 4 3 1 2 1 1 0 4 2 0 0 1 0 1 3 0 0 0 0 0 0 0 0 0 1 0 0 0 0 0 0 0 0 0 0 
0 0 0 0 0 0 3 1 1 0 1 0 1 0 1 0 1 2 0 2 1 1 0 2 3 1 0 5 2 3 5 1 2 1 6 3 3 4 5 4 1 2 2 2 5 1 1 0 4 0 1 1 1 1 1 0 1 0 3 0 0 0 2 0 0 0 0 0 0 2 0 0 0 0 0 0 1 0 0 0 
0 0 0 0 0 0 1 0 0 1 4 0 0 0 0 0 1 2 0 1 1 3 1 2 2 2 1 1 3 3 2 1 4 0 2 3 4 7 1 2 5 4 1 1 2 3 1 0 5 1 0 2 1 0 1 0 1 1 2 1 0 0 3 0 0 0 0 0 0 0 0 0 2 0 0 0 1 0 0 0 
0 0 0 0 0 1 0 2 0 0 1 0 2 0 1 0 3 2 1 0 0 2 0 3 1 1 1 1 2 2 1 0 1 0 2 1 3 5 3 5 0 4 5 2 2 0 1 0 3 2 0 1 2 1 1 0 0 1 3 0 0 0 0 0 0 1 0 0 1 2 1 0 0 0 1 0 0 0 0 0 
0 0 0 0 0 0 0 0 0 0 3 0 0 1 1 0 1 3 0 0 0 0 1 3 1 1 0 4 3 3 4 0 3 3 3 3 2 5 1 1 1 4 5 0 2 3 2 0 1 1 0 3 2 1 1 0 0 1 3 1 0 0 1 0 2 0 0 1 1 1 1 0 0 0 0 0 0 0 0 0 
0 0 0 0 0 0 0 0 0 0 1 0 2 1 1 0 0 5 0 0 0 1 0 1 2 0 0 3 1 1 3 0 7 1 2 2 3 3 3 1 0 5 4 1 2 2 3 0 2 2 0 1 4 4 2 0 0 1 3 0 0 0 2 0 0 1 0 1 1 0 0 0 0 0 2 0 0 0 0 0 
0 0 0 0 0 0 0 1 0 1 0 0 0 2 1 0 1 1 2 1 0 1 0 1 2 0 1 3 2 2 4 1 1 3 4 0 1 5 3 5 1 1 0 3 4 0 5 1 2 1 1 2 1 2 0 0 0 2 1 1 0 0 1 0 0 2 0 0 0 0 0 0 0 0 1 0 0 0 0 0 
0 0 0 0 0 0 0 1 1 0 0 0 0 0 0 0 0 3 0 2 0 1 0 0 2 2 0 1 2 0 4 2 1 0 4 3 1 2 2 5 0 0 2 2 1 1 1 0 1 3 2 1 2 2 1 0 0 0 3 0 0 0 1 0 1 1 0 0 1 0 3 0 1 0 0 0 0 0 0 0 
0 0 0 0 0 0 0 0 1 0 1 1 0 0 0 0 1 4 0 0 0 1 0 0 0 4 0 3 0 1 1 3 2 4 7 0 2 3 5 2 2 3 2 2 1 1 6 0 2 2 1 0 0 1 3 1 0 2 4 0 0 0 0 0 1 2 0 1 0 0 2 0 0 0 0 0 0 0 0 0 
0 0 0 0 0 0 0 0 2 0 1 0 0 0 0 0 1 5 0 1 1 1 0 0 4 4 0 1 3 3 5 1 2 0 2 2 1 3 1 3 0 3 1 8 1 1 0 0 2 3 0 1 1 3 0 2 0 1 1 1 0 0 1 0 1 2 0 2 0 0 3 0 1 0 0 0 0 0 0 0 
0 0 0 0 0 0 0 0 0 0 1 0 0 1 0 0 0 1 0 2 1 0 0 0 1 2 0 3 2 3 2 6 2 0 2 6 1 5 11 3 1 1 0 3 2 2 1 0 1 3 1 1 1 1 0 2 0 1 3 2 0 0 0 0 0 3 0 1 2 0 1 0 1 0 0 0 0 0 0 0 
0 0 0 0 0 1 0 0 1 0 2 0 0 2 0 0 1 7 0 0 1 1 0 0 1 4 0 2 4 3 2 2 3 1 6 4 1 2 3 4 1 2 1 2 4 1 2 0 2 4 1 0 1 2 0 0 0 0 3 0 1 0 1 0 1 2 0 0 1 0 0 0 0 0 1 0 0 0 0 0 
0 0 0 0 0 1 0 1 0 0 1 0 0 1 0 0 0 10 0 0 1 1 0 0 1 1 0 0 3 3 4 4 1 0 1 2 2 3 3 1 1 1 0 3 2 1 2 0 1 4 0 1 1 1 0 1 0 0 2 1 0 0 0 1 0 0 0 0 1 1 3 0 2 0 0 0 0 0 0 0 
0 0 0 0 0 1 0 2 0 0 1 0 0 1 0 0 0 4 1 0 1 0 0 0 1 1 2 1 1 3 0 1 0 0 3 2 3 3 2 1 1 1 0 2 4 2 2 0 0 1 1 3 1 3 1 1 0 0 1 2 2 0 2 1 0 4 0 0 2 0 2 0 2 0 0 0 0 0 0 0 
0 0 0 0 0 0 0 0 0 0 1 0 1 0 0 0 0 4 1 0 1 0 0 1 1 1 0 2 2 1 1 0 0 4 5 5 1 0 3 0 1 2 0 3 2 1 0 1 2 0 0 0 2 1 0 0 0 2 0 1 1 0 0 0 0 0 0 1 2 0 1 0 0 0 0 0 0 0 0 0 
0 0 0 0 0 2 0 0 1 0 0 1 0 0 0 0 0 3 1 0 3 0 0 2 2 1 2 3 1 7 4 5 2 3 2 4 0 3 6 2 0 1 0 0 5 0 2 0 2 3 1 1 3 2 0 3 0 0 2 2 0 0 2 1 0 1 0 1 0 0 0 0 0 0 0 0 0 0 0 0 
0 0 0 0 0 1 0 0 3 0 0 0 0 0 0 0 0 2 3 0 0 0 0 0 0 2 2 0 1 1 3 2 0 1 0 1 1 0 1 0 0 1 0 3 3 5 3 0 3 2 0 0 0 4 0 0 0 1 0 3 5 0 0 0 1 2 0 0 1 0 0 0 0 0 0 0 0 0 0 0 
0 0 0 0 0 1 0 0 0 0 3 0 0 0 0 0 0 3 2 0 1 1 0 1 1 0 1 1 4 4 2 2 0 1 3 5 2 0 3 1 0 1 0 1 3 2 4 0 2 0 0 3 1 3 0 2 0 1 1 0 0 0 1 0 1 1 0 0 0 0 2 0 0 0 0 0 0 0 0 0 
0 0 0 0 0 0 0 0 1 0 0 0 0 0 0 0 0 3 2 0 1 0 0 0 1 1 1 1 1 2 2 0 0 0 3 3 0 0 6 2 0 1 0 0 2 2 4 0 1 2 0 0 2 1 0 1 0 1 1 0 1 0 0 0 1 2 0 0 4 0 0 0 0 0 0 0 0 0 0 0 
0 0 0 0 0 1 0 0 0 0 0 2 0 0 0 1 0 1 0 0 1 0 0 1 2 1 0 1 2 4 1 0 0 0 1 4 1 2 3 0 0 0 0 1 2 3 1 0 0 1 0 2 0 2 0 0 0 0 2 0 2 0 1 0 0 1 0 0 1 0 0 0 0 0 0 0 0 0 0 0 
0 0 0 0 0 0 0 2 0 0 1 2 0 0 0 2 0 2 0 0 1 0 0 1 0 0 0 1 0 2 1 3 1 0 0 3 2 1 0 1 0 0 0 1 1 1 6 0 0 3 0 0 0 2 0 0 0 0 1 0 1 0 1 0 0 0 0 0 1 0 0 0 0 0 0 0 0 0 0 0 
0 0 0 0 0 0 0 0 0 0 1 0 0 0 0 2 0 0 1 0 0 0 0 1 0 2 1 3 1 4 0 3 0 0 1 4 0 2 1 2 0 0 0 1 0 2 0 0 1 3 0 0 0 3 0 2 0 1 1 0 2 0 0 0 1 1 0 0 1 0 0 0 0 0 0 0 0 0 0 0 
0 0 0 0 0 0 0 1 1 0 0 0 0 0 0 1 0 2 0 0 0 0 0 0 0 1 0 2 3 2 2 0 0 0 0 0 0 1 1 1 0 0 0 0 1 2 2 0 0 1 0 0 1 0 0 0 0 3 1 0 0 0 0 1 0 0 0 0 0 0 0 0 0 0 0 0 0 0 0 0 
0 0 0 0 0 0 0 0 0 0 0 0 0 0 0 0 0 0 0 0 0 0 0 2 0 1 0 1 0 2 0 5 0 0 0 1 2 0 0 1 1 0 0 1 2 0 0 0 0 1 0 0 2 2 0 1 0 0 1 0 1 0 0 0 0 0 0 0 0 0 0 0 0 0 0 0 0 0 0 0 
0 0 0 0 0 0 0 0 0 0 0 2 0 0 0 0 1 0 1 0 0 0 0 0 0 1 0 1 0 1 1 1 0 0 0 2 0 1 1 1 0 0 0 0 0 1 0 0 0 0 0 2 3 3 0 1 0 0 0 0 1 0 1 0 0 1 0 0 0 0 0 0 0 0 0 0 0 0 0 0 
0 0 0 0 0 0 0 1 0 0 0 1 0 0 0 0 1 0 0 0 0 0 0 0 0 2 1 0 0 1 1 1 0 0 0 1 0 0 0 2 0 0 0 0 2 1 0 0 0 0 0 0 0 1 0 2 0 0 0 0 0 0 0 0 0 0 0 0 0 0 0 0 0 0 0 0 0 0 0 0 
0 0 0 0 0 1 0 1 0 0 0 0 0 0 0 0 1 0 0 0 0 0 0 0 1 0 0 0 1 3 1 2 0 0 0 0 2 1 0 3 1 0 0 0 0 1 0 0 0 1 0 1 0 1 0 0 0 0 1 0 0 0 0 0 0 0 0 0 0 0 0 0 0 0 0 0 0 0 0 0 
0 0 0 0 0 0 0 0 0 0 1 0 0 0 0 0 0 1 0 0 0 0 0 0 0 0 0 0 0 0 0 1 0 0 0 1 0 0 0 0 0 0 0 0 0 0 0 0 0 0 0 1 1 0 0 0 0 0 0 0 0 0 0 0 0 0 0 0 1 0 0 0 0 0 0 0 0 0 0 0 
0 0 0 0 0 0 0 1 0 0 0 1 0 0 0 0 0 0 0 0 0 0 0 1 0 1 0 2 0 0 1 0 0 0 0 1 1 0 1 1 1 0 0 0 0 0 2 0 0 0 0 1 0 0 0 1 0 0 0 0 1 0 0 0 0 0 0 0 0 0 0 0 0 0 0 0 0 0 0 0 
0 0 0 0 0 0 0 1 0 0 0 0 0 0 0 0 0 0 0 0 0 0 0 0 0 0 0 0 0 0 0 0 0 0 0 0 0 0 0 0 1 0 0 0 1 0 0 0 0 0 0 2 0 1 0 0 0 0 0 0 0 0 0 0 0 0 0 0 0 0 0 0 0 0 0 0 0 0 0 0 
0 0 0 0 0 0 0 0 0 0 0 0 0 0 0 0 0 0 0 0 0 0 0 0 0 0 0 0 0 0 0 1 0 0 0 0 0 0 0 0 0 0 0 0 0 0 0 0 0 0 0 1 1 0 0 0 0 0 0 0 0 0 0 0 0 0 0 0 0 0 0 0 0 0 0 0 0 0 0 0 
0 0 0 0 0 0 0 0 0 0 0 0 0 0 0 0 0 0 0 0 0 0 0 0 0 0 0 1 0 0 0 0 0 0 0 0 0 0 0 0 0 0 0 0 0 0 0 0 0 0 0 0 1 0 0 0 0 0 0 0 0 0 0 0 0 0 0 0 0 0 0 0 0 0 0 0 0 0 0 0 
0 0 0 0 0 0 0 0 0 0 0 0 0 0 0 0 1 0 0 0 0 0 0 1 0 1 0 0 0 0 0 0 0 0 0 0 0 0 0 0 0 0 0 0 0 0 0 0 0 0 0 0 0 0 0 0 0 0 0 0 0 0 0 0 0 0 0 0 0 0 0 0 0 0 0 0 0 0 0 0 
0 0 0 0 0 0 0 0 0 0 0 0 0 0 0 0 0 0 0 0 0 0 0 1 0 0 0 0 0 0 0 0 0 0 0 0 0 0 0 0 0 0 0 0 0 0 0 0 0 0 0 0 0 0 0 0 0 0 0 0 0 0 0 0 0 0 0 0 0 0 0 0 0 0 0 0 0 0 0 0 
0 0 0 0 0 0 0 1 0 0 0 0 0 0 0 0 0 0 0 0 0 0 0 0 0 0 0 0 0 0 0 0 0 0 0 0 0 0 0 0 0 0 0 0 0 1 0 0 0 0 0 0 0 0 0 0 0 0 0 0 0 0 0 0 0 0 0 0 0 0 0 0 0 0 0 0 0 0 0 0 
0 0 0 0 0 0 0 0 0 0 0 0 0 0 0 0 0 0 0 0 0 0 0 0 0 0 0 0 0 0 0 0 0 0 0 0 0 0 0 1 0 0 0 0 0 0 0 0 0 0 0 0 0 1 0 0 0 0 0 0 0 0 0 0 0 0 0 0 0 0 0 0 0 0 0 0 0 0 0 0 
