   0.00819382	      1.05053	    0.0477546
   0.00831270	      1.13869	    0.0476063
   0.00843508	      1.05482	    0.0425958
   0.00855373	      1.11084	    0.0443697
   0.00866877	      1.08062	    0.0403595
   0.00878694	      1.04739	    0.0368423
   0.00890838	      1.05712	    0.0352272
   0.00903322	      1.08950	    0.0338755
   0.00916162	      1.05424	    0.0318506
   0.00929371	      1.05892	    0.0303305
   0.00942967	      1.07131	    0.0292211
   0.00956967	      1.08985	    0.0284353
   0.00971389	      1.12182	    0.0276004
   0.00985271	      1.07242	    0.0271472
   0.00998628	      1.02789	    0.0252113
    0.0101235	      1.06621	    0.0242667
    0.0102646	      1.11781	    0.0239820
    0.0104096	      1.11227	    0.0226662
    0.0105588	      1.07263	    0.0209547
    0.0107124	      1.01477	    0.0192002
    0.0108704	      1.06751	    0.0192096
    0.0110333	      1.06012	    0.0182842
    0.0112010	      1.02620	    0.0171033
    0.0113740	      1.07281	    0.0168762
    0.0115523	      1.08248	    0.0160130
    0.0117225	      1.11261	    0.0167710
    0.0118846	      1.04800	    0.0154191
    0.0120512	      1.05492	    0.0147861
    0.0122226	      1.05461	    0.0141744
    0.0123990	      1.05331	    0.0135948
    0.0125805	      1.06652	    0.0131930
    0.0127674	      1.07708	    0.0127315
    0.0129599	      1.06352	    0.0120982
    0.0131583	      1.07775	    0.0116867
    0.0133629	      1.06622	    0.0110682
    0.0135740	      1.05149	    0.0104237
    0.0137918	      1.05974	    0.0100474
    0.0140167	      1.08538	   0.00980723
    0.0142286	      1.05951	    0.0101577
    0.0144277	     0.991824	   0.00935735
    0.0146324	     0.754563	   0.00765838
    0.0148430	     0.480967	   0.00567838
    0.0150597	     0.354635	   0.00462208
    0.0152829	     0.278040	   0.00389643
    0.0155128	     0.229625	   0.00338751
    0.0157497	     0.193323	   0.00298473
    0.0159939	     0.163130	   0.00262572
    0.0162459	     0.139300	   0.00232539
    0.0165059	     0.118874	   0.00206187
    0.0167744	     0.102109	   0.00183186
    0.0170517	    0.0867659	   0.00161864
    0.0173384	    0.0763824	   0.00145595
    0.0176349	    0.0681931	   0.00132819
    0.0179417	    0.0573494	   0.00116263
    0.0182257	    0.0506197	   0.00117697
    0.0184870	    0.0466649	   0.00109524
    0.0187560	    0.0441774	   0.00103103
    0.0190329	    0.0397062	  0.000944077
    0.0193181	    0.0358992	  0.000866888
    0.0196120	    0.0309459	  0.000781509
    0.0199150	    0.0276632	  0.000714858
    0.0202275	    0.0259113	  0.000668798
    0.0205499	    0.0229035	  0.000608648
    0.0208828	    0.0215801	  0.000567619
    0.0212267	    0.0198773	  0.000527662
    0.0215821	    0.0179708	  0.000483315
    0.0219495	    0.0157007	  0.000435493
    0.0223297	    0.0142861	  0.000401209
    0.0227234	    0.0132857	  0.000371189
    0.0231311	    0.0113283	  0.000330197
    0.0235537	    0.0106286	  0.000308014
    0.0239921	   0.00893025	  0.000273521
    0.0244471	   0.00896907	  0.000263397
    0.0249197	   0.00789556	  0.000239569
    0.0253456	   0.00686369	  0.000251139
    0.0257250	   0.00609121	  0.000230572
    0.0261158	   0.00567989	  0.000218164
    0.0265187	   0.00519973	  0.000204510
    0.0269343	   0.00510575	  0.000196452
    0.0273631	   0.00459467	  0.000183510
    0.0278057	   0.00451184	  0.000177541
    0.0282630	   0.00360601	  0.000156457
    0.0287355	   0.00344080	  0.000147476
    0.0292240	   0.00335576	  0.000144630
    0.0297295	   0.00290915	  0.000130686
    0.0302528	   0.00269221	  0.000126911
    0.0307948	   0.00265095	  0.000125006
    0.0313566	   0.00246519	  0.000119335
    0.0319393	   0.00197134	  0.000110046
    0.0325441	   0.00191448	  0.000106600
    0.0331722	   0.00179305	  0.000109189
    0.0338250	   0.00169964	  0.000108028
    0.0345041	   0.00133701	  9.49390e-05
    0.0352110	   0.00116186	  8.98960e-05
    0.0354874	   0.00135442	  7.65304e-05
    0.0359474	   0.00133233	  9.18398e-05
    0.0364802	   0.00108741	  5.59505e-05
    0.0367153	   0.00108949	  8.31238e-05
    0.0374955	  0.000918548	  4.46407e-05
    0.0375168	  0.000980907	  8.16426e-05
    0.0383540	  0.000821944	  7.95642e-05
    0.0385384	  0.000855522	  3.78616e-05
    0.0392295	  0.000795015	  7.86162e-05
    0.0396411	  0.000728228	  2.95785e-05
    0.0401458	  0.000682563	  7.02779e-05
    0.0407677	  0.000626963	  2.51475e-05
    0.0411060	  0.000624733	  6.82573e-05
    0.0419242	  0.000524894	  2.02049e-05
    0.0419330	  0.000299174	  6.54840e-05
    0.0426262	  0.000516545	  7.74594e-05
    0.0431484	  0.000465183	  1.71031e-05
    0.0433429	  0.000370809	  7.01637e-05
    0.0440840	  0.000312449	  6.63301e-05
    0.0444462	  0.000413253	  1.42427e-05
    0.0448509	  0.000345691	  6.64899e-05
    0.0456449	  0.000249797	  6.08742e-05
    0.0457725	  0.000349251	  1.17501e-05
    0.0464676	  0.000397530	  6.85119e-05
    0.0471353	  0.000269132	  9.20917e-06
    0.0473205	  0.000285653	  6.39642e-05
    0.0482053	  0.000334234	  6.44299e-05
    0.0485818	  0.000244559	  8.14128e-06
    0.0491238	  0.000150041	  5.77696e-05
    0.0500574	  0.000203211	  6.88053e-06
    0.0500780	  0.000216369	  5.91580e-05
    0.0510700	  0.000190368	  6.05571e-05
    0.0515717	  0.000179592	  5.76076e-06
    0.0531805	  0.000160207	  4.87277e-06
    0.0548930	  0.000137681	  4.13787e-06
    0.0566391	  0.000117167	  3.58919e-06
    0.0584313	  0.000107921	  3.12098e-06
    0.0603407	  0.000100989	  2.72244e-06
    0.0623793	  9.21902e-05	  2.38462e-06
    0.0644556	  8.18453e-05	  2.10139e-06
    0.0665864	  7.17954e-05	  1.84844e-06
    0.0688632	  6.96212e-05	  1.65573e-06
    0.0713013	  6.16364e-05	  1.41353e-06
    0.0737799	  5.93507e-05	  1.31372e-06
    0.0763220	  4.97086e-05	  1.13901e-06
    0.0790458	  4.93570e-05	  1.01878e-06
    0.0819715	  4.51299e-05	  8.99628e-07
    0.0851225	  4.09501e-05	  7.93025e-07
    0.0883241	  3.68181e-05	  7.35846e-07
    0.0916129	  3.46463e-05	  6.50940e-07
    0.0951566	  3.08024e-05	  5.72013e-07
    0.0989861	  2.71965e-05	  4.98523e-07
     0.103138	  2.42249e-05	  4.38626e-07
     0.107653	  1.97544e-05	  3.78137e-07
     0.112584	  1.73717e-05	  3.29100e-07
     0.117620	  1.42285e-05	  3.06830e-07
     0.122845	  1.10197e-05	  2.74113e-07
     0.128558	  9.39016e-06	  2.52131e-07
     0.134829	  6.57758e-06	  2.37681e-07
     0.141747	  4.72170e-06	  2.36472e-07
     0.149415	  3.60731e-06	  2.35771e-07
     0.157965	  2.38958e-06	  2.25374e-07
     0.166777	  1.91346e-06	  2.37943e-07
     0.176088	  1.42407e-06	  2.35694e-07
     0.186505	  1.79742e-06	  2.24493e-07
     0.198241	  1.64030e-06	  2.20710e-07
     0.211563	  5.44235e-07	  2.16920e-07
