# Format: McCode with text headers
# URL: http://www.mccode.org
# Creator: McStas 3.0-dev - Jan. 30, 2020
# Instrument: PSI_DMC.instr
# Ncount: 10000000
# Trace: no
# Gravitation: no
# Seed: 1580470654669533
# Directory: SPLIT12
# Param: lambda=2.567
# Param: R=0.87
# Param: R_curve=0.87
# Param: filename=Na2Ca3Al2F14.laz
# Param: D_PHI=6
# Param: SHIFT=0
# Param: PACK=0.7
# Param: Dw=0.8
# Param: BARNS=1
# Date: Fri Jan 31 12:37:37 2020 (1580470657)
# type: array_1d(400)
# Source: PSI_DMC (PSI_DMC.instr)
# component: Detector
# position: 1.99407 0 51.0718
# title: Longitude [deg] monitor
# ratio: 100000/1e+07
# filename: detector.dat
# statistics: X0=62.6951; dX=24.5684;
# signal: Min=0; Max=1043.2; Mean=27.6782;
# values: 11071.3 1182.22 830
# xvar: th
# yvar: (I,I_err)
# xlabel: Longitude [deg]
# ylabel: Intensity [n/s/bin]
# xlimits: 19.9 99.9
# variables: th I I_err N
20 3.861019771e-21 4.069872189e-21 9 
20.2 36.83591904 37.10079864 16 
20.4 4.140927086 1.830249768 13 
20.6 1.220905035e-45 9.324816234e-46 3 
20.8 0.0003006866195 0.0001736015007 3 
21 0 0 0 
21.2 0 0 0 
21.4 0 0 0 
21.6 0 0 0 
21.8 340.5659134 240.8164668 2 
22 0 0 0 
22.2 0 0 0 
22.4 0 0 0 
22.6 0 0 0 
22.8 0 0 0 
23 0 0 0 
23.2 0 0 0 
23.4 0 0 0 
23.6 0 0 0 
23.8 0 0 0 
24 0 0 0 
24.2 0 0 0 
24.4 0 0 0 
24.6 0 0 0 
24.8 0 0 0 
25 0 0 0 
25.2 0 0 0 
25.4 0 0 0 
25.6 0 0 0 
25.8 0 0 0 
26 0 0 0 
26.2 0 0 0 
26.4 0 0 0 
26.6 0 0 0 
26.8 0 0 0 
27 0 0 0 
27.2 0 0 0 
27.4 0 0 0 
27.6 1.555813945e-124 1.555813945e-124 1 
27.8 0 0 0 
28 0 0 0 
28.2 0 0 0 
28.4 0 0 0 
28.6 0.5753409315 0.4068274742 2 
28.8 1.701838478e-15 1.203381528e-15 2 
29 132.6440752 69.72470645 9 
29.2 0.4797683595 0.302779096 4 
29.4 311.5005773 235.5653238 6 
29.6 0 0 0 
29.8 0 0 0 
30 0 0 0 
30.2 7.870579788e-22 3.519830286e-22 5 
30.4 89.08596666 44.54298333 4 
30.6 0 0 0 
30.8 0 0 0 
31 0 0 0 
31.2 0 0 0 
31.4 0 0 0 
31.6 0 0 0 
31.8 0 0 0 
32 0 0 0 
32.2 0 0 0 
32.4 0 0 0 
32.6 0 0 0 
32.8 0 0 0 
33 0 0 0 
33.2 40.7323384 40.7323384 1 
33.4 147.2176015 112.4393004 3 
33.6 0 0 0 
33.8 0 0 0 
34 0 0 0 
34.2 0 0 0 
34.4 0 0 0 
34.6 0 0 0 
34.8 0 0 0 
35 0 0 0 
35.2 7.035227328e-50 7.035227328e-50 1 
35.4 0.4144747559 0.4785916939 3 
35.6 13.4387438 10.26399311 4 
35.8 110.5950162 114.6495822 9 
36 639.3317718 330.5788895 9 
36.2 585.6944459 303.2053352 6 
36.4 0 0 0 
36.6 0 0 0 
36.8 0 0 0 
37 0 0 0 
37.2 0 0 0 
37.4 0 0 0 
37.6 0 0 0 
37.8 0 0 0 
38 1.828781694e-153 9.143908472e-154 4 
38.2 0 0 0 
38.4 0 0 0 
38.6 2.294932076e-25 2.294932076e-25 1 
38.8 0 0 0 
39 101.4553003 71.7397308 2 
39.2 0 0 0 
39.4 9.538983984e-154 9.538983984e-154 1 
39.6 2.156688669e-08 2.3294592e-08 6 
39.8 0 0 0 
40 0 0 0 
40.2 5.737465222e-48 5.737465222e-48 1 
40.4 0 0 0 
40.6 1.184139866e-127 1.184139866e-127 1 
40.8 0 0 0 
41 0.002147579067 0.001239905353 3 
41.2 1.490327347 1.101345142 10 
41.4 8.873840745 3.835285107 12 
41.6 17.22538986 17.87038064 5 
41.8 3.907625292 3.907625292 1 
42 2.105627036e-99 2.105627036e-99 1 
42.2 1.50078962e-25 7.689258671e-26 5 
42.4 0 0 0 
42.6 0 0 0 
42.8 1043.197266 412.0776883 15 
43 60.97823179 60.18195058 4 
43.2 0 0 0 
43.4 7.748587469e-33 7.748587469e-33 1 
43.6 1.071434882e-22 1.071434882e-22 1 
43.8 2.503763322e-19 1.770428024e-19 2 
44 146.6385309 169.3235666 3 
44.2 0.001004026108 0.001053031466 10 
44.4 1.147511438e-08 1.325032075e-08 3 
44.6 104.595212 78.14656724 5 
44.8 470.0699497 285.1966308 6 
45 142.9638214 132.6414833 7 
45.2 0 0 0 
45.4 0 0 0 
45.6 0 0 0 
45.8 0 0 0 
46 4.156881009e-75 4.156881009e-75 1 
46.2 0 0 0 
46.4 0.0005502952364 0.0003891174933 2 
46.6 0.3525112552 0.1823288825 7 
46.8 3.138202209 2.240235011 10 
47 5.26027188 4.976615643 6 
47.2 235.0214986 174.0763977 9 
47.4 228.080575 161.2773212 2 
47.6 0 0 0 
47.8 0 0 0 
48 0 0 0 
48.2 0 0 0 
48.4 0 0 0 
48.6 0 0 0 
48.8 0 0 0 
49 0 0 0 
49.2 0 0 0 
49.4 0 0 0 
49.6 0 0 0 
49.8 0 0 0 
50 0 0 0 
50.2 0 0 0 
50.4 0 0 0 
50.6 0 0 0 
50.8 0 0 0 
51 1.932597396 1.703764085 6 
51.2 5.746400087 5.812330206 4 
51.4 7.92071205 6.023159612 15 
51.6 1.9892265 0.6490349525 10 
51.8 0.3405938228 0.415407307 2 
52 0 0 0 
52.2 0 0 0 
52.4 0 0 0 
52.6 0 0 0 
52.8 0 0 0 
53 0 0 0 
53.2 0 0 0 
53.4 0 0 0 
53.6 0 0 0 
53.8 0 0 0 
54 0 0 0 
54.2 0 0 0 
54.4 0 0 0 
54.6 0 0 0 
54.8 0 0 0 
55 0 0 0 
55.2 0 0 0 
55.4 0 0 0 
55.6 0.6798570016 0.358690595 6 
55.8 221.0574109 158.2347075 9 
56 4.573977591 3.099659492 11 
56.2 5.886854926 7.187523397 2 
56.4 6.525009809e-24 3.262504904e-24 4 
56.6 0.0011752103 0.0011752103 1 
56.8 0 0 0 
57 0 0 0 
57.2 0 0 0 
57.4 0 0 0 
57.6 0 0 0 
57.8 0 0 0 
58 0 0 0 
58.2 0 0 0 
58.4 0 0 0 
58.6 0 0 0 
58.8 0 0 0 
59 0 0 0 
59.2 6.984879947e-56 6.984879947e-56 1 
59.4 4.436075897e-35 5.432949282e-35 2 
59.6 7.256009721e-21 7.256009721e-21 1 
59.8 0 0 0 
60 0.7885445316 0.4336576354 5 
60.2 0.6962397952 0.4923158805 2 
60.4 20.46943373 11.81803307 3 
60.6 0.03253061802 0.03561541056 5 
60.8 0 0 0 
61 0 0 0 
61.2 0 0 0 
61.4 0 0 0 
61.6 0 0 0 
61.8 0 0 0 
62 0 0 0 
62.2 0 0 0 
62.4 0 0 0 
62.6 0 0 0 
62.8 0 0 0 
63 0 0 0 
63.2 0 0 0 
63.4 3.922825726e-31 3.995226963e-31 10 
63.6 1.177794869e-07 1.415352431e-07 2 
63.8 1.752710723 0.8627207617 8 
64 16.87257748 20.65501225 2 
64.2 422.2392776 254.0928825 8 
64.4 0.6389866111 0.7108686832 4 
64.6 0.9444063149 0.9857321787 4 
64.8 0 0 0 
65 0 0 0 
65.2 0 0 0 
65.4 0 0 0 
65.6 0 0 0 
65.8 0 0 0 
66 0 0 0 
66.2 0 0 0 
66.4 0 0 0 
66.6 0 0 0 
66.8 0 0 0 
67 0 0 0 
67.2 0 0 0 
67.4 2.693081746e-06 3.298338057e-06 2 
67.6 174.8265307 190.4667536 5 
67.8 27.58639114 19.33164767 12 
68 1.37636164 0.8067447404 4 
68.2 103.9256443 108.1679987 7 
68.4 2.113867933 1.048580606 9 
68.6 7.95905805 7.970091215 14 
68.8 0 0 0 
69 55.37038257 55.37038257 1 
69.2 0 0 0 
69.4 0 0 0 
69.6 0 0 0 
69.8 0 0 0 
70 0 0 0 
70.2 0 0 0 
70.4 0 0 0 
70.6 0 0 0 
70.8 0 0 0 
71 0 0 0 
71.2 5.000469505e-08 2.500234753e-08 4 
71.4 0 0 0 
71.6 0 0 0 
71.8 80.78085403 78.31659091 6 
72 7.272985529 4.278910087 3 
72.2 0 0 0 
72.4 0 0 0 
72.6 593.8624433 304.2639609 5 
72.8 0 0 0 
73 0 0 0 
73.2 0 0 0 
73.4 0 0 0 
73.6 0 0 0 
73.8 0 0 0 
74 0 0 0 
74.2 0.007930875934 0.008088071526 3 
74.4 0 0 0 
74.6 2.077794991e-47 2.077794991e-47 1 
74.8 2.197453863e-18 2.197453863e-18 1 
75 0.06362814011 0.04859679473 3 
75.2 0 0 0 
75.4 0 0 0 
75.6 0.02529664057 0.02151739607 6 
75.8 1.669041847 1.788386837 3 
76 62.35343397 68.27437389 5 
76.2 8.192135206e-05 6.256846614e-05 3 
76.4 6.03777738e-45 6.03777738e-45 1 
76.6 1.106385107e-45 1.106385107e-45 1 
76.8 0 0 0 
77 0 0 0 
77.2 0 0 0 
77.4 0 0 0 
77.6 0 0 0 
77.8 0 0 0 
78 0 0 0 
78.2 1.597129135e-33 1.597129135e-33 1 
78.4 4.917044237e-08 5.311014784e-08 6 
78.6 151.5088435 157.6838047 12 
78.8 0.6361260227 0.4739682038 8 
79 6.26494478 3.461591224 9 
79.2 176.0341631 167.8915149 18 
79.4 492.6653233 215.4760925 28 
79.6 0.2897082336 0.1603778186 8 
79.8 77.50091277 81.53958023 8 
80 29.34282571 35.9374753 2 
80.2 146.2798362 155.1529294 8 
80.4 0 0 0 
80.6 0 0 0 
80.8 0 0 0 
81 0 0 0 
81.2 0 0 0 
81.4 0 0 0 
81.6 0 0 0 
81.8 0 0 0 
82 0 0 0 
82.2 0 0 0 
82.4 0 0 0 
82.6 0 0 0 
82.8 0 0 0 
83 0 0 0 
83.2 0 0 0 
83.4 0 0 0 
83.6 0 0 0 
83.8 0 0 0 
84 0 0 0 
84.2 0 0 0 
84.4 0 0 0 
84.6 0 0 0 
84.8 0 0 0 
85 0 0 0 
85.2 0 0 0 
85.4 0 0 0 
85.6 37.19506368 40.17526048 6 
85.8 0.0004778758727 0.0002759017637 3 
86 2.42934811 1.78643125 6 
86.2 128.6442671 77.30494676 4 
86.4 2.891567195 1.830123141 4 
86.6 409.1931733 228.1687983 7 
86.8 0 0 0 
87 47.86110807 53.39856166 3 
87.2 0 0 0 
87.4 0.00400031746 0.004618892399 3 
87.6 139.8109196 153.1551889 5 
87.8 0 0 0 
88 0 0 0 
88.2 0 0 0 
88.4 0 0 0 
88.6 0 0 0 
88.8 0 0 0 
89 6.43977232e-23 6.43977232e-23 1 
89.2 0 0 0 
89.4 0 0 0 
89.6 0 0 0 
89.8 0 0 0 
90 9.046051512 4.15963675 9 
90.2 1.049316985 1.049316985 1 
90.4 171.0950976 178.7132851 6 
90.6 1.857265352 1.857265352 1 
90.8 0.05518658771 0.04154880026 3 
91 0 0 0 
91.2 8.966747889e-70 8.966747889e-70 1 
91.4 2.289196582e-96 2.289196582e-96 1 
91.6 0 0 0 
91.8 0 0 0 
92 0 0 0 
92.2 0 0 0 
92.4 0 0 0 
92.6 0 0 0 
92.8 0.005815994743 0.005815994743 1 
93 0.08153061335 0.05723572462 7 
93.2 0.3593427708 0.1883551687 10 
93.4 148.4096528 108.1675372 13 
93.6 595.7626368 303.0040195 25 
93.8 8.046670108 5.094734211 10 
94 9.403384626 6.855046971 5 
94.2 0.2884320499 0.1715929278 10 
94.4 0.004650524675 0.005369963346 3 
94.6 1.28545364e-12 9.615363445e-13 7 
94.8 4.34369449e-47 4.34369449e-47 1 
95 2.908021935e-09 3.185578423e-09 5 
95.2 1.89833907e-114 1.89833907e-114 1 
95.4 0 0 0 
95.6 0 0 0 
95.8 0 0 0 
96 0 0 0 
96.2 1.411860257e-75 1.411860257e-75 1 
96.4 9.888917333e-11 6.992520505e-11 2 
96.6 0 0 0 
96.8 0.7290169612 0.5154928369 2 
97 0.1217886759 0.1334128101 5 
97.2 290.2045809 207.1927552 5 
97.4 928.2125231 365.905929 12 
97.6 0.8226542986 0.4851468216 7 
97.8 130.0137851 76.31617545 11 
98 0.3887512155 0.4074328792 4 
98.2 5.340035414e-11 3.775975253e-11 2 
98.4 0.004090110667 0.004480473071 5 
98.6 7.654452005e-48 7.654452005e-48 1 
98.8 0 0 0 
99 0 0 0 
99.2 0 0 0 
99.4 0 0 0 
99.6 66.48545993 81.42772607 2 
99.8 2.75681146e-05 1.64186779e-05 13 
