# Format: McCode with text headers
# URL: http://www.mccode.org
# Creator: McStas 3.0-dev - Jan. 30, 2020
# Instrument: PSI_DMC.instr
# Ncount: 10000000
# Trace: no
# Gravitation: no
# Seed: 1580470429145090
# Directory: SPLIT11
# Param: lambda=2.567
# Param: R=0.87
# Param: R_curve=0.87
# Param: filename=Na2Ca3Al2F14.laz
# Param: D_PHI=6
# Param: SHIFT=0
# Param: PACK=0.7
# Param: Dw=0.8
# Param: BARNS=1
# Date: Fri Jan 31 12:34:16 2020 (1580470456)
# type: array_1d(400)
# Source: PSI_DMC (PSI_DMC.instr)
# component: Detector
# position: 1.99407 0 51.0718
# title: Longitude [deg] monitor
# ratio: 100000/1e+07
# filename: detector.dat
# statistics: X0=51.4878; dX=21.1366;
# signal: Min=0; Max=342.807; Mean=13.5768;
# values: 5430.73 81.0007 27837
# xvar: th
# yvar: (I,I_err)
# xlabel: Longitude [deg]
# ylabel: Intensity [n/s/bin]
# xlimits: 19.9 99.9
# variables: th I I_err N
20 38.36926522 7.087697101 236 
20.2 12.37989818 3.828790815 135 
20.4 35.65002821 7.102478261 338 
20.6 67.76061863 9.668257674 458 
20.8 47.65569149 8.227431784 235 
21 8.379235343 3.500682092 19 
21.2 8.383161499 3.828840663 18 
21.4 0 0 0 
21.6 33.89912405 7.266056261 51 
21.8 20.24982173 5.625384877 39 
22 16.27778809 4.910853118 38 
22.2 4.853723278 2.565332399 10 
22.4 8.59117186 3.097216283 20 
22.6 3.297854177 2.331935052 2 
22.8 0 0 0 
23 4.899284638 2.832836711 3 
23.2 0 0 0 
23.4 1.851264973e-17 1.851264973e-17 1 
23.6 0 0 0 
23.8 0 0 0 
24 0.04040359142 0.04040359142 1 
24.2 2.193639045e-12 2.193639045e-12 1 
24.4 0.005327819444 0.005327819444 1 
24.6 5.529768215 2.855560027 6 
24.8 0 0 0 
25 0 0 0 
25.2 0.0796076963 0.08510420711 7 
25.4 0 0 0 
25.6 22.72975513 5.695705444 48 
25.8 19.9337161 4.939452049 76 
26 44.33334998 8.197637377 108 
26.2 0.09248291893 0.09248291893 1 
26.4 0 0 0 
26.6 5.113688148e-32 3.615923566e-32 2 
26.8 5.222447838 2.335549675 5 
27 0 0 0 
27.2 2.479592156 1.490049443 4 
27.4 1.666944003 1.924821138 3 
27.6 0.2823469749 0.2823469749 1 
27.8 0.7678833139 0.3767605613 22 
28 3.086145357 2.182234309 2 
28.2 0 0 0 
28.4 4.639320433 2.515564307 15 
28.6 2.651655283 1.848743973 184 
28.8 42.62568599 7.208512466 278 
29 21.2728186 4.603083817 290 
29.2 21.94300348 5.949132075 194 
29.4 19.40441049 4.934763901 63 
29.6 14.38124967 3.814134468 42 
29.8 10.9579288 4.046307214 22 
30 1.400064115 1.427491484 12 
30.2 50.48042172 8.611910277 142 
30.4 27.54384551 5.917026381 83 
30.6 0 0 0 
30.8 0 0 0 
31 16.49053574 5.259248451 38 
31.2 2.136688073e-65 2.136688073e-65 1 
31.4 0 0 0 
31.6 15.648995 4.580846471 35 
31.8 8.752888045 3.668159348 16 
32 0 0 0 
32.2 4.793792321 2.39689616 4 
32.4 0 0 0 
32.6 14.70338569 4.228626606 22 
32.8 14.77976439 4.252953414 25 
33 0 0 0 
33.2 17.57848244 4.730913886 49 
33.4 13.86810355 4.139482798 41 
33.6 48.3192725 7.945605252 111 
33.8 17.87640467 5.128912902 38 
34 6.839383774 3.531842594 6 
34.2 0 0 0 
34.4 54.25704586 8.495973981 107 
34.6 6.687870877 2.915494043 53 
34.8 26.29914411 6.162328607 66 
35 59.50217867 9.082493232 98 
35.2 20.16822178 5.086018547 70 
35.4 2.368194676 1.553215543 176 
35.6 78.64135224 10.0924579 445 
35.8 93.82804917 11.11848893 294 
36 45.14844215 8.133789772 190 
36.2 10.53018297 4.053620343 26 
36.4 34.75079096 6.724208653 91 
36.6 0 0 0 
36.8 2.971674915 2.174092299 13 
37 0 0 0 
37.2 0 0 0 
37.4 9.333926406 3.505035893 42 
37.6 0 0 0 
37.8 46.92637272 8.355452859 84 
38 8.275128602 2.944053525 30 
38.2 21.10634693 5.451895365 45 
38.4 16.23969886 4.909256832 38 
38.6 5.029146248 2.478609823 37 
38.8 34.53080725 6.520898775 81 
39 10.44824747 3.915586981 43 
39.2 65.10189879 9.684615072 103 
39.4 82.31096592 10.32580653 171 
39.6 152.4840483 14.28557511 423 
39.8 84.35659232 10.68737894 180 
40 0 0 0 
40.2 0.0002017859754 0.0002330023745 3 
40.4 7.876128598 3.132232361 24 
40.6 14.84658486 4.61385897 32 
40.8 58.47993844 8.690086801 132 
41 66.43359137 8.678084971 334 
41.2 7.229194587 2.489118426 35 
41.4 40.78717297 5.705065523 233 
41.6 89.6103836 9.585978253 435 
41.8 20.11419466 4.829489327 144 
42 78.74905368 10.26978122 151 
42.2 41.78284443 7.324991518 121 
42.4 4.443371637 2.565381811 3 
42.6 30.87831832 6.054818288 107 
42.8 40.63364218 7.679778255 113 
43 49.03281241 8.109169818 111 
43.2 16.76129408 4.550146786 60 
43.4 59.72001155 8.941772049 117 
43.6 27.13467576 6.129092198 126 
43.8 55.03768066 8.468166829 91 
44 96.61847476 11.61602424 240 
44.2 57.09765079 8.891844156 142 
44.4 163.0791936 14.54414938 434 
44.6 262.4706998 18.52643126 535 
44.8 104.8612756 12.3062418 264 
45 342.8066234 21.13214261 842 
45.2 0 0 0 
45.4 0 0 0 
45.6 0 0 0 
45.8 0.3662913222 0.122727902 264 
46 23.00907713 5.104923779 298 
46.2 32.49592592 7.13507571 288 
46.4 0 0 0 
46.6 12.33700587 4.263282761 222 
46.8 14.19265081 3.873992477 223 
47 0 0 0 
47.2 0 0 0 
47.4 18.05990973 5.455920413 111 
47.6 0 0 0 
47.8 0 0 0 
48 0 0 0 
48.2 0 0 0 
48.4 1.741459465 1.311470639 5 
48.6 0 0 0 
48.8 0 0 0 
49 0 0 0 
49.2 0 0 0 
49.4 0 0 0 
49.6 0 0 0 
49.8 0 0 0 
50 0 0 0 
50.2 0 0 0 
50.4 0 0 0 
50.6 0 0 0 
50.8 8.53953473e-13 8.53953473e-13 1 
51 11.47823913 4.03593778 136 
51.2 0 0 0 
51.4 0 0 0 
51.6 4.597081691 0.6088348798 81 
51.8 12.62328353 2.524622598 151 
52 0 0 0 
52.2 6.441196071 2.723650554 83 
52.4 0 0 0 
52.6 0 0 0 
52.8 0 0 0 
53 0 0 0 
53.2 0 0 0 
53.4 0 0 0 
53.6 0 0 0 
53.8 0 0 0 
54 0 0 0 
54.2 0 0 0 
54.4 0 0 0 
54.6 0 0 0 
54.8 1.65378013e-177 0 3 
55 16.55918686 4.966097923 133 
55.2 0 0 0 
55.4 1.489101116 1.447404271 107 
55.6 81.51615976 9.146483294 803 
55.8 22.66427526 4.755286002 346 
56 25.70675959 5.975010237 492 
56.2 13.68575896 3.35645033 250 
56.4 1.674233359 1.668147737 89 
56.6 3.837314626 1.151451617 101 
56.8 0 0 0 
57 0 0 0 
57.2 0 0 0 
57.4 0 0 0 
57.6 1.104583867 1.104583867 1 
57.8 0 0 0 
58 0 0 0 
58.2 2.786275991e-85 2.786275991e-85 1 
58.4 0 0 0 
58.6 0 0 0 
58.8 4.711500195e-75 4.711500195e-75 1 
59 0 0 0 
59.2 3.161777564 1.218233869 160 
59.4 0 0 0 
59.6 0 0 0 
59.8 14.28580385 4.35242159 138 
60 51.78646151 6.9265577 401 
60.2 13.01157759 3.422263276 96 
60.4 34.06075529 6.202128435 346 
60.6 21.58228004 5.20990779 345 
60.8 1.397115189 1.397115189 1 
61 0 0 0 
61.2 0 0 0 
61.4 0 0 0 
61.6 0 0 0 
61.8 0 0 0 
62 0 0 0 
62.2 0 0 0 
62.4 0 0 0 
62.6 0.7631779379 0.7631779379 1 
62.8 0 0 0 
63 1.232262378e-15 9.411559374e-16 4 
63.2 0 0 0 
63.4 0 0 0 
63.6 0 0 0 
63.8 16.66744475 3.882393777 277 
64 12.48174125 3.810594193 96 
64.2 17.0790014 4.973928225 349 
64.4 0 0 0 
64.6 0.693684237 0.6608381844 27 
64.8 10.16450343 3.715328608 208 
65 0.8344193751 0.7813064295 53 
65.2 1.278743467 0.9042081768 2 
65.4 0 0 0 
65.6 0 0 0 
65.8 2.297308153 1.754598084 3 
66 0 0 0 
66.2 0 0 0 
66.4 0 0 0 
66.6 0 0 0 
66.8 0 0 0 
67 0 0 0 
67.2 4.667329926 2.696319442 146 
67.4 22.27061605 5.748838971 147 
67.6 5.996138498 1.018244634 94 
67.8 0 0 0 
68 5.830081722 2.103086478 301 
68.2 20.205799 3.377927481 119 
68.4 71.65757922 9.172464691 464 
68.6 18.21224103 4.604146029 95 
68.8 4.874344801e-07 3.446682262e-07 2 
69 0 0 0 
69.2 0 0 0 
69.4 0 0 0 
69.6 0 0 0 
69.8 0 0 0 
70 4.130660013 2.384837671 3 
70.2 0 0 0 
70.4 0 0 0 
70.6 0 0 0 
70.8 0 0 0 
71 0 0 0 
71.2 0 0 0 
71.4 10.17092979 3.691133772 95 
71.6 0 0 0 
71.8 0 0 0 
72 0.6761475143 0.4781137836 2 
72.2 59.74751691 6.984926935 107 
72.4 0 0 0 
72.6 0 0 0 
72.8 0 0 0 
73 0 0 0 
73.2 0 0 0 
73.4 0 0 0 
73.6 0 0 0 
73.8 0 0 0 
74 0 0 0 
74.2 0 0 0 
74.4 0 0 0 
74.6 0 0 0 
74.8 16.98258955 4.94937285 231 
75 0 0 0 
75.2 6.012486744 2.38600674 154 
75.4 8.749067011 3.369784322 81 
75.6 13.86556939 3.888298394 212 
75.8 3.099919365 1.989062554 161 
76 0 0 0 
76.2 0 0 0 
76.4 0 0 0 
76.6 0 0 0 
76.8 0 0 0 
77 0 0 0 
77.2 0 0 0 
77.4 0 0 0 
77.6 1.159473588 1.159473588 1 
77.8 0 0 0 
78 0 0 0 
78.2 0 0 0 
78.4 0 0 0 
78.6 0 0 0 
78.8 0 0 0 
79 66.69671002 7.257428483 285 
79.2 106.4006924 9.351540144 541 
79.4 49.88150453 5.466565168 319 
79.6 97.92463019 9.841384476 481 
79.8 6.968297314 3.476522902 79 
80 7.64465877 3.40651143 99 
80.2 2.678192671 1.267611025 107 
80.4 29.47368577 6.790043814 94 
80.6 0 0 0 
80.8 0 0 0 
81 0 0 0 
81.2 0 0 0 
81.4 0 0 0 
81.6 0 0 0 
81.8 0 0 0 
82 0 0 0 
82.2 0 0 0 
82.4 0 0 0 
82.6 0 0 0 
82.8 0 0 0 
83 0 0 0 
83.2 0.0001188282282 6.860550955e-05 3 
83.4 0 0 0 
83.6 0 0 0 
83.8 0 0 0 
84 0 0 0 
84.2 0 0 0 
84.4 0 0 0 
84.6 0 0 0 
84.8 0 0 0 
85 3.699450029e-50 2.13587847e-50 3 
85.2 0 0 0 
85.4 10.30528954 3.903550334 326 
85.6 0 0 0 
85.8 0 0 0 
86 0 0 0 
86.2 0 0 0 
86.4 54.08128042 5.943730814 229 
86.6 127.6867922 8.739040684 285 
86.8 16.2586253 4.144024824 90 
87 2.205949498 1.524802487 106 
87.2 52.26270657 6.365174602 189 
87.4 2.916881603 1.665988099 67 
87.6 7.217966352 3.266978942 104 
87.8 0 0 0 
88 0 0 0 
88.2 0 0 0 
88.4 0 0 0 
88.6 0 0 0 
88.8 0 0 0 
89 0 0 0 
89.2 0 0 0 
89.4 0 0 0 
89.6 0 0 0 
89.8 11.13763111 3.801509278 23 
90 42.85231223 5.207050619 94 
90.2 0.696341787 0.4019435271 25 
90.4 133.4940861 9.890512405 393 
90.6 0.3446608226 0.2437298077 2 
90.8 0 0 0 
91 0 0 0 
91.2 4.477107837e-68 4.477107837e-68 1 
91.4 0 0 0 
91.6 0 0 0 
91.8 0 0 0 
92 0 0 0 
92.2 0 0 0 
92.4 0 0 0 
92.6 27.61678916 6.350771285 159 
92.8 9.495927485 3.418619121 271 
93 5.026289172 2.513144586 4 
93.2 1.072771713 0.898237776 164 
93.4 25.79405438 6.071689557 214 
93.6 85.23054575 10.41310267 561 
93.8 0.1030535175 0.04939859841 178 
94 16.08341217 4.363100905 199 
94.2 0 0 0 
94.4 32.44482632 5.897763498 307 
94.6 0 0 0 
94.8 1.146978697 0.6733599973 122 
95 4.106988771 1.612067068 107 
95.2 0 0 0 
95.4 1.513013431 1.85305544 2 
95.6 0 0 0 
95.8 0 0 0 
96 0 0 0 
96.2 4.663187098 1.99967751 172 
96.4 21.37308206 5.254401183 151 
96.6 4.390881824 2.35800785 184 
96.8 3.892335506 2.468745713 91 
97 11.68132673 2.790790336 195 
97.2 10.7147606 4.022224428 144 
97.4 10.85856689 3.98022541 122 
97.6 1.498075813e-170 1.498075813e-170 1 
97.8 0.002051833878 0.002051833878 1 
98 4.863284503 2.030807709 15 
98.2 1.516380473e-103 6.781459633e-104 5 
98.4 1.704429168 1.704429168 1 
98.6 14.51997279 4.39629708 69 
98.8 0 0 0 
99 0 0 0 
99.2 1.722017826e-10 9.942074551e-11 3 
99.4 1.116007999 1.116007999 1 
99.6 0 0 0 
99.8 0 0 0 
