# Format: McCode with text headers
# URL: http://www.mccode.org
# Creator: McStas 3.0-dev - Oct. 05, 2021
# Instrument: PSI_DMC.instr
# Ncount: 20000
# Trace: no
# Gravitation: no
# Seed: 1000
# Directory: 1e4
# Param: lambda=2.566
# Param: R=0.87
# Param: R_curve=0.87
# Param: filename=Na2Ca3Al2F14.laz
# Param: D_PHI=6
# Param: SHIFT=0
# Param: PACK=0.7
# Param: Dw=0.8
# Param: BARNS=1
# Date: Tue Oct  5 15:36:41 2021 (1633441001)
# type: array_1d(400)
# Source: PSI_DMC (PSI_DMC.instr)
# component: Detector
# position: 1.99342 0 51.0725
# title: Longitude [deg] monitor
# Ncount: 20000
# filename: detector.dat
# statistics: X0=76.5857; dX=19.2316;
# signal: Min=0; Max=110.361; Mean=1.19861;
# values: 479.445 64.2725 396
# xvar: th
# yvar: (I,I_err)
# xlabel: Longitude [deg]
# ylabel: Intensity [n/s/bin]
# xlimits: 19.9 99.9
# variables: th I I_err N
20 3.268968624e-63 2.445231817e-63 7 
20.2 0 0 0 
20.4 0 0 0 
20.6 0 0 0 
20.8 0 0 0 
21 0 0 0 
21.2 0 0 0 
21.4 0 0 0 
21.6 0 0 0 
21.8 0 0 0 
22 0 0 0 
22.2 0 0 0 
22.4 0 0 0 
22.6 0 0 0 
22.8 0 0 0 
23 0 0 0 
23.2 0 0 0 
23.4 0 0 0 
23.6 0 0 0 
23.8 0 0 0 
24 0 0 0 
24.2 0 0 0 
24.4 0 0 0 
24.6 0 0 0 
24.8 0 0 0 
25 0 0 0 
25.2 0 0 0 
25.4 0 0 0 
25.6 0 0 0 
25.8 0 0 0 
26 0 0 0 
26.2 0 0 0 
26.4 0 0 0 
26.6 0 0 0 
26.8 0 0 0 
27 0 0 0 
27.2 0 0 0 
27.4 0 0 0 
27.6 0 0 0 
27.8 0 0 0 
28 0 0 0 
28.2 0 0 0 
28.4 0 0 0 
28.6 2.119360684e-11 7.60620572e-12 12 
28.8 22.10766205 7.482812133 18 
29 0.4449160367 0.2948152299 13 
29.2 6.988585582e-07 6.988585582e-07 1 
29.4 2.268536142e-22 1.30973997e-22 3 
29.6 0 0 0 
29.8 0 0 0 
30 0 0 0 
30.2 0 0 0 
30.4 0 0 0 
30.6 0 0 0 
30.8 0 0 0 
31 0 0 0 
31.2 0 0 0 
31.4 0 0 0 
31.6 0 0 0 
31.8 0 0 0 
32 0 0 0 
32.2 0 0 0 
32.4 0 0 0 
32.6 0 0 0 
32.8 0 0 0 
33 0 0 0 
33.2 0 0 0 
33.4 0 0 0 
33.6 0 0 0 
33.8 0 0 0 
34 0 0 0 
34.2 0 0 0 
34.4 0 0 0 
34.6 0 0 0 
34.8 0 0 0 
35 0 0 0 
35.2 0 0 0 
35.4 2.886753142e-11 1.020699123e-11 8 
35.6 16.69740602 9.64025265 3 
35.8 0 0 0 
36 1.068427939e-20 6.168999063e-21 3 
36.2 6.789860453e-21 4.801310715e-21 2 
36.4 0 0 0 
36.6 0 0 0 
36.8 0 0 0 
37 0 0 0 
37.2 0 0 0 
37.4 0 0 0 
37.6 0 0 0 
37.8 0 0 0 
38 0 0 0 
38.2 0 0 0 
38.4 0 0 0 
38.6 0 0 0 
38.8 0 0 0 
39 0 0 0 
39.2 0 0 0 
39.4 0 0 0 
39.6 0 0 0 
39.8 0 0 0 
40 0 0 0 
40.2 0 0 0 
40.4 0 0 0 
40.6 0 0 0 
40.8 0 0 0 
41 0 0 0 
41.2 0 0 0 
41.4 0.68665114 0.68665114 1 
41.6 0 0 0 
41.8 0 0 0 
42 0 0 0 
42.2 0 0 0 
42.4 0 0 0 
42.6 0 0 0 
42.8 0 0 0 
43 0 0 0 
43.2 0 0 0 
43.4 0 0 0 
43.6 0 0 0 
43.8 0 0 0 
44 0 0 0 
44.2 0 0 0 
44.4 0 0 0 
44.6 0 0 0 
44.8 0 0 0 
45 0 0 0 
45.2 0 0 0 
45.4 0 0 0 
45.6 0 0 0 
45.8 0 0 0 
46 1.495285563e-11 6.68712033e-12 5 
46.2 0 0 0 
46.4 0 0 0 
46.6 0 0 0 
46.8 0 0 0 
47 0 0 0 
47.2 0 0 0 
47.4 0 0 0 
47.6 0 0 0 
47.8 0 0 0 
48 0 0 0 
48.2 0 0 0 
48.4 0 0 0 
48.6 0 0 0 
48.8 1.634374065 1.155677253 2 
49 0 0 0 
49.2 0 0 0 
49.4 0 0 0 
49.6 0 0 0 
49.8 0 0 0 
50 0 0 0 
50.2 0 0 0 
50.4 0 0 0 
50.6 0 0 0 
50.8 8.377066965e-38 3.461472631e-38 7 
51 2.83028669e-19 1.634066782e-19 3 
51.2 0 0 0 
51.4 0 0 0 
51.6 0 0 0 
51.8 0 0 0 
52 0 0 0 
52.2 0 0 0 
52.4 0 0 0 
52.6 0 0 0 
52.8 0 0 0 
53 0 0 0 
53.2 0 0 0 
53.4 0 0 0 
53.6 0 0 0 
53.8 0 0 0 
54 0 0 0 
54.2 0 0 0 
54.4 0 0 0 
54.6 0 0 0 
54.8 0 0 0 
55 0 0 0 
55.2 0 0 0 
55.4 3.408157532e-05 1.305943935e-05 9 
55.6 10.58043733 3.184286749 13 
55.8 25.736088 8.578709261 9 
56 21.22235272 7.50323476 8 
56.2 0 0 0 
56.4 1.513853519e-08 5.722027857e-09 7 
56.6 0 0 0 
56.8 0 0 0 
57 0 0 0 
57.2 0 0 0 
57.4 0 0 0 
57.6 0 0 0 
57.8 0 0 0 
58 0 0 0 
58.2 0 0 0 
58.4 0 0 0 
58.6 0 0 0 
58.8 0 0 0 
59 0 0 0 
59.2 0 0 0 
59.4 6.776667173e-130 2.561343542e-130 7 
59.6 0.001499721901 0.0006123049422 6 
59.8 29.97227633 9.995130013 9 
60 0 0 0 
60.2 0 0 0 
60.4 1.326816366e-06 9.382015579e-07 2 
60.6 0 0 0 
60.8 0 0 0 
61 0 0 0 
61.2 0 0 0 
61.4 0 0 0 
61.6 0 0 0 
61.8 0 0 0 
62 0 0 0 
62.2 0 0 0 
62.4 0 0 0 
62.6 0 0 0 
62.8 0 0 0 
63 0 0 0 
63.2 0 0 0 
63.4 0 0 0 
63.6 0 0 0 
63.8 19.44255823 11.69052316 4 
64 0 0 0 
64.2 0.0004199900205 0.0002425013511 3 
64.4 0.1948245954 0.09743864162 4 
64.6 4.564821224e-08 1.725399255e-08 7 
64.8 1.065688355e-36 1.065688355e-36 1 
65 0 0 0 
65.2 0 0 0 
65.4 0 0 0 
65.6 0 0 0 
65.8 0 0 0 
66 0 0 0 
66.2 0 0 0 
66.4 0 0 0 
66.6 0 0 0 
66.8 0 0 0 
67 0 0 0 
67.2 0 0 0 
67.4 0 0 0 
67.6 0 0 0 
67.8 17.75899851 7.884812038 6 
68 0.2651916442 0.1326271169 4 
68.2 8.42717458e-11 4.898781297e-11 3 
68.4 0 0 0 
68.6 6.794433027e-36 2.264837184e-36 9 
68.8 3.005800722e-36 1.50290833e-36 4 
69 0 0 0 
69.2 0 0 0 
69.4 0 0 0 
69.6 0 0 0 
69.8 0 0 0 
70 0 0 0 
70.2 0 0 0 
70.4 0 0 0 
70.6 0 0 0 
70.8 0 0 0 
71 0 0 0 
71.2 0 0 0 
71.4 0 0 0 
71.6 0 0 0 
71.8 0 0 0 
72 0 0 0 
72.2 0 0 0 
72.4 0 0 0 
72.6 0 0 0 
72.8 0 0 0 
73 0 0 0 
73.2 0 0 0 
73.4 0 0 0 
73.6 0 0 0 
73.8 0 0 0 
74 0 0 0 
74.2 0 0 0 
74.4 0 0 0 
74.6 1.534002086e-131 6.860271657e-132 5 
74.8 0 0 0 
75 0 0 0 
75.2 0 0 0 
75.4 0 0 0 
75.6 0 0 0 
75.8 4.765457553 1.588577814 9 
76 0 0 0 
76.2 5.788170552e-05 4.420791923e-05 4 
76.4 8.851446188e-38 3.614411493e-38 6 
76.6 0 0 0 
76.8 0 0 0 
77 0 0 0 
77.2 0 0 0 
77.4 0 0 0 
77.6 0 0 0 
77.8 0 0 0 
78 0 0 0 
78.2 0 0 0 
78.4 6.431905012e-06 2.175425066e-06 21 
78.6 3.161809679e-06 1.217827738e-06 14 
78.8 0 0 0 
79 22.08147639 15.61582315 2 
79.2 0.0008208576275 0.0004970834822 6 
79.4 0 0 0 
79.6 12.579946 12.05404672 6 
79.8 0 0 0 
80 8.366702458e-17 5.916181731e-17 2 
80.2 0 0 0 
80.4 0 0 0 
80.6 0 0 0 
80.8 0 0 0 
81 0 0 0 
81.2 0 0 0 
81.4 0 0 0 
81.6 0 0 0 
81.8 0 0 0 
82 0 0 0 
82.2 0 0 0 
82.4 0 0 0 
82.6 0 0 0 
82.8 0 0 0 
83 0 0 0 
83.2 0 0 0 
83.4 0 0 0 
83.6 0 0 0 
83.8 0 0 0 
84 0 0 0 
84.2 0 0 0 
84.4 0 0 0 
84.6 0 0 0 
84.8 0 0 0 
85 0 0 0 
85.2 0 0 0 
85.4 0 0 0 
85.6 0.000398569336 0.0001348068519 15 
85.8 0 0 0 
86 0 0 0 
86.2 62.19254194 24.47343922 7 
86.4 0 0 0 
86.6 0.0007877533833 0.0004734123172 4 
86.8 0 0 0 
87 0 0 0 
87.2 0 0 0 
87.4 0 0 0 
87.6 0 0 0 
87.8 0 0 0 
88 0 0 0 
88.2 0 0 0 
88.4 0.1945603461 0.1945603461 1 
88.6 0 0 0 
88.8 0 0 0 
89 0 0 0 
89.2 0 0 0 
89.4 0 0 0 
89.6 0 0 0 
89.8 26.07237262 18.43599656 2 
90 110.3605512 45.05451128 6 
90.2 0 0 0 
90.4 0 0 0 
90.6 0 0 0 
90.8 0 0 0 
91 0 0 0 
91.2 0 0 0 
91.4 0 0 0 
91.6 0 0 0 
91.8 0 0 0 
92 0 0 0 
92.2 0 0 0 
92.4 0 0 0 
92.6 0 0 0 
92.8 2.806241004 1.984313618 2 
93 5.422094764 1.948721808 15 
93.2 5.290544481e-07 2.008921438e-07 7 
93.4 0.2408621024 0.1719519343 2 
93.6 0 0 0 
93.8 0 0 0 
94 13.17450761 3.19541008 17 
94.2 0 0 0 
94.4 0.07971919624 0.09205179868 3 
94.6 3.696229211e-24 2.13401901e-24 3 
94.8 1.335208665e-37 5.452271686e-38 6 
95 0 0 0 
95.2 0 0 0 
95.4 0 0 0 
95.6 0 0 0 
95.8 0 0 0 
96 0 0 0 
96.2 0.0001641424057 5.806338264e-05 8 
96.4 0 0 0 
96.6 52.13469443 13.93885048 14 
96.8 0 0 0 
97 0.3864535611 0.2758798022 2 
97.2 0 0 0 
97.4 0 0 0 
97.6 1.426634153e-08 1.747262862e-08 2 
97.8 0 0 0 
98 0.2050198635 0.2050198635 1 
98.2 0 0 0 
98.4 0 0 0 
98.6 0 0 0 
98.8 0 0 0 
99 0 0 0 
99.2 0 0 0 
99.4 0 0 0 
99.6 0 0 0 
99.8 9.162474806e-05 9.162474806e-05 1 
