# Format: McCode with text headers
# URL: http://www.mccode.org
# Creator: McStas 3.0-dev - Oct. 05, 2021
# Instrument: PSI_DMC.instr
# Ncount: 20000
# Trace: no
# Gravitation: no
# Seed: 1000
# Directory: 1e4
# Param: lambda=2.566
# Param: R=0.87
# Param: R_curve=0.87
# Param: filename=Na2Ca3Al2F14.laz
# Param: D_PHI=6
# Param: SHIFT=0
# Param: PACK=0.7
# Param: Dw=0.8
# Param: BARNS=1
# Date: Tue Oct  5 15:36:41 2021 (1633441001)
# type: array_2d(100, 100)
# Source: PSI_DMC (PSI_DMC.instr)
# component: PSD_fluxpos
# position: 0 0 47.8657
# title: PSD monitor
# Ncount: 20000
# filename: xdist_fluxposy.dat
# statistics: X0=0.0527532; dX=0.609865; Y0=-0.192002; dY=3.28559;
# signal: Min=0; Max=480932; Mean=3816.21;
# values: 3.81621e+07 2.96533e+06 837
# xvar: X 
# yvar: Y 
# xlabel: X position [cm]
# ylabel: Y position [cm]
# zvar: I
# zlabel: Signal per bin
# xylimits: -1 1 -6 6
# variables: I I_err N
# Data [PSD_fluxpos/xdist_fluxposy.dat] I:
0 10.26299067 0 0 0 0 0 0 0 0 0 0 0 0 0 0 0 0 247345.8982 0 0 0 0 0 5.135887095e-77 0 0 0 0 0 0 0 0 0 0 0 0 0 0 0 0 0 0 0 0 0 243442.1617 0 0 0 0 0 0 0 0 0 0 0 0 0 0 0 0 0 0 0 0 0 0 0 0 0 0 0 0 0 0 0 0 0 0 0 0 0 0 0 0 0 0 0 0 0 0 4.921064226 0 0 0 0 0 0 
1.387797206e-33 0 0 0 0 0 0 0 0 0 0 0 0 0 1.18532051e-178 0 0 0 0 0 0 0 0 0 0 0 0 0 0 0 0 0 0 0 0 0 0 0 7.777966052e-105 0 0 0 0 0 0 0 0 0 0 0 0 0 0 0 0 0 0 0 0 0 0 0 0 1.846228308e-155 0 0 0 0 0 0 0 0 0 0 0 0 0 0 0 0 0 0 0 0 0 0 0 0 0 0 0 0 0 0 0 0 0 0 0 0 
0 0 0 436114.5021 0 0 8.815212406e-73 0 0 0 0 0 0 0 0 0 0 0 0 0 0 0 0 0 0 2.640122827e-29 0 0 0 0 0 0 0 0 0 0 0 0 0 0 0 0 0 0 0 0 0 0 0 0 0 0 0 0 0 0 8.488043612e-29 0 0 0 0 0 0 0 0 0 0 0 0 0 0 0 0 0 0 0 0 0 0 0 0 0 0 0 5.554341937e-19 0 0 0 0 4.227993644e-23 0 0 0 0 0 250997.7162 0 0 0 0 
0 0 0 0 0 0 0 0 0 0 0 0 0 0 0 0 0 4.612646367e-05 3.822212001e-52 0 0 0 0 0 0 0 0 0 0 0 0 0 0 0 0 0 0 0 0 0 0 0 0 0 0 0 0 0 0 0 0 0 0 0 0 0 0 0 0 0 0 0 0 0 0 0 0 0 0 0 0 0 0 0 0 0 0 0 0 0 0 0 0 0 0 0 0 0 0 372.5448034 0 0 0 0 0 9.839178755e-30 0 6.488738677e-13 0 0 
54004.90893 0 247547.9927 0 0 0 0 0 0 0 0 0 0 0 0 0 0 0 0 2.435594903e-161 0 0 0 0 0 0 4.504089467e-15 0 0 0 0 0 0 0 0 0 0 0 0 0 0 0 0 0 0 0 0 0 0 0 0 0 0 0 212222.0267 0 0 0 0 247276.8322 0 0 0 0 0 0 0 0 0 0 0 0 0 0 0 0 0 0 0 0 0 0 0 0 0 0 0 0 0 0 0 0 0 0 0 0 0 0 0 0 
0 0 0 0 0 0 0 0 0 0 0 0 0 0 0 0 0 0 0 246946.7499 0 0 0 0 0 0 0 0 0 0 0 0 0 5.032737829e-65 0 9.991549104e-16 0 0 0 0 1.040411636e-111 0 0 0 0 0 0 0 0 0 0 0 0 0 0 0 0 0 0 0 0 0 0 228199.5169 104.0461806 0 11.04468607 0 0 0 0 0 0 0 0 0 0 0 0 0 0 0 0 0 0 0 0 0 0 0 0 0 0 0 0 0 0 0 7.399342891e-75 0 
0 0 1.043737764e-177 0 0 0 0 0 0 0 0 0 0 0 0 0 0 7.421360982e-22 0 0 0 0 0 0 0 0 0 0 0 0 0 0 1.955149976e-32 0 0 0 0 0 0 0 0 0 0 0 0 7.527945608e-30 0 0 0 0 0 241830.0907 0 0 0 1.730367904e-39 0 0 0 0 0 0 0 0 0 0 0 0 0 91.593822 0 0 0 0 0 0 0 0 0 0 0 0 0 0 0 0 0 0 0 0 2.712421561e-161 0 0 0 0 1.795225016e-38 0 0 4.28789096e-90 0 
0 0 0 0 0 0 0 0 0 0 0 0 0 0 0 0 0 0 0 0 0 0 0 0 0 0 0 9.931367448e-150 0 0 0 0 0 0 0 0 0 0 0 0 0 0 0 0 0 0 0 0 0 0 5477.387114 0 0 249525.1799 0 0 0 0 0 0 0 0 0 0 0 0 0 248512.2525 0 0 0 0 0 0 0 1.225455727e-40 0 0 0 0 250418.765 0 0 0 0 0 0 0 0 7.760671981e-35 0 0 0 0 0 0 0 0 0 0 
0 0 0 2.338281329e-148 0 0 0 5.605151474e-20 0 0 0 18.80975922 0 197624.8713 0 3.598547089e-109 0 0 0 0 0 0 0 0 0 0 0 0 0 0 0 0 0 0 0 0 2.315996876e-137 0 0 0 0 0 0 0 0 249989.6367 0 0 0 0 0 0 0 0 0 0 0 0 0 0 0 0 0 0 0 0 0 0 0 0 0 0 0 0 0 0 0 0 0 0 0 0 1.947865796e-32 0 0 0 0 0 0 0 0 0 0 0 0 0 0 0 0 0 
0 0 0 5.501208453e-46 0 0 0 0 0 0 0 0 0 0 0 0 0 0 0 0 0 0 1.061573494e-52 0 0 0 1.805015683e-69 0 0 0 0 0 0 0 0 4.21604352e-149 0 0 0 0 0 0 0 0 0 0 0 0 0 0 0 0 0 0 0 0 0 0 0 0 4.618871132e-58 0 0 0 0 0 0 0 0 0 0 0 0 0 0 0 0 0 0 0 0 0 18613.81448 0 0 0 0 0 0 0 0 0 0 0 0 0 0 0 0 0 
0 0 0 0 0 0 0 0 0 0 0 0 0 5.716357015e-22 0 0 0 0 0 0 0 0 0 0 4.622486789e-123 0 0 0 0 0 0 0 0 0 0 0 0 0 0 0 0 0 0 0 0 0 0 0 0 0 0 0 0 0 0 0 0 0 0 0 0 1.467232552e-127 1.761250018e-05 0 0 0 0 0 0 0 0 0 0 1.979607036e-17 0 0 0 0 0 0 0 248648.7889 0 0 0 0 0 0 0 0 0 0 0 0 0 0 0 0 0 0 
0 0 0 0 0 0 0 9.351250982e-29 0 0 0 0 0 0 0 0 0 0 0 0 0 0 0 0 0 0 0 0 0 0 0 0 0 0 0 0 0 2.692807533e-36 0 0 0 0 0 0 0 0 0 0 0 0 0 0 0 0 0 0 0 1.183152065e-116 0 0 0 0 0 1.56262067e-129 0 0 0 8.108876791e-08 0 0 0 0 0 0 0 0 0 2.393871052e-13 0 0 0 0 0 0 0 0 0 0 4.278299345e-08 0 0 0 0 0 0 0 5.04988335e-26 0 0 0 
0 0 0 0 0 0 0 0 0 0 0 0 0 0 0 0 5.285777482e-06 5.067952355e-58 0 0 0 0 0 0 0 0 0 8.215922051e-76 0 0 0 0 0 0 0 0 0 0 0 0 0 0 1.806881226e-141 0 0 0 0 0 0 0 0 0 0 0 0 0 0 0 0 0 0 0 0 0 0 0 5.703884258e-42 0 0 0 0 0 0 0 0 0 0 3.822036861e-20 0 0 0 0 0 0 0 0 0 0 0 0 0 0 0 0 0 0 0 0 0 0 
0 0 0 0 0 0 0 6.583287927e-20 1.161326506e-170 0 0 0 0 194405.698 0 0 0 4.263562157e-17 0 0 0 0 0 0 0 0 0 0 2.367506159e-138 0 0 0 0 0 0 0 0 0 0 0 0 0 0 0 0 0 0 0 0 0 0 0 0 0 0 0 0 0 0 0 0 0 0 0 0 0 0 0 0 0 0 0 0 230285.0883 0 0 1.18635733e-25 0 0 0 9.958149628e-51 0 0 247568.7123 0 0 5.025607227e-159 0 0 0 0 0 0 0 0 0 0 0 0 0 
0 0 0 0 0 0 248853.0179 0 0 0 0 0 0 3.387143866e-136 0 0 224689.3203 0 0 0 0 0 0 0 7.265804992e-15 5.091580202e-39 0 0 0 0 5.368984458e-10 0 0 0 0 0 0 0 0 0 0 0.640640778 0 0 0 8.535289947e-106 0 1.432132589e-101 0 0 0 0 0 0 0 0 0 0 0 0 0 0 0 0 0 0 203110.9034 0 0 0 0 0 0 0 0 0 0 0 0 0 0 0 0 225539.5464 0 0 0 0.5122749852 0 0 0 0 0 0 0 0 248571.4515 0 0 0 
0 0 0 0 0 0 0 0 0 0 0 0 244370.4367 0 0 0 0 0 0 0 0 0 0 0 0 0 0 0 0 2.035975575e-07 0 0 0 0 0 0 0 0 0 0 0 0 0 0 0 252285.4437 0 1.390578764e-22 973.4732745 0 0 0 0 0 0 0 0 0 0 0 0 6.705044068e-06 0 0 0 0 0 4.547236037e-59 1.053178474e-05 0 0 0 0 0 0 0 0 3.550653378e-17 0 0 0 0 0 0 0 0 223959.0801 0 0 0 0 0 9.603781068e-83 0 0 0 0 0 0 0 
0 0 0 0 0 0 0 0 0 0 0 0 0 0 0 0 0 0 8.209696228e-53 7.504208305e-217 7.13635229e-173 0 0 0 0 1.224209815e-140 0 0 0 0 0 0 0 0 0 0 0 0 5.89864349 0 0 0 0 0 0 0 0 0 0 0 249764.6683 0 0 0 0 0 0 0 0 0 0 0 0 0 0 0 0 0 0 0 0 0 0 0 0 0 0 0 0 0 0 0 0 0 0 0 0 0 0 0 0 0 0 0 0 0 0 0 7.401419274e-68 0 
0 0 0 0 0 0 0 0 0 0 0 0 0 0 0 0 0 0 0 0 0 0 0 0 0 4.352945464e-26 0 0 0 0 0 0 0 0 0 0 0 0 0 0 0 0 0 0 0 0 0 0 0 0 0 0 0 0 0 0 0 0 0 0 0 0 0 0 0 3.702418394e-69 0 0 0 0 4.223418144e-06 0 0 0 0 0 0 0 0 0 0 0 0 0 0 0 0 0 0 0 0 0 0 0 0 0 0 0 1.748806043e-21 0 
0 0 0 0 0 0 0 0 0 0 0 0 0 0 1.242282517e-38 0 2.074288552e-23 0 1.049104082e-12 0 0 0 0 3103.81851 0 0 0 0 0 1.110125181e-149 0 0 0 0 0 0 0 0 0 0 0 3.810077858e-105 0 0 0 0 0 0 0 0 0 0 0 0 0 0 0 0 0 0 1.551404887e-32 0 0 0 0 0 0 0 0 0 0 0 0 0 0 0 0 0 249654.3365 0 0 0 0 0 0 5.347064118e-131 0 0 0 0 0 0 0 0 0 0 0 245946.4558 0 0 
0 249065.8518 0 0 0 0 0 0 0 0.0002557791403 0 0 1.42047256e-13 0 0 0 0 0 0 0 0 0 0 0 0 0 0 0 0 0 0 0 0 0 0 0 0 0 0 0 0 0 0 0 0 0 0 0 0 0 0 0 0 6.733324811e-80 0 0 0 0 0 0 0 0 0 0 0 0 0 0 0 0 0 0 0 0 0 0 0 0 0 0 0 0 0 0 0 0 0 0 0 0 0 0 0 0 0 0 0 0 0 0 
0 0 0 0 0 0 0 0 0 0 0 7.961405499e-65 0 0 1.068710359 0 0 0 0 0 0 0 0 9.064485438e-40 0 2.537725161e-71 0 0 0 0 0 0 0 0 0 246750.466 0 0 0 2.363026732e-05 0 0 0 0 0 0 0 0 0 0 0 0 0 0 8.826095342e-13 0 1758.62833 0 0 0 1.374958516e-39 0 0 0 0 0 0 0 0 0 0 0 0 0 0 0 2.288990029e-66 0 0 0 0 0 1.059068323e-118 0 0 0 0 0 0 0 0 0 0 0 0 0 0 0 0 0 
0 0 0 0 0 0 0 0 0 0 0 0 0 0 0 0 0 0 0 0 0 0 0 0 0 0 0 0 0 0 0 0 0 0 0 0 9.376133126e-14 0 0 0 0 0 0 0 0 0 0 0 0 0 0 0 0 0 0 0 0 0 0 0 0 0 0 0 0 0 0 0 0 0 0 0 0 0 0 0.0009647866571 0 0 0 0 0 0 0 0 0 0 0 0 0 0 0 0 0 0.00408514967 0 0 0 0 0 0 
0 0 0 0 0 0 0 0 0 5.3648309e-173 0 0 0 9.228582523e-41 0 0 0 0 0 0 0 0 0 0 0 0 0 0 0 0 0 0 0 0 0 0 0 0 0 0 0 0 0 2.778014433e-54 0 0 18.76316843 0 0 0 0 0.000165742758 0 243694.4642 0 0 4.592414765e-29 0 0 0 0 0 0 0 0 0 0 0 0 0 0 238358.3083 0 0 0 0 0 0 0 0 0 0 0.002523221062 0 0 0 0 0 249539.4491 0 0 3672.21826 0 0 0 0 0 0 0 0 
0 0 0 0 0 0 3.051214316e-06 0 0 0 5.169695071e-38 56.71555405 0 0 0 0 0 0 0 0 0 0 0 0 0 0 0 0 0 0 0 0 0 0 0 0 3.488585382e-21 0 0 0 0 0 0 0 0 0 0 0 0 0 0 0 0 4.069164526e-13 0 0 0 5618.159762 0 0 0 4.341923096e-28 0 9.014159559e-94 0 0 0 0 0 0 0 0 0 0 0 0 2.178366507e-69 0 0 0 0 0 6336.427736 0 0 0 0 2.378558024e-74 0 0 142523.1911 0 0 0 0 0 0 0 0 0 
0 0 0 0 0 1644.928937 0 0 0 0.02297180224 0 0 0 0 0 0 5.464341118e-17 0 2.907612505e-155 239536.877 0 0 0 0 0 0 0 0 0 0 0 0 0 0 0 0 0 0 0 0 1.302218926e-54 0 0 0 0 0 0 0 0 0 0 0 0 0 0 0 0 0 4.372243586e-29 0 0 0 0 0 0 3.106798465e-21 0 0 179965.5787 0 0 0 0 0 0 1.577531182e-55 0 0 0 0 0 0 0 0 0 0 0 0 0 0 0 0 0 0 0 0 0 0 0 0 
0 0 0 0 0 0 0 0 0 0 0 0 0 0 0 0 0 0 0 0 0 0 0 0 0 0 0 0 0 0 0 0 0 0 1.667356714e-07 0 0 0 0 0 0 0 0 0 0 0 0 0 0 0 0 0 0 1.596898384e-12 0 0 0 0 0 0 0 0 0 0 0 0 18064.53787 0 0 0 0 0 247590.7182 0 0 0 0 0 0 4.74600643e-67 156566.7855 0 0 0 0 0 0 0 0 0 0 1.37095268e-84 0 0 175779.6502 5.413653941e-37 5.623846826e-41 0 0 0 
0 0 0 0 0 0 0 0 0 0 0 1.662031157e-22 0 0 0 0 0 0 0 1.501288286e-48 0 0 0 0 0 0 0 0 0 0 0 0 0 0 0 0 0 0 1.0331524e-34 0 0 8.175770948e-48 0 0 0 0 2.989006853e-26 0 0 0 1.45153711e-183 0 0 0 0 0 0 0 0 0 0 214971.5162 0 3.010760803e-74 0 0 0 0 0 0 0 0 0 0 0 0 0 0 0 0 0 0 0 0 0 0 0 0 0 0 0 0 0 0 0 0 235210.8772 0 0 0 
0 0 0 0 0 0 0 0 0 8.596588972e-109 0 0 0 0 0 0 0 0 0 9.873124987e-15 0 0 0 0 0 0 0 0 0 0 0 0 0 0 0 0 0 0 0 0 0 0 0 0 0 0 0 0 0 0 0 0 0 0 0 0 0 0 0 0 7.911976108e-18 0 0 0 1.088128129e-20 0 0 0 0 0 0 0 0 0 0 0 0 0 0 0 0 0 0 0 0 0 0 0 0 0 0 0 0 0 0 0 0 0 0 0 
0 0 0 246238.5626 0 0 0 0 248858.1475 2.023632956e-89 0 0 0 0 2.023336479e-41 0 0 0 0 0 0 3.040591846e-40 0 0 0 0 0 0 0 0 0 0 0 0 0 0 4.461966944e-76 0 0 0 0 0 0 0 0 0 0 0 0 0 0 6.454990564e-07 0 0 242765.6678 0 0 0 0 0 0 5.572003359e-05 2.071327659e-12 0 0 0 0 0 0 0 0 0 0 0 6.26580498e-74 0 0 0 0 1.032551352e-16 0 0 0 0 0 0 2.091746486e-06 0 0 0 0 0 0 0 0 0 0 221.5978924 0 0 
0 0 0 0 0 0 0 1.862303893e-39 0 10.07017505 0 0 0 0 0 0 0 68.74464855 0 0 0 0 0 0 0 0 0 0 0 0 0 0 0 0 0 0 1.141695461e-28 0 0 0 0 0 0 0 0 0 0 0 0 0 1.059467359e-09 0 0 0 0 0 0 0 0 0 0 0 0 0 0 0 0 0 0 0 0 0 0 0 0 0 2276.886602 0 0 0 0 0 0 0 0 0 0 0 0 0 0 0 0 0 0 244123.0012 0 0 0 0 
0 0 0 0 0 0 0 0 0 0 0 0 0 0 0 0 0 4808.009457 0 0 0 0 0 0 0 0 0 0 0 0 0 0 0 0 0 0 0 0 0 0 0 0 0 0 0 0 0 0 0 0 0 0 0 0 0 0 0 248116.5116 0 0 0 0 0 0 0 0 0 0 0 0 11068.2464 0 0 0 0 0 0 0 4.032335253e-29 0 0 0 0 0 230554.3429 0 0 0 0 0 0 0 0 250738.3793 0 0 0 0 0 0 
0 0 0 0 0 0 0 0 0 0 0 0 0 0 0 0 0 0 0 0 0 0 0 0 0 0 0 0 0 258851.6179 0 0 0 0 0 0 0 0 0 0 0 0 0 0 0 0 0 0 0 0 0 0 0 0 0 0 0 0 0 0 0 0 0 0 0 0 3.034430906e-24 0 0 0 0 216282.7038 0 0 0 0 0 0 0 0 0 0 0 0 0 0 0 0 0 0 0 0 0 0 0 0 0 0 0 0 
0 0 0 0 0 1.358580228 0 0 0 0 0 0 0 0 0 0 0 0 0 0 0 141382.1323 2.419165382e-25 0 0 0 0 0 0 0 0 0 0 0 0 0 0 0 0 0 0 0 0 0 0 0 0 0 0 0 0 0 0 0 0 0 0 0 0 0 0 0 0 0 0 0 0 0 0 0 0 0 0 5.020665585e-32 0 0 0 0 0 0 0 0 0 0 0 0 0 0 0 0 0 0 0 0 0 0 0 0 0 0 
0 0 0 0 0 9.774566941e-14 0 0 0 0 0 0 0 0 0 0 0 0 0 0 0 0 0 0 0 0 0 0 0 8.833908843e-59 0 0 0 0 0 0 0 0 248146.3032 0 0 0 0 28.33800827 0 0 0 0 0 0 0 0 0 0 0 0 0 0 0 0 0 0 0 0 0 0 0.1060277411 0 2.019854945e-172 0 0 0 0 6.747654464e-13 0 0 0 0 0 0 0 0 0 0 0 0 0 1.109239503e-26 0 0 0 0 0 0 0 0 0 0 0 0 
0 0 0 0 0 0 0 0 0 0 0 0 0 0 0 0 6.457528551e-25 637.5971697 0 0 0 0 0 0 0 0 1.682179269e-177 0 0 0 0 0 0 0 0 0 0 0 0 0 0 0 0 0 0 0 0 0 0 0 0 0 0 0 0 0 5.974910709e-25 0 0 0 0 0 0 0 0 0 0 0 1.017928082e-99 0 0 0 0 0 0 0 0 0 0 1.181790179e-131 0 0 0 248737.6079 0 0 0 0 0 0 0 0 0 0 0 0 0 0 0 0 
0 0 0 0 0 0 0 0 0 1.392084019e-66 0 8.791051025e-10 0 0 0 0 0 0 0 0 0 0 0 0 0 0 0 0 0 247636.9306 0 0 0 0 0 0 0 0 0 0 0 0.0006943002283 0 0 0 0 0 0 2.03201949e-06 0 0 0 0 0 0 0 0 0 0 0 0 0 0.07981887375 0 0 0 0 0 0 0 7.808448512e-212 0 0 0 0 0 0 0 0 0 0 0 0 0 0 2.204887239e-32 0 0 0 0 0 0 0 0 0 0 0 0 0 0 
0 0 3.314879172 0 2.989812376e-06 0 0 9.491116915e-78 5.465241855 0 0 2.511991796e-111 0 0 0 0 0 0 0 0 0 0 0 0 2.747398525e-09 2.926726703e-40 0 0 0 0 0 0 238247.9166 0 0 0 0 0 0 0 0 0 0 0 0 0 0 0 0 0 0.01865169577 0 0 0 7.398379193e-05 0 0 0 0 0 0 5.06014744e-145 0 0 0 0 1.21143047e-70 0 0 0 0 0 0 9.670614034e-148 0 0 0 0 0 0 0 0 0 0 0 0 0 0.0001122261577 0 0 0 4.918212946e-40 0 0 0 0 0 0 0 0 
0 0 0 6.796838709e-85 0 0 0 0 0 0 0 0 0 0 0 0 0 0 0 0 0 0 0 0 0 0 0 0 0 0 0 0 0 0 0 0 0 0 2.006120269e-22 0 0 0 0 0.2430117067 0 0 0 0 0 0 0 0 0 0 0 0 0 0 5.327375716e-06 0 0 0 0 0 0 0 0 3.619125903e-131 8.910445486e-117 0 0 0 0 0 0 0 0 0 0 248944.3173 0 0 238000.5405 1.305956108e-158 0 0 0 0 0 0 0 0 0 0 0 0 0 0 0 0 
8.452443694e-36 0 0 0 0 1.235453747e-93 0 0 0 0 0 0 0 1.434583274e-19 0 0 0 0 1.302550986e-113 0 0 0 0 0 0 0 0 0 0 0 0 0 0 0 0 0 0 0 0 0 0 0 2.94969315e-22 0 0 0 0 0 0 0 0 0 0 0 0 0 0 0 0 247902.3164 0 0 0 0 0 0 0 0 0 0 5.859824175e-44 0 0 0 0 0 0 0 0 0 0 0 0 249307.8994 0 0 144.9431907 0 0 5.897352359e-94 0 0 0 0 0 2.71389221e-36 0 0 0 0 
0 0 0 0 0 0 0 249041.3002 0 0 0 0 0 0 1.156579992e-57 8.323183222e-37 0 0 0 0 0 0 0 0 0 0 0.00256068773 0 1.754738913e-99 0 0 0 0 0 0 0 0 0 0 0 0 0 0 0 0 0 0 0 0 0 0 0 0 0 0 0 0 0 0 0 0 0 0 0 0 0 0 0 0 0 0 0 0 0 0 0 0 0 0 0 0 0 0 0 0 0 0 0 0 0 4.854909497e-06 0 0 0 0 0 0 0 0 0 
0 0 0 0 2.213155625e-19 0 0 0 245512.0738 0 0 0 0 0 0 0 0 0 0 0 0 0 0 0 0 0 245725.5111 0 0 0 0 0 0 0 0 0 0 0 0 0 0 239724.3255 0 0 1.984425212e-21 0 0 0 0 0 0 2.427113099e-44 5.318253544e-23 0 0 0 0 0 0 0 0 0 0 0 0 0 0 3.213852432e-17 0 9.436196193e-153 0 0 3.897720135e-67 0 0 0 0 0 0 0 5.726529195e-05 0 249633.2976 0 0 0 0 0 0 0 0 244637.6181 0 0 0 222379.9855 1.02137661e-36 0 0 0 
0 0 0 0 0 0 0 0.000233963797 0 0 0 0 0 0 0 0 0 0 0 0 0 0 0 0 0 0 0 0 0 0 0 0 0 0 0 0 0 4.485304091e-88 0 0 0 0 0 0 0 0 0 0 0 0 0 0 0 0 0 0 0 0 0 0 0 0 0 0 0 0 0 0 0 0 0 0 0 0 0 0 0 0 0 0 0 0 0 0 3.524613425e-16 0 0 0 0 0 0 0 0 0 0 0 0 38565.73164 0 0 
0 0 0 0 0 0 0 9.563273927e-14 0 0 0 0 0 0 0 0 0 0 3.704227494e-73 0 5.193086748e-10 0 0 4.291245283e-21 0 0.5409921111 0 0 0 0 0 0 0 0 0 0 0 0 0 0 0 0 0 0 0 0 0 0 0 0 0 0 6.147949762e-89 0 0 0 0 0 0 0 0 0 0 0 1.458311394e-129 7.0191071e-144 0 0 0 0 0 0 0 0 0 0 0 0 0 0 0 0 0 0 0 0 7.649509053e-18 0 0 0 0 0 0 0 0 0 0 1.294731936e-169 0 3.158149324e-46 
0 0 0 0 0 0 1.454967817e-45 0 0 0 0 3.799141285e-111 0 0 3.338924248e-18 0 0 247564.8862 0 0 0 0 0 0 0 5.385595912e-116 0 0 0 0 0 0 0 4.925895026e-23 0 0 0 0 0 0 0 0 0 0 0 0 0 0 0 0 0 0 0 0 0 0 2.052927543e-50 0 0 0 0 9996.416458 0 0 0 0 0 0 0 0 0 0 0 0 0 0 0 0 0 0 4.687979822e-103 0 0 614.2147943 0 0 0 0 0 0 0 0 0 0 0 0 0 0 0 0 
0 0 0 0 0 1.07680164e-20 0 0 0 0 0 0 0 9.060974319e-22 0 0 0 0 0 0 0 0 0 0 0 0 0 0 237846.9223 0 0 0 0 0 210646.7819 0 0 0 1.92665835e-28 0 0 0 0 0 0 0 6.394319635e-10 0 0 0 0 0 244864.4874 0 0 0 0 0 3.62590102e-40 134065.1519 0 0 0 187450.9149 0 0 0 0 0 0 0 0 0 0 0 0 0 0 0 0 0 0 0 0 0 0 0 0 0 0 0 0 0 0 0 0 0 0 0 0 
0 0 0 0 0 0 0 0 0 0 0 0 0 0 0 0 0 0 0 0 0 0 0 0 0 0 0 0 0 0 0 0 0 0 0 0 0 0 3.033005044e-113 0 0 0 0 0 0.7692067527 251558.7301 0 0 4.913715734e-28 0 0 0 0 0 0 0 0 0 0 0 0 0 0 0 8.214358999e-44 0 2.61983748e-221 0 242521.7203 0 0 0 0 0 0 0 0 0 0 0 0 0 0 0 0 0 0 0 0 0 0 0 0 0 0 0 0 0 0 0 
0 0 0 0 0 0 0 0 0 0 0 0 0 0 1.2564212e-09 0 0 16.50487545 4.506753313e-93 0 0 0 0 0 0 0 2.510834881e-36 1.236746168e-14 0 0 0 0 0 249789.5302 0 0 0 3.300291075e-137 0 0 0 0 0 0 0 0 0 0 0 0 0 0 0 480932.469 0 0 0 0 0 0 0 0 0 0 0 0 0 0 0 0 0 0 0 0 0 0 0 0 0 0 0 0 0 0 0 0 0 0 0 0 0 0 0 0 0 0 0 0 0 0 
0 0 0 0 0 0 0 0 0 0 0 0 0 0 0 0 0 0 227337.0787 0 0 0 0 0 0 0 0 0 0 0 0 0 0 0 0 0 0 238292.0342 0 9.348527827e-108 0 0 0 0 0 0 0 0 0 2.884578253e-125 0 0 0 0 0 0 0 0 0 0 0 0 0 0 0 0 0 0 0 0 0 0 0 0 0 0 0 0 0 0 0 0 0 0 0 0 0 0 5.021478769 0 0 0 0 0 0 0 0 0 0 0 
0 0 0 0 0 0 0 0 0 0 0 0 0 0 0.008572701561 0 0 0 0 0 0 2.39121578e-23 0 0 0 0 0 0 0 0 0 0 0 0 0 0 0 0 0 0 0 0 0 0 0 0 0 0 0 0 0 0 0 0 0 0 0 0 0 0 0 0 0 0 0 0 0 0 0 0 0 0 0 0 0 3.805176105e-70 0 0 0 0 0 0 213250.935 0 0 0 0 0 0 0 0 0 0 0 0 0 0 0 0 0 
0 0 0 0 0 0 0 0 0 0 0 0 0 0 0 0 0 0 0 0 0 0 0 0 0 0 0 0 0 0 0 0 0 0 2.380516423e-134 0 0 0 5.347062123e-98 0 0 0 0 0 0 2.419516267e-22 0 0 0 0 0 0 1.433360876e-06 0 0 0 0 0 0 3.649893687e-62 0 0 0 0 0 0 0 0 0 0 0 0 1.505633061e-23 0 0 0 0 0 0 0 0 0 0 0 0 0 0 0 0 0 0 0 0 0 0 0 0 0 0 0 
0 0 0 0 0 251166.6432 0 238673.2798 7.776805866e-30 0 0 0 0 0 0 0 0 0 0 0 0 3.360769144e-61 7.08431262e-07 0 0 0 0 0 0 0 0 0 0 247130.8291 0 0 0 0 0 0 0 0 0 0 0 0 0 0 0 0 0 0 0 5.847676957e-10 0 0 0 1.310783063e-85 0 0 0 0 0 0 0 0 0 0 0 0 0 0 0 0 235498.926 0 178188.0426 0 0 0 0 0 0 0 0 0 0 0 0 0 0 0 0 0 0 0 0 0 0 0 
0 0 0 0 0 0 0 0 0 0 0 0 0 0 0 0 0 0 3.797218759e-94 2.965474625e-15 0 0 0 0 0 0 0 0 0 0 0 0 0 0 0 0 0 0 0 0 0 0 0 248536.0759 0 0 0 0 0 0 0 0 0 0 0 9.642331056e-44 0 0 0 0 0 0 0 0 0 0 0 0 0 0 0 0 0 5.557002106e-30 0 0 0 0 0 0 0 0 0 0 0 0 0 0.01358338886 0 0 0 0 0 0 0 0 0 0 0 0 
0 0 0 0 3.845356547e-40 0 0 0 0 0 202843.7767 0 0 0 0 0.0007553745678 0 0 2.710726617 0 2.087471824e-32 0 0 0 0 0 0 0 0 2.861321703e-06 0 0 3.132612795e-33 0 0 0 0 0 0 0 0 0 0 0.02860996508 0 0 0 0 0 0 0 0 0 0 0 0 0 0 0 0 0 0 0 1.475079803e-86 0 0 0 0 0 0 1.067646231e-09 159171.017 0 0 0 0 0 0 0 0 6.330550465e-37 0 0 0 0 0 0 0 0 0 0 0 0 0 0 0 0 0 0 0 
0 0 0 0 0 0 0 0.07588722335 0 0 0 0 0 0 0 0 0 0 1.663366823e-06 0 248574.1718 0 0 0 0 0 0 0 0 5.367262472e-183 0 0 0 0 0 0 0 0 0 0 0 0 0 0 0 0 0 1.950146458e-29 0 0 0 9.558126011e-109 0 0 0 0 0 0 0 0 0 0.06889462749 0 0 0 0 0 0 0 0 0 0 0 0 7.499237818e-170 0 0 0 0 0 0 0 0 0 1.749045985e-126 0 0 2.53096369e-83 0 0 0 0 0 0 69628.74622 0 0 0 0 0 
1.475368516e-125 0 0 0 0 0 0 0 0 0 0 0 0 0 0 239819.1846 0 0 0 0 0 149.1819663 0 0 0 0 0 0 0 0 0 0 0 0 0 0 0 235699.0819 5.313129766e-21 0 0 0 0 0 0 0 0 0 0 0 0 0 0 0 0 0 0 9.272563903e-17 0 0 251140.6299 0 3.625661866e-115 3.603228345e-19 0 0 0 0 0 0 0 0 0 0 0 0 0 0 0 0 0 0 0 0 0 0 0 0 0.0002036058761 0 0 0.008196594187 0 0 0 0 0 0 0 0 
0 0 0 0 0 0 1.150943453 0 0 0 0 0 0 0 0 0 0 0 0 0 0 0 0 0 0 0 0 0 0 0 0 0 0 3.693376719e-38 0 0 0 0 0 0 0 0 0 0 0 0 0 0 0 0 0 0 0 0 0 0 253850.3518 0 0 0 0 0 0 0 0 0 0 0 0 0 0 0 0 0 0 0 239675.4197 0 0 1.818558518e-123 0 0 0 0 0 187939.5164 0 0 0 0 0 0 0 0 0 0 0 0 0 0 
16.63229409 0 0 0 0 0 0 0 0 0 0 0 0 0 0 0 0 0 0 0 0 0 0 0 0 0 0 0 0 0 0 0 0 0 0 0 0 0 0 0 0 0 0 0 0 0 0 0 0 0 0 0 0 0 0 0 0 0 0 0 0 0 0 0 0 0 0 0 0 0 0 0 0 4.361970775e-41 0 0 0 15810.39265 0 0 0 0 0 0 0 0 0 0 0 0 0 8.027027204e-36 0 0 0 0 0 0 3.517336322 0 
0 0 0 0 0 0 0 0 0 0 0 0 0 0 0 0 0 0 0 0 0 0 0 0 0 29.15689453 0 0 0 0 0 1.981365635e-07 0 0 0 0 0 0 0 0 0 0 1.557899569e-103 0 0 0 0 0 0 0 0 0 0 0 0 0 0 0 3.588803419e-22 0 0 0 0 0 0 0 0 0 0 0 0 4.10627358e-41 0 0 0 0 0 0 0 9.362847072e-27 0 0 176753.3816 0 0 0 0 0 248885.4977 0 0 0 0 0 0 6.012759683e-10 0 0 0 0 
6.291646344e-146 0 0 0 0 0 0 0 0 0 2.128667616e-159 0 0 0 0 0 0 0 0 0 0 0 0 0 0 0 0 0 0 0 0 0 0 0 0 0 0 248573.8606 0 0 0 0 0 0 0 0 0 0 0 0 0 0 0 0 0 0 0 0 0 0 0 0 0 0 0 0 0 0 2.384196955e-05 0 0 0 0 0 0 0 0 0 0 0 0 2.877214471e-07 0 0 0 242799.0659 0 0 0 0 0 0 0 0 0 0 0 248793.0655 0 0 
0 0 0 0 0 0 0 0 0 0 0 0 0 0 0 0 0 0 0 0 0 4.666653374e-18 0 0 0 251168.7748 0 0 0 0 0 0 0 0 0 0 247695.6438 0 0 0 0 0 0 0 0 0 0 0 0 0 0 0 0 0 0 0 0 0 0 0 0 0 0 0 0 0 0 0 0 0 36462.11088 0 0 0 0 0 0 0 0 0 0 0 0 3.072316939 0 0 1.284277602e-152 0 0 0 0 0 0 0 0 0 0 0 0 0 
0 0 0 0 0 0 0 0 0 0 0 3.657473519e-29 116088.2177 0 0 0 1.526440797e-220 223093.3051 0 0 0 9.315539136e-18 0 0 0 0 0 0 0 0 0 0 0 0 0 0 0 0 0 0 0 0 0 0 0 0 0 0 0 0 0 0 1.265608508e-07 0 0 0 0 0 0 0 0 0 0 0 0 0 0 164967.2346 0 0 0 0 0 0 0 0 0 0 0 0 0 0 0 0 0 0 0 0 0 0 0 0 0 0 0 0 0 0 0 0 
0 0 0 0 0 0 0 0 8.082254593e-30 0 0 0 0 0 0 0 0 0 0 0 0 0 0 0 2011.913017 0 4.271423671e-126 0 0 0 0 0 0 0 0 0 0 0 0 0 1.077362317e-15 0 0 0 0 0 0 0 0 0 0 0 0 0 0 0 1.567162937e-24 0 0 0 0 0 0 0 0 0 0 0 0 0 0 0 0 5.055610703e-85 0 0 0 0 0 0 0 0 0 0 0 0 0 0 0 0 0 0 0 0 0 0 249094.1924 0 0 0 
0 0 0 0 0 0 0 0 1.160716825e-72 0 9.474846231e-05 0 0 0 228250.4481 0 0 4.719265597e-38 0 0 0 0 0 0 0 0 0 0 0 0 0 0 0 0 0 0 0 0 0 0 0 0 0 0 0 0 0 0 0 0 0 0 0 0 0 0 0 0 0 0 0 0 0 0 0 0 0 0 0 4.200419101e-66 1.136993595e-26 0 0 0 0 0 0 0 0 0 0 0 0 0 0 248745.7122 0 0 0 0 0 0 0 0 0 0 0 0 0 0 
0 0 0 0 0 0 0 0 0 0 0 0 0 0 0 0 0 0 0 0 0 0 0 0 0 0 1.737171623e-33 0 0 0 0 0 0 0 0 0 0 0 0 0 0.2539423988 0 0 0 1.49209499e-63 0 0 0 0 0 746.6260633 0 0 0 0 0 0 0 1.144282406e-142 1.099202573e-05 0 0 0 2726.433933 0 0 0 0 0 0 0 0 0 0 0 0 0 0 0 0 0 0 0 0 0 0 2622.832156 0 0 0 0 0 44233.60668 0 0 0 0 0 0 0 
0 0 0 0 0 0 0 0 0 0 0 0 0 0 0 0 0 0 0 0 0 0 3.931263502e-07 0 0 0 2.09912574e-24 0 0 0 0 0 0 0 0 0 0 0 0 0 0 0 0 0 0 0 0 0 0 0 0 0 6.17007135e-27 0 0 0 9.402796962e-26 0 0 0 0 0 0 0 0 0 0 0 0 0 0 0 0 3.948047876e-73 0 0 0 0 0 0 0 0 0 0 243357.5431 0 0 1.546685248e-101 0 0 0 0 0 0 0 0 0 0 0 0 
0 0 0 0 0 0 0 0 0 0 244369.0096 0 364.5379676 0 0 0 0 0 0 0 0 0 0 0 0 0 0 0 0 0 0 0 0 0 0 0 0 0 0 0 0 4.227964558e-82 0 0 0 0 0 0 0 0 0 0 0 2.639164181e-27 0 0 0 0 0 6.925642867e-104 1996.772789 0 0 0 0 0 0 0 11840.1732 0 0 0 0 0 0 0 0 4.076579823e-08 0 0 0 0 0 0 0 0 1.421524234e-15 0 0 0 0 0 0 0 0 1.122163905e-06 0 0 0 0 
0 0 0 0 0 0 0 0 0 0 0 0 0 0 0 0 0 0 2.600069939e-123 0 0 0 0 7.663770232e-23 0 0 3.770443636e-49 0 0 0 0 0 0 0 0 0 0 0 0 0 0 0 0 0 0 0 0 0 2.197804137e-101 0 0 0 0 0 0 0 0 0 0 0 0 0 0 0 0 0 0 0 0 0 0 0 2.034317848e-180 0 0 0 0 0 0 0 0 0 0 0 0 0 0 0 0 0 0 0 0 0 0 0 0 0 0 0 
0 0 0 0 0 0 0 0 0 0 0 0 0 9.658443448e-67 0 0 0 0 0 0 0 0 0 0 0 0 0 0 0 0 0 0 0 0 0 0 0 0 0 0 0 0 0 0 0 0 0 0 0 0 2.703904759e-22 0 0 0 0 0 4.06209595e-157 0 1.03175183e-18 0 0 0 0 0 0 0 0 9265.665054 0 0 0 0 0 0 0 0 0 0 0 0 0 0 0 0 0 0 0 165444.3614 0 0 0 0 0 0 0 0 0 0 0 0 
0 0 0 0 0 0 0 0 0 0 0 0 0 0 0 0 205655.6355 0 3.959012516e-181 0 0 0 0 0 0 0 0 0 0 0 8.190070993e-23 0 0 0 0 0 0 0 0 0 0 0 0 0 0 0 3.063342759e-25 0 0 0 0 0 219254.0761 0 0 0 0 0 0 0 0 0 0 0 0 0 0 0 0 0 0 0 0 0 0 0 0 0 243646.2155 0 0 0 0 0 0 0 0 0 0 0 0 0 0 0 0 0 0 0 0 0 
0 0 0 1.096400003e-15 0 0 0 0 10.30358545 0 0 0 0 0 0 0 0 0 165369.2862 0 0 0 0 0 0 0 0 0 0 0 0 0 0 0 0 0 0 0 0 0 0 0 0 0 0 0 0 0 229406.1394 0 0 0 0 0 0 0 920.9298965 0 0 0 0 0 0 0 0 0 0 0 0 0 0 0 0 0 0 0 0 0 0 0 0 0 0 0 215996.8744 0 0 0 0 0 0 0 0 0 0 0 0 0 0 1.023260416e-37 
0 0 0 0 0 8.17623279e-160 0 0 0 0 0 0 0 0 0 0 0 0 0 0 0 0 0 0 157.2408902 0 1.67192709e-27 0 0 0 0 0 0 0 0 0 0 0 0 0 0 5.851148106e-103 0 0 0 0 0 0 0 0 0 0 0 0 0 0 0 0 0 0 0 0 6.87239961e-37 0 0 0 0 0 0 0 0 0 0 0 0 0 0 0 0 0 0 0 0 0.1076010143 0 0 0 0 0 0 0 0 0 0 0 0 0 0 0 242135.3595 
0 0 0 0 0 0 0 0 0 0 0 0 0 0 0 0 246108.8576 0 0 0 0 0 0 0 0 5.030247287e-59 0 0 0 0 0 9.539270553e-78 0 0 0 0 0 0 0 0 0 0 0 0 0 0 0 0 0 0 0 0 0 0 0 0 0 0 0 0 0 0 0 0 0 0 0 0 0 0 0 0 0 0 0 0 0 0 0 6336.010374 0 0 0 0.02255072797 0 0 0 0 0 0 0 0 0 0 0 0 0 0 0 0 
0 0 0 0 0 0 0 0 0 0 0 0 0 0 0 0 0 0 0 0 0 0 0 0 0 0 0 0 0 0 0 77623.29738 0 0 0 0 0 0 0 0 0 0 0 0 0 0 0 0 0 0 0 0 0 8.719295454e-57 0 0 0 0 0 0 0 0 0 0 0 0 0 0 0 0 0 0 0 0 0 0 0 0 0 0 0 0 0 0 7.530121588e-07 0 0 0 0 0 0 0 0 0 1.168564942e-122 0 0 0 0 0 
0 3.320803485e-23 0 0 0 0 0 0 0 6.659325728e-08 0 0 0 0 0 0 0 0 0 0 0 6.302786466e-103 0 0 0 0 0 0 0 0 0 0 0 0 0 0 3.255961851e-23 0 0 0 0 0 0 0 0 0 0 0 0 0 0 0 0 0 0 0 5.056714726e-28 0 0 0 0 0 0 0 0 7.618223535e-97 0 0 0 0 0 0 0 0 0 0 0 1.218015319e-36 0 0 0 0 0 0 0 249757.793 0 0 0 0 0 0 0 0 0 0 0 2.815614797e-181 0 0 
0 0 0 0 0 0 0 0 1.198800144e-58 0 0 0 0 0 0 0 0 163496.1862 0 0 0 0 0 0 0 0 0 0 0 0 0 0 0 0 0 0 0 0 0 0 0 0 0 0 0 0 0 0 0 0 0 0 0 0 0 0 0 0 0 0 0 0 0 0 0 0 0 0 0 253581.1162 0 1.048509774e-92 0 0 0 0 0 0 0 0 0 0 0 0 0 0 0 0 0 0 0 0 0 0 0 0 0 0 1.350643523e-17 0 
0 0 0 3.46206281e-21 0 0 0 0 0 2673.013886 2.679531455e-40 0 0 0 0 0 0 0 0 0 0 0 0 0 161816.9707 0 97.70543586 0 0 0 0 0 0 0 0 0 0 0 0 0 0 0 0 0 0 0 0 0 0 0 0 0 0 0 0 0 0 0 238000.9051 0 0 0 0 2.665849769e-17 4.131017651e-39 0 0 0 0 0 0 0.9408104124 0 0 0 0 0 4.449720414e-33 0 0 0 0 0 0 0 0 0 0 0 5.410288858e-23 0 0 0 0 0 0 0 0 0 0 
0 0 0 0 222850.8677 0 0 0 5.612386547e-38 0 0 0 0 0 0 0 0 0 0 0 0 0 0 0 0 0 0 0 0 0 0 0 0 0 0 0 0 0 43048.20642 0 0 0 0 0 1.01424627e-143 0 0 0 0 0 0 4.384132578e-160 0 0 0 0 0 0 0 0 0 3.245684893e-69 0 0 0 0 0 0 0 0 0 0 0 0 0 1.456703833e-32 1.456519011e-71 0 29799.88641 0 0 0 0 4.767568575e-30 0 0 0 7.899897915e-05 0 0 0 0 0 0 0 0 0 0 0 0 
0 0 0 0 0 0 0 0 0 0 0 0 0 0 0 0 0 0 0 0 0 0 0 0 0 0 193737.2449 0 0 0 0 243960.9849 0 0 0 0 0 0 0 0 0 0 0 109195.8132 0 0 0 0 0 0 0 0 0 0 0 0 0 0 0 0 0 0 0 0 0 0 0 0 0 0 0 0 0 0 0 0 0 0 0 0 0 0 0 0 0 0 0 0 0 3.92825789e-32 0 0 0.01152292865 0 0 0 0 0 0 0 
0 0 0 0 0 0 0 0 0 0 0 0 0 0 0 0 0 0 0 0 0 0 0 0 0 0 0 0 0 0 0 0 0 0 0 0 0 0 0 0 0 0 0 0 0 0 0 6.231887576e-23 0 0 0 0 6.212979825e-159 0 0 0 0 0 0 0 0 0 0 0 241541.1297 0 0 0 0 0 0 0 0 0 0 0 0.000204435576 0 0 0 0 0 250689.8778 0 0.0002469664994 0 0 0 0 0 0 0 0 0 249773.6294 0 0 0 0 0 
0 0 0 0 0 0 0 0 0 0 0 0 0 0 0 0 0 0 0 0 0 0 0 0 0 5.057443283e-32 0 0 0 0 0 0 0 0 0 9.500883978e-55 7.384379351e-32 0 0 0 0 0 0 0 0 0 0 0 0 0 0 0 7.26784384e-185 0 0 0 0 5.856166587 0 0 0 6.446837198e-30 0 0 0 0 0 0 0 0 0 0 0 0 0 0 0 0 0 0 0 0 4.273791496e-39 0 0 0 0 0 0 0 0 0 0 0 0 0 0 0 1.195331863e-48 0 
238103.2784 0 0 0 0 0 0 0 0 0 0 0 0 0 0 0 0 0 0 1.216960028e-57 0 0 0 0 0 0 246034.2917 0 0 0 0 0 0 0 0 0 0 0 0 0 0 4.289122478e-24 0 0 0 0 0 0 0 0 0 0 0 3.090846664e-182 0 0 0 0 0 0 0 0 0 0 0 0 0 0 0 0 0 0 0 0 0 0 0 0 0 0 0 0 0 0 8.312631563e-81 0 0 3.159819388e-35 0 0 0 0 0 638.512325 0 0 0 0 2.29754587e-07 0 
0 0 0 0 0 0 0 0 0 0 0 0 0 0 0 0 1.782955533e-42 0 0 0 0 0 0 0 0 0 0 0 0 0 0 0 0 0 0 0 0 247396.8591 0 0 0 0 0 0 0 0 0 0 0 0 0 0 0 0 0 0 0 0 0 0 0 0 0 0 0 0 0 0 0 0 0 0 0 0 242604.424 0 0 1.410490148 1.923548452e-45 0 0 0 0 3442.957054 0 74.41180427 0 0 0 0 0 0 0 0 240694.4096 0 0 0 0 0 
0 0 0.1196555278 209284.6997 0 0 0 0 0 0 0 0 0 0 0 0 0 0 0 0.03202787867 0 0 0 0 0 0 0 0 0 0 0 0 0 0 0 0 0 0 0 0 0 0 0 229752.4098 0 0 0 0 0 0 0 0 0 0 0 0 0.000468640361 0 0 0 0 0 0 0 2.283629933e-106 0.002417592098 0 2.68398466e-45 0 0 0 0 0 0 0 2.345285465e-24 2.146484227e-100 0 0 0 0 0 0 0 0 0 0 0 0 0 0 0 0 0 0 0 0 0 0 5.152906292e-11 
0 0 0 0 0 0 0 0 0 0 0 0 0 0 0 0 0 3.803118907e-173 0 0 0 6.279255841e-156 0 0 0 0 0 0 0 0 0 0 0 0 0 0 0 0 0.001051600641 0 0 0 0 0 0 0 0 0 0 0 0 0 0 0 0 1.535570895e-120 0 0 249524.3294 0 0 0 0 0 0 0 0 0 0 0 0 0 0 0 0 0 0 0 0 8.012912943e-05 2.234972793e-15 0 0 0 244816.8083 0 208078.4085 0 0 0 6.314638668e-103 0 0 0 0 243298.4424 0 0 0 0 
0 0 0 0 0 0 0 0 0 0 0 0 0 0 0 0 0 0 0 0 0 0 0 0 248046.9125 0 0 0 0 0 0 0 0 0 0 0 0 0 3.093499385e-33 0 0 0 0 0 0 0 0 0 0 0 0 0 0 0 0 0 0 0 0 0 250052.3805 0 0 0 0 0 246750.0719 0 0 0.04888058456 0 0 0 0 0 0 0 0 0 0 0 0 0 0 0 0 3.222890153e-06 0 0 0 0 0 0 0 0 0 0 0 0 0 
0 0 0 0 0 6.353031988e-112 0 0 0 2.752804282e-24 0 0 0 0 0 0 1.865701451e-47 1.737722826e-139 1.655647261e-154 0 0 0 0 0 0 0 0 0 0 0 0 0 0 0 0 0 0 0 0 60941.22628 0 0 4.269556763 0 0 0 0 0 0 0 0 0 0 0 0 0 0 0 0 0 0 0 0 0 0 0 0 0 0 0 0 0 0 0 0 0 0 244236.1536 0 0 0 0 0 0 0 0 0 0 0 0 0 0 0 0 0 0 9.884590594e-54 249956.2479 0 0 
0 0 0 0 0 0 0 0 0 0 0 0 0 0 0 0 0 0 0 0 1.390094314e-139 0 0 0 0 0 0 0 0 0 0 0 0 0 0 0 0 0 0 0 0 0 0 0 0 0 0 0 0 0 0 0 0 0 0 0 9.549986181 0 0 0 0 0 0 0 0 0 0 0 0 0 0 0 0 0 0 0 0 0 0 6.472553972e-45 0 0 0 0 0 0 0 0 0 0 0 0 0 0 0 0 0 0 0 0 
0 0 0 0 0 0 0 0 0 0 0 0 0 2.555581923e-18 0 0 0 0 0 0 0 0 0 0 0 0 0 0 0 0 0 0 0 0 0 0 0 0 0 0 0 0 0 0 0 0 0 0 0 0 0 0 0 0 0 7.192079023e-20 0 0 0 0 0 0 0 0 0 0 0 0 0 0 0 0 0 0 0 0 0 0 0 0 0 0 0 0 239278.7578 1.312986584e-24 0 0 0 0 0 0 0 0 0 0 2.089002259e-21 0 0 0 
0 0 0 0 0 0 0 0 0 0 0 0 0 0 0 0 0 0 0 0 0 3.276412558e-56 0 0 0 2.941611169e-143 4.671185282e-16 0 0 0 0 0 0 0 0 0 0 0 0 0 0 0 148739.9456 0 0 0 5.016090865e-09 0 0 0 0 0 0 0 0 0 0 0 242586.3715 0 0 0 0 0 0 0 0 0 0 0 0 0 0 0 0 0 0 2.224631871e-10 0 0 0 0 0 0 0 0 0 0 0 0 0 0 0 0 0 0 0 0 0 24851.24602 
0 0 0 147550.5694 0 0 0 0 0 0 0 0 0 6.383854705e-138 0 0.01498651637 0 0 0 0 0 0 0 0 2.596984621e-43 0 0 0 2.535524825e-40 2.504821479e-08 0 0 0 0 0 0 0 0 0 0 0 0 0 0 0 0 0 0 0 0 0 0 0 0 0 0 0 0 0 0 0 0 0 0 0 0 0 0 0 0 0 0 0 0 0 0 0 0 0 0 0 0 0 0 2.088428063e-27 1.190238265e-05 0 2.24061173e-05 0 0 0 0 0 0 0 0 0 0 0 0 
0 0 0 0 0 0 0 0 251924.7914 0 0 0 0 0 0 0 0 0 0 0 0 0 0 0 0 0 0 0 1.315799081e-70 0 0 0 0 0 0 0 47306.43149 0 0 1.497711536e-118 0 8.567098534e-14 0 2.821304681e-146 0.1698656324 5.211755863e-71 0 0 0 0 0 0 0 0 0 0 0 0 0 0 0 0 1.022507039e-23 0 3.495152838e-50 0 0 0 0 0 0 0 0 0 0 0 0 0 3.928437046e-87 1.055985774e-51 247514.1384 0 0 0 0 0 0 5.542981965e-12 0 0 0 0 0 0 0 0 0 0 0 0 
1.224640818e-58 0 0 0 0 0 0 0 0 0 0 0 0 2.709612204e-37 0 0 0 0 1506.352974 0 0 0 0 0 0 0 0 0 0 0 0 0 0 0 0 0 7.443665962e-16 0 0 0 245887.1496 0 0 0 0 0 0 0 0 0 0 0 0 0 0 0 0 0 0 0 0 0 0 0 0 9.790843505e-10 0 0 0 0 0 0 0 0 0 0 0 0 0 0 0 0 0 260.5274994 0 0 1.657902526e-34 0 0 0 0 0 0 0 0 3.581808203e-40 0 0 0 0 
0 249109.557 0 0 0 229346.5749 0 0 0 0 0 246601.7428 0 0 0 0 0 0 0 0 0 0 0 0 0 0 0 0 0 0 0 0 0 0 0 0 0 0 0 0 0 0 1.536543081e-79 0 0 0 0 2.541626601e-34 0 0 0 0 0 0 0 2.917538017e-22 0 0 0 0 0 0 0 0 0 7.415690234e-28 0 0 0 0 0 0 0 0 0 0 0 0 0 0 0 0 0 0 0 0 0 0 0 0 0 0 0 9.779729052e-17 0 0 0 0 0 0 
0 0 0 0 0 0 0 8.763916534e-05 0 0 0 0 0 8.860948103e-37 0 0 0 0 0 0 0 0 6.014277108e-123 0 0 0 0 0 5.629124703e-92 0 0 0 2.892965184e-18 0 0 2.049020005e-44 0 0 0 0 0 0 0 0 0 3.238747945e-08 0 6.463828613e-05 0 0 0 0 0 0 0 0 0 0 0 0 0 0 0 0 0 0 0 0 0 2.515946171e-35 0 9.8713065e-15 0 0 7.527212423e-31 0 0 0 0 0 1.719775484e-128 0 0 0 0 0 0 0 3.491282206e-47 0 0 0 0 1.414549348e-88 0 0 0 0 0 0 
1.217115128e-168 0 0 0 0 0 0 0 0 0 0 0 0 0 0 0 0 0 1.235712759e-158 0 0 0 0 7.630276945e-94 8.741404325e-08 0 0 0 0 0 0 0 0 0 0 0 0 0 0 0 0 0 0 0 0 0 0 0 0 0 0 0 0 0 0 0 0 0 0 0 0 0 0 0 0 0 0 0 0 0 0 0 0 0 0 0 0 0 0 0 1.300795366e-28 0 0 0 0 15712.65219 0 0 0 0 0 0 0 0 0 0 3.754670264e-65 0 0 0 
0 0 0 0 0 0 0 0 0 0 0 0 0 0 0 0 0 0 0 0 0 0 0 0 0 0 0 0 0 0.002718862093 0 0 0 0 0 0 0 0 0 126.3399952 0 0 0 0.1023175675 0 0 0 0 2.346850591e-23 0 0 0 0 0 0 0 0 0 0 0 0 0 0 0 0 0 0 0 0 0 0 0 0 0 0 0 0 8.623621908e-27 0 0 5.790285843e-20 0 0 0 0 0 0 0 0 0.003701620543 3.957793195e-80 0 0 0 0 0 0 0 0 0 
0 34.94302206 0 0 0 0 0 0 0 0 0 0 0 0 0 402.3013327 0 0 0 0 0 3.029725186e-74 0 0 0 0 0 0 0 0 0 0 0 0 0 0 0 2.132696212 0 0 3.005457854e-91 0 0 0 0 0 0 0 0 0 0 0 0 0 0 0 0 0 0 2.239879589e-05 0 7.314260453e-23 0 0 0 0 0 0 0 0 0 0 0 0 0 248678.5494 0 0 0 0 0 0 0 0 3.993783903e-80 0 0 0 0 0 0 0 0 0 0 0 0 0 0 0 
0 0 0 1.155926874e-126 3.937250664e-81 0 0 0 0 0 5.051553009e-24 0 0 0 0 0 0 0 0 0 0 0 0 2.488250985e-07 0 0 0 0 1.29629795e-53 0 0 0 0 0 0 0 0 0 0 0 0 0 0 0 0 0 0 0 0 0 0 0 0 0 0 0 5.145730345 0 0 9.177963094e-11 0 0 0 0 0 0 0 0 0 0 1.099932291e-135 0 0 0 0 0 0 0 0 0 0 0 0 0 0 0 0 0 0 0 0 0 0 0 0 2.808158145e-09 241449.64 0 0 0 
0 0 0 0 0 0 0 0 0 0 0 0 0 0 0 0 0 0 0 0 0 1.361430485 0 0 0 0 0 0 0 0 1.424596589e-35 0 0 250630.7634 0 0 0 0 0 0 0 0 0 0 0 0 0 0 0 0 0 0 0 0 0 0 0 0 0 0 0 0 0 2919.871911 0 0 0 0 0 0 0 0 0 0 0 0 0 0 0 0 0 0 0 0 0 4.552907711e-11 0 0 4079.31886 0 0 0 0 0 0 0 0 0 0 0 
0 3.356090286e-109 0 0 0 0 0 0 0 0 0 0 0 0 0 0 0 0 0 0 0 1.644702962e-37 0 0 0 0 0 0 0 2.980960736e-68 0 0 0 0 7.560559667e-20 0 0 0 0 0 0 0 0 0 0 0 0 0 0 0 0 0 0 0 0 0 0 0 0 0 8.513362204e-13 0 0 0 0 0 0 1.538117407e-172 0 0 0 0 0 0 4.536762903e-10 0 0 0 0 0 0 0 0 0 0 0 0 0 0 0 0 0 0 0 0 0 0 0 0.004248394573 0 
# Errors [PSD_fluxpos/xdist_fluxposy.dat] I_err:
0 10.26299067 0 0 0 0 0 0 0 0 0 0 0 0 0 0 0 0 247345.8982 0 0 0 0 0 5.135887095e-77 0 0 0 0 0 0 0 0 0 0 0 0 0 0 0 0 0 0 0 0 0 243442.1617 0 0 0 0 0 0 0 0 0 0 0 0 0 0 0 0 0 0 0 0 0 0 0 0 0 0 0 0 0 0 0 0 0 0 0 0 0 0 0 0 0 0 0 0 0 0 4.921064226 0 0 0 0 0 0 
1.387797206e-33 0 0 0 0 0 0 0 0 0 0 0 0 0 1.18532051e-178 0 0 0 0 0 0 0 0 0 0 0 0 0 0 0 0 0 0 0 0 0 0 0 7.777966052e-105 0 0 0 0 0 0 0 0 0 0 0 0 0 0 0 0 0 0 0 0 0 0 0 0 1.846228308e-155 0 0 0 0 0 0 0 0 0 0 0 0 0 0 0 0 0 0 0 0 0 0 0 0 0 0 0 0 0 0 0 0 0 0 0 0 
0 0 0 311049.4804 0 0 8.815212406e-73 0 0 0 0 0 0 0 0 0 0 0 0 0 0 0 0 0 0 2.640122827e-29 0 0 0 0 0 0 0 0 0 0 0 0 0 0 0 0 0 0 0 0 0 0 0 0 0 0 0 0 0 0 1.039042802e-28 0 0 0 0 0 0 0 0 0 0 0 0 0 0 0 0 0 0 0 0 0 0 0 0 0 0 0 5.554341937e-19 0 0 0 0 4.227993644e-23 0 0 0 0 0 250997.7162 0 0 0 0 
0 0 0 0 0 0 0 0 0 0 0 0 0 0 0 0 0 4.612646367e-05 3.822212001e-52 0 0 0 0 0 0 0 0 0 0 0 0 0 0 0 0 0 0 0 0 0 0 0 0 0 0 0 0 0 0 0 0 0 0 0 0 0 0 0 0 0 0 0 0 0 0 0 0 0 0 0 0 0 0 0 0 0 0 0 0 0 0 0 0 0 0 0 0 0 0 372.5448034 0 0 0 0 0 9.839178755e-30 0 7.947049416e-13 0 0 
54004.90893 0 303183.1344 0 0 0 0 0 0 0 0 0 0 0 0 0 0 0 0 2.435594903e-161 0 0 0 0 0 0 4.504089467e-15 0 0 0 0 0 0 0 0 0 0 0 0 0 0 0 0 0 0 0 0 0 0 0 0 0 0 0 212222.0267 0 0 0 0 247276.8322 0 0 0 0 0 0 0 0 0 0 0 0 0 0 0 0 0 0 0 0 0 0 0 0 0 0 0 0 0 0 0 0 0 0 0 0 0 0 0 0 
0 0 0 0 0 0 0 0 0 0 0 0 0 0 0 0 0 0 0 246946.7499 0 0 0 0 0 0 0 0 0 0 0 0 0 5.032737829e-65 0 9.991549104e-16 0 0 0 0 1.274238815e-111 0 0 0 0 0 0 0 0 0 0 0 0 0 0 0 0 0 0 0 0 0 0 228199.5169 104.0461806 0 11.04468607 0 0 0 0 0 0 0 0 0 0 0 0 0 0 0 0 0 0 0 0 0 0 0 0 0 0 0 0 0 0 0 7.399342891e-75 0 
0 0 1.043737764e-177 0 0 0 0 0 0 0 0 0 0 0 0 0 0 7.421360982e-22 0 0 0 0 0 0 0 0 0 0 0 0 0 0 1.955149976e-32 0 0 0 0 0 0 0 0 0 0 0 0 7.527945608e-30 0 0 0 0 0 241830.0907 0 0 0 1.730367904e-39 0 0 0 0 0 0 0 0 0 0 0 0 0 112.1790637 0 0 0 0 0 0 0 0 0 0 0 0 0 0 0 0 0 0 0 0 2.712421561e-161 0 0 0 0 1.795225016e-38 0 0 4.28789096e-90 0 
0 0 0 0 0 0 0 0 0 0 0 0 0 0 0 0 0 0 0 0 0 0 0 0 0 0 0 9.931367448e-150 0 0 0 0 0 0 0 0 0 0 0 0 0 0 0 0 0 0 0 0 0 0 5477.387114 0 0 249525.1799 0 0 0 0 0 0 0 0 0 0 0 0 0 248512.2525 0 0 0 0 0 0 0 1.225455727e-40 0 0 0 0 250418.765 0 0 0 0 0 0 0 0 7.760671981e-35 0 0 0 0 0 0 0 0 0 0 
0 0 0 2.338281329e-148 0 0 0 5.605151474e-20 0 0 0 18.80975922 0 197624.8713 0 3.598547089e-109 0 0 0 0 0 0 0 0 0 0 0 0 0 0 0 0 0 0 0 0 2.315996876e-137 0 0 0 0 0 0 0 0 306173.5247 0 0 0 0 0 0 0 0 0 0 0 0 0 0 0 0 0 0 0 0 0 0 0 0 0 0 0 0 0 0 0 0 0 0 0 0 1.947865796e-32 0 0 0 0 0 0 0 0 0 0 0 0 0 0 0 0 0 
0 0 0 5.501208453e-46 0 0 0 0 0 0 0 0 0 0 0 0 0 0 0 0 0 0 1.061573494e-52 0 0 0 1.805015683e-69 0 0 0 0 0 0 0 0 4.21604352e-149 0 0 0 0 0 0 0 0 0 0 0 0 0 0 0 0 0 0 0 0 0 0 0 0 4.618871132e-58 0 0 0 0 0 0 0 0 0 0 0 0 0 0 0 0 0 0 0 0 0 18613.81448 0 0 0 0 0 0 0 0 0 0 0 0 0 0 0 0 0 
0 0 0 0 0 0 0 0 0 0 0 0 0 5.716357015e-22 0 0 0 0 0 0 0 0 0 0 4.622486789e-123 0 0 0 0 0 0 0 0 0 0 0 0 0 0 0 0 0 0 0 0 0 0 0 0 0 0 0 0 0 0 0 0 0 0 0 0 1.467232552e-127 2.157081927e-05 0 0 0 0 0 0 0 0 0 0 1.979607036e-17 0 0 0 0 0 0 0 248648.7889 0 0 0 0 0 0 0 0 0 0 0 0 0 0 0 0 0 0 
0 0 0 0 0 0 0 9.351250982e-29 0 0 0 0 0 0 0 0 0 0 0 0 0 0 0 0 0 0 0 0 0 0 0 0 0 0 0 0 0 2.692807533e-36 0 0 0 0 0 0 0 0 0 0 0 0 0 0 0 0 0 0 0 1.183152065e-116 0 0 0 0 0 1.56262067e-129 0 0 0 8.108876791e-08 0 0 0 0 0 0 0 0 0 2.393871052e-13 0 0 0 0 0 0 0 0 0 0 4.278299345e-08 0 0 0 0 0 0 0 5.04988335e-26 0 0 0 
0 0 0 0 0 0 0 0 0 0 0 0 0 0 0 0 5.285777482e-06 5.067952355e-58 0 0 0 0 0 0 0 0 0 8.215922051e-76 0 0 0 0 0 0 0 0 0 0 0 0 0 0 1.806881226e-141 0 0 0 0 0 0 0 0 0 0 0 0 0 0 0 0 0 0 0 0 0 0 0 5.703884258e-42 0 0 0 0 0 0 0 0 0 0 3.822036861e-20 0 0 0 0 0 0 0 0 0 0 0 0 0 0 0 0 0 0 0 0 0 0 
0 0 0 0 0 0 0 6.583287927e-20 1.161326506e-170 0 0 0 0 194405.698 0 0 0 4.263562157e-17 0 0 0 0 0 0 0 0 0 0 2.367506159e-138 0 0 0 0 0 0 0 0 0 0 0 0 0 0 0 0 0 0 0 0 0 0 0 0 0 0 0 0 0 0 0 0 0 0 0 0 0 0 0 0 0 0 0 0 230285.0883 0 0 1.18635733e-25 0 0 0 9.958149628e-51 0 0 247568.7123 0 0 5.025607227e-159 0 0 0 0 0 0 0 0 0 0 0 0 0 
0 0 0 0 0 0 248853.0179 0 0 0 0 0 0 3.387143866e-136 0 0 224689.3203 0 0 0 0 0 0 0 7.265804992e-15 5.091580202e-39 0 0 0 0 5.368984458e-10 0 0 0 0 0 0 0 0 0 0 0.640640778 0 0 0 8.535289947e-106 0 1.432132589e-101 0 0 0 0 0 0 0 0 0 0 0 0 0 0 0 0 0 0 203110.9034 0 0 0 0 0 0 0 0 0 0 0 0 0 0 0 0 225539.5464 0 0 0 0.5122749852 0 0 0 0 0 0 0 0 248571.4515 0 0 0 
0 0 0 0 0 0 0 0 0 0 0 0 244370.4367 0 0 0 0 0 0 0 0 0 0 0 0 0 0 0 0 2.035975575e-07 0 0 0 0 0 0 0 0 0 0 0 0 0 0 0 252285.4437 0 1.390578764e-22 973.4732745 0 0 0 0 0 0 0 0 0 0 0 0 6.705044068e-06 0 0 0 0 0 4.547236037e-59 1.053178474e-05 0 0 0 0 0 0 0 0 3.550653378e-17 0 0 0 0 0 0 0 0 223959.0801 0 0 0 0 0 9.603781068e-83 0 0 0 0 0 0 0 
0 0 0 0 0 0 0 0 0 0 0 0 0 0 0 0 0 0 8.209696228e-53 7.504208305e-217 7.13635229e-173 0 0 0 0 1.224209815e-140 0 0 0 0 0 0 0 0 0 0 0 0 5.89864349 0 0 0 0 0 0 0 0 0 0 0 249764.6683 0 0 0 0 0 0 0 0 0 0 0 0 0 0 0 0 0 0 0 0 0 0 0 0 0 0 0 0 0 0 0 0 0 0 0 0 0 0 0 0 0 0 0 0 0 0 0 7.401419274e-68 0 
0 0 0 0 0 0 0 0 0 0 0 0 0 0 0 0 0 0 0 0 0 0 0 0 0 4.352945464e-26 0 0 0 0 0 0 0 0 0 0 0 0 0 0 0 0 0 0 0 0 0 0 0 0 0 0 0 0 0 0 0 0 0 0 0 0 0 0 0 3.702418394e-69 0 0 0 0 4.223418144e-06 0 0 0 0 0 0 0 0 0 0 0 0 0 0 0 0 0 0 0 0 0 0 0 0 0 0 0 1.748806043e-21 0 
0 0 0 0 0 0 0 0 0 0 0 0 0 0 1.242282517e-38 0 2.074288552e-23 0 1.049104082e-12 0 0 0 0 3801.385802 0 0 0 0 0 1.110125181e-149 0 0 0 0 0 0 0 0 0 0 0 3.810077858e-105 0 0 0 0 0 0 0 0 0 0 0 0 0 0 0 0 0 0 1.551404887e-32 0 0 0 0 0 0 0 0 0 0 0 0 0 0 0 0 0 249654.3365 0 0 0 0 0 0 5.347064118e-131 0 0 0 0 0 0 0 0 0 0 0 245946.4558 0 0 
0 249065.8518 0 0 0 0 0 0 0 0.0002557791403 0 0 1.42047256e-13 0 0 0 0 0 0 0 0 0 0 0 0 0 0 0 0 0 0 0 0 0 0 0 0 0 0 0 0 0 0 0 0 0 0 0 0 0 0 0 0 6.733324811e-80 0 0 0 0 0 0 0 0 0 0 0 0 0 0 0 0 0 0 0 0 0 0 0 0 0 0 0 0 0 0 0 0 0 0 0 0 0 0 0 0 0 0 0 0 0 0 
0 0 0 0 0 0 0 0 0 0 0 7.961405499e-65 0 0 1.068710359 0 0 0 0 0 0 0 0 9.064485438e-40 0 2.537725161e-71 0 0 0 0 0 0 0 0 0 246750.466 0 0 0 2.363026732e-05 0 0 0 0 0 0 0 0 0 0 0 0 0 0 8.826095342e-13 0 1758.62833 0 0 0 1.374958516e-39 0 0 0 0 0 0 0 0 0 0 0 0 0 0 0 2.288990029e-66 0 0 0 0 0 1.059068323e-118 0 0 0 0 0 0 0 0 0 0 0 0 0 0 0 0 0 
0 0 0 0 0 0 0 0 0 0 0 0 0 0 0 0 0 0 0 0 0 0 0 0 0 0 0 0 0 0 0 0 0 0 0 0 9.376133126e-14 0 0 0 0 0 0 0 0 0 0 0 0 0 0 0 0 0 0 0 0 0 0 0 0 0 0 0 0 0 0 0 0 0 0 0 0 0 0 0.0009647866571 0 0 0 0 0 0 0 0 0 0 0 0 0 0 0 0 0 0.00408514967 0 0 0 0 0 0 
0 0 0 0 0 0 0 0 0 5.3648309e-173 0 0 0 9.228582523e-41 0 0 0 0 0 0 0 0 0 0 0 0 0 0 0 0 0 0 0 0 0 0 0 0 0 0 0 0 0 2.778014433e-54 0 0 18.76316843 0 0 0 0 0.0002029925928 0 243694.4642 0 0 4.592414765e-29 0 0 0 0 0 0 0 0 0 0 0 0 0 0 238358.3083 0 0 0 0 0 0 0 0 0 0 0.002523221062 0 0 0 0 0 249539.4491 0 0 3672.21826 0 0 0 0 0 0 0 0 
0 0 0 0 0 0 3.051214316e-06 0 0 0 5.169695071e-38 56.71555405 0 0 0 0 0 0 0 0 0 0 0 0 0 0 0 0 0 0 0 0 0 0 0 0 3.488585382e-21 0 0 0 0 0 0 0 0 0 0 0 0 0 0 0 0 4.069164526e-13 0 0 0 5618.159762 0 0 0 4.341923096e-28 0 9.014159559e-94 0 0 0 0 0 0 0 0 0 0 0 0 2.178366507e-69 0 0 0 0 0 6336.427736 0 0 0 0 2.378558024e-74 0 0 174554.5473 0 0 0 0 0 0 0 0 0 
0 0 0 0 0 1644.928937 0 0 0 0.02297180224 0 0 0 0 0 0 5.464341118e-17 0 2.907612505e-155 239536.877 0 0 0 0 0 0 0 0 0 0 0 0 0 0 0 0 0 0 0 0 1.302218926e-54 0 0 0 0 0 0 0 0 0 0 0 0 0 0 0 0 0 4.372243586e-29 0 0 0 0 0 0 3.106798465e-21 0 0 179965.5787 0 0 0 0 0 0 1.577531182e-55 0 0 0 0 0 0 0 0 0 0 0 0 0 0 0 0 0 0 0 0 0 0 0 0 
0 0 0 0 0 0 0 0 0 0 0 0 0 0 0 0 0 0 0 0 0 0 0 0 0 0 0 0 0 0 0 0 0 0 1.667356714e-07 0 0 0 0 0 0 0 0 0 0 0 0 0 0 0 0 0 0 1.596898384e-12 0 0 0 0 0 0 0 0 0 0 0 0 18064.53787 0 0 0 0 0 247590.7182 0 0 0 0 0 0 4.74600643e-67 156566.7855 0 0 0 0 0 0 0 0 0 0 1.37095268e-84 0 0 215285.225 5.413653941e-37 5.623846826e-41 0 0 0 
0 0 0 0 0 0 0 0 0 0 0 1.662031157e-22 0 0 0 0 0 0 0 1.501288286e-48 0 0 0 0 0 0 0 0 0 0 0 0 0 0 0 0 0 0 1.0331524e-34 0 0 8.175770948e-48 0 0 0 0 2.989006853e-26 0 0 0 1.45153711e-183 0 0 0 0 0 0 0 0 0 0 214971.5162 0 3.010760803e-74 0 0 0 0 0 0 0 0 0 0 0 0 0 0 0 0 0 0 0 0 0 0 0 0 0 0 0 0 0 0 0 0 235210.8772 0 0 0 
0 0 0 0 0 0 0 0 0 8.596588972e-109 0 0 0 0 0 0 0 0 0 9.873124987e-15 0 0 0 0 0 0 0 0 0 0 0 0 0 0 0 0 0 0 0 0 0 0 0 0 0 0 0 0 0 0 0 0 0 0 0 0 0 0 0 0 7.911976108e-18 0 0 0 1.088128129e-20 0 0 0 0 0 0 0 0 0 0 0 0 0 0 0 0 0 0 0 0 0 0 0 0 0 0 0 0 0 0 0 0 0 0 0 
0 0 0 246238.5626 0 0 0 0 248858.1475 2.023632956e-89 0 0 0 0 2.023336479e-41 0 0 0 0 0 0 3.040591846e-40 0 0 0 0 0 0 0 0 0 0 0 0 0 0 4.461966944e-76 0 0 0 0 0 0 0 0 0 0 0 0 0 0 6.454990564e-07 0 0 297321.3023 0 0 0 0 0 0 5.572003359e-05 2.071327659e-12 0 0 0 0 0 0 0 0 0 0 0 6.26580498e-74 0 0 0 0 1.032551352e-16 0 0 0 0 0 0 2.561855781e-06 0 0 0 0 0 0 0 0 0 0 221.5978924 0 0 
0 0 0 0 0 0 0 1.862303893e-39 0 10.07017505 0 0 0 0 0 0 0 68.74464855 0 0 0 0 0 0 0 0 0 0 0 0 0 0 0 0 0 0 1.141695461e-28 0 0 0 0 0 0 0 0 0 0 0 0 0 1.059467359e-09 0 0 0 0 0 0 0 0 0 0 0 0 0 0 0 0 0 0 0 0 0 0 0 0 0 2276.886602 0 0 0 0 0 0 0 0 0 0 0 0 0 0 0 0 0 0 244123.0012 0 0 0 0 
0 0 0 0 0 0 0 0 0 0 0 0 0 0 0 0 0 4808.009457 0 0 0 0 0 0 0 0 0 0 0 0 0 0 0 0 0 0 0 0 0 0 0 0 0 0 0 0 0 0 0 0 0 0 0 0 0 0 0 248116.5116 0 0 0 0 0 0 0 0 0 0 0 0 11068.2464 0 0 0 0 0 0 0 4.032335253e-29 0 0 0 0 0 230554.3429 0 0 0 0 0 0 0 0 250738.3793 0 0 0 0 0 0 
0 0 0 0 0 0 0 0 0 0 0 0 0 0 0 0 0 0 0 0 0 0 0 0 0 0 0 0 0 304550.1607 0 0 0 0 0 0 0 0 0 0 0 0 0 0 0 0 0 0 0 0 0 0 0 0 0 0 0 0 0 0 0 0 0 0 0 0 3.034430906e-24 0 0 0 0 216282.7038 0 0 0 0 0 0 0 0 0 0 0 0 0 0 0 0 0 0 0 0 0 0 0 0 0 0 0 0 
0 0 0 0 0 1.358580228 0 0 0 0 0 0 0 0 0 0 0 0 0 0 0 141382.1323 2.419165382e-25 0 0 0 0 0 0 0 0 0 0 0 0 0 0 0 0 0 0 0 0 0 0 0 0 0 0 0 0 0 0 0 0 0 0 0 0 0 0 0 0 0 0 0 0 0 0 0 0 0 0 5.020665585e-32 0 0 0 0 0 0 0 0 0 0 0 0 0 0 0 0 0 0 0 0 0 0 0 0 0 0 
0 0 0 0 0 9.774566941e-14 0 0 0 0 0 0 0 0 0 0 0 0 0 0 0 0 0 0 0 0 0 0 0 8.833908843e-59 0 0 0 0 0 0 0 0 248146.3032 0 0 0 0 28.33800827 0 0 0 0 0 0 0 0 0 0 0 0 0 0 0 0 0 0 0 0 0 0 0.1060277411 0 2.019854945e-172 0 0 0 0 6.747654464e-13 0 0 0 0 0 0 0 0 0 0 0 0 0 1.109239503e-26 0 0 0 0 0 0 0 0 0 0 0 0 
0 0 0 0 0 0 0 0 0 0 0 0 0 0 0 0 6.457528551e-25 637.5971697 0 0 0 0 0 0 0 0 1.682179269e-177 0 0 0 0 0 0 0 0 0 0 0 0 0 0 0 0 0 0 0 0 0 0 0 0 0 0 0 0 0 5.974910709e-25 0 0 0 0 0 0 0 0 0 0 0 1.017928082e-99 0 0 0 0 0 0 0 0 0 0 1.181790179e-131 0 0 0 248737.6079 0 0 0 0 0 0 0 0 0 0 0 0 0 0 0 0 
0 0 0 0 0 0 0 0 0 1.392084019e-66 0 8.791051025e-10 0 0 0 0 0 0 0 0 0 0 0 0 0 0 0 0 0 247636.9306 0 0 0 0 0 0 0 0 0 0 0 0.0006943002283 0 0 0 0 0 0 2.03201949e-06 0 0 0 0 0 0 0 0 0 0 0 0 0 0.07981887375 0 0 0 0 0 0 0 7.808448512e-212 0 0 0 0 0 0 0 0 0 0 0 0 0 0 2.204887239e-32 0 0 0 0 0 0 0 0 0 0 0 0 0 0 
0 0 3.314879172 0 2.989812376e-06 0 0 9.491116915e-78 5.465241855 0 0 2.511991796e-111 0 0 0 0 0 0 0 0 0 0 0 0 2.747398525e-09 2.926726703e-40 0 0 0 0 0 0 238247.9166 0 0 0 0 0 0 0 0 0 0 0 0 0 0 0 0 0 0.01865169577 0 0 0 7.398379193e-05 0 0 0 0 0 0 5.06014744e-145 0 0 0 0 1.21143047e-70 0 0 0 0 0 0 9.670614034e-148 0 0 0 0 0 0 0 0 0 0 0 0 0 0.0001122261577 0 0 0 4.918212946e-40 0 0 0 0 0 0 0 0 
0 0 0 6.796838709e-85 0 0 0 0 0 0 0 0 0 0 0 0 0 0 0 0 0 0 0 0 0 0 0 0 0 0 0 0 0 0 0 0 0 0 2.006120269e-22 0 0 0 0 0.2976273414 0 0 0 0 0 0 0 0 0 0 0 0 0 0 5.327375716e-06 0 0 0 0 0 0 0 0 3.619125903e-131 8.910445486e-117 0 0 0 0 0 0 0 0 0 0 248944.3173 0 0 238000.5405 1.305956108e-158 0 0 0 0 0 0 0 0 0 0 0 0 0 0 0 0 
8.452443694e-36 0 0 0 0 1.235453747e-93 0 0 0 0 0 0 0 1.434583274e-19 0 0 0 0 1.302550986e-113 0 0 0 0 0 0 0 0 0 0 0 0 0 0 0 0 0 0 0 0 0 0 0 2.94969315e-22 0 0 0 0 0 0 0 0 0 0 0 0 0 0 0 0 247902.3164 0 0 0 0 0 0 0 0 0 0 5.859824175e-44 0 0 0 0 0 0 0 0 0 0 0 0 249307.8994 0 0 144.9431907 0 0 5.897352359e-94 0 0 0 0 0 2.71389221e-36 0 0 0 0 
0 0 0 0 0 0 0 249041.3002 0 0 0 0 0 0 1.156579992e-57 8.323183222e-37 0 0 0 0 0 0 0 0 0 0 0.00256068773 0 1.754738913e-99 0 0 0 0 0 0 0 0 0 0 0 0 0 0 0 0 0 0 0 0 0 0 0 0 0 0 0 0 0 0 0 0 0 0 0 0 0 0 0 0 0 0 0 0 0 0 0 0 0 0 0 0 0 0 0 0 0 0 0 0 0 4.854909497e-06 0 0 0 0 0 0 0 0 0 
0 0 0 0 2.213155625e-19 0 0 0 245512.0738 0 0 0 0 0 0 0 0 0 0 0 0 0 0 0 0 0 245725.5111 0 0 0 0 0 0 0 0 0 0 0 0 0 0 239724.3255 0 0 1.984425212e-21 0 0 0 0 0 0 2.427113099e-44 5.318253544e-23 0 0 0 0 0 0 0 0 0 0 0 0 0 0 3.213852432e-17 0 9.436196193e-153 0 0 3.897720135e-67 0 0 0 0 0 0 0 5.726529195e-05 0 249633.2976 0 0 0 0 0 0 0 0 244637.6181 0 0 0 222379.9855 1.02137661e-36 0 0 0 
0 0 0 0 0 0 0 0.0002865459605 0 0 0 0 0 0 0 0 0 0 0 0 0 0 0 0 0 0 0 0 0 0 0 0 0 0 0 0 0 4.485304091e-88 0 0 0 0 0 0 0 0 0 0 0 0 0 0 0 0 0 0 0 0 0 0 0 0 0 0 0 0 0 0 0 0 0 0 0 0 0 0 0 0 0 0 0 0 0 0 3.524613425e-16 0 0 0 0 0 0 0 0 0 0 0 0 38565.73164 0 0 
0 0 0 0 0 0 0 9.563273927e-14 0 0 0 0 0 0 0 0 0 0 3.704227494e-73 0 4.300699062e-10 0 0 4.291245283e-21 0 0.5409921111 0 0 0 0 0 0 0 0 0 0 0 0 0 0 0 0 0 0 0 0 0 0 0 0 0 0 6.147949762e-89 0 0 0 0 0 0 0 0 0 0 0 1.458311394e-129 7.0191071e-144 0 0 0 0 0 0 0 0 0 0 0 0 0 0 0 0 0 0 0 0 7.649509053e-18 0 0 0 0 0 0 0 0 0 0 1.294731936e-169 0 3.158149324e-46 
0 0 0 0 0 0 1.454967817e-45 0 0 0 0 3.799141285e-111 0 0 3.338924248e-18 0 0 247564.8862 0 0 0 0 0 0 0 5.385595912e-116 0 0 0 0 0 0 0 4.925895026e-23 0 0 0 0 0 0 0 0 0 0 0 0 0 0 0 0 0 0 0 0 0 0 2.052927543e-50 0 0 0 0 9996.416458 0 0 0 0 0 0 0 0 0 0 0 0 0 0 0 0 0 0 4.687979822e-103 0 0 752.2564192 0 0 0 0 0 0 0 0 0 0 0 0 0 0 0 0 
0 0 0 0 0 1.07680164e-20 0 0 0 0 0 0 0 9.060974319e-22 0 0 0 0 0 0 0 0 0 0 0 0 0 0 237846.9223 0 0 0 0 0 210646.7819 0 0 0 1.92665835e-28 0 0 0 0 0 0 0 6.394319635e-10 0 0 0 0 0 244864.4874 0 0 0 0 0 3.62590102e-40 164195.6061 0 0 0 216449.6724 0 0 0 0 0 0 0 0 0 0 0 0 0 0 0 0 0 0 0 0 0 0 0 0 0 0 0 0 0 0 0 0 0 0 0 0 
0 0 0 0 0 0 0 0 0 0 0 0 0 0 0 0 0 0 0 0 0 0 0 0 0 0 0 0 0 0 0 0 0 0 0 0 0 0 3.033005044e-113 0 0 0 0 0 0.7692067527 251558.7301 0 0 4.913715734e-28 0 0 0 0 0 0 0 0 0 0 0 0 0 0 0 8.214358999e-44 0 2.61983748e-221 0 297027.2332 0 0 0 0 0 0 0 0 0 0 0 0 0 0 0 0 0 0 0 0 0 0 0 0 0 0 0 0 0 0 0 
0 0 0 0 0 0 0 0 0 0 0 0 0 0 1.2564212e-09 0 0 16.50487545 4.506753313e-93 0 0 0 0 0 0 0 2.510834881e-36 1.236746168e-14 0 0 0 0 0 249789.5302 0 0 0 3.300291075e-137 0 0 0 0 0 0 0 0 0 0 0 0 0 0 0 340582.6658 0 0 0 0 0 0 0 0 0 0 0 0 0 0 0 0 0 0 0 0 0 0 0 0 0 0 0 0 0 0 0 0 0 0 0 0 0 0 0 0 0 0 0 0 0 0 
0 0 0 0 0 0 0 0 0 0 0 0 0 0 0 0 0 0 227337.0787 0 0 0 0 0 0 0 0 0 0 0 0 0 0 0 0 0 0 238292.0342 0 9.348527827e-108 0 0 0 0 0 0 0 0 0 2.884578253e-125 0 0 0 0 0 0 0 0 0 0 0 0 0 0 0 0 0 0 0 0 0 0 0 0 0 0 0 0 0 0 0 0 0 0 0 0 0 0 5.021478769 0 0 0 0 0 0 0 0 0 0 0 
0 0 0 0 0 0 0 0 0 0 0 0 0 0 0.008572701561 0 0 0 0 0 0 2.39121578e-23 0 0 0 0 0 0 0 0 0 0 0 0 0 0 0 0 0 0 0 0 0 0 0 0 0 0 0 0 0 0 0 0 0 0 0 0 0 0 0 0 0 0 0 0 0 0 0 0 0 0 0 0 0 3.805176105e-70 0 0 0 0 0 0 213250.935 0 0 0 0 0 0 0 0 0 0 0 0 0 0 0 0 0 
0 0 0 0 0 0 0 0 0 0 0 0 0 0 0 0 0 0 0 0 0 0 0 0 0 0 0 0 0 0 0 0 0 0 2.380516423e-134 0 0 0 5.347062123e-98 0 0 0 0 0 0 2.419516267e-22 0 0 0 0 0 0 1.433360876e-06 0 0 0 0 0 0 3.649893687e-62 0 0 0 0 0 0 0 0 0 0 0 0 1.505633061e-23 0 0 0 0 0 0 0 0 0 0 0 0 0 0 0 0 0 0 0 0 0 0 0 0 0 0 0 
0 0 0 0 0 251166.6432 0 238673.2798 7.776805866e-30 0 0 0 0 0 0 0 0 0 0 0 0 3.360769144e-61 7.08431262e-07 0 0 0 0 0 0 0 0 0 0 247130.8291 0 0 0 0 0 0 0 0 0 0 0 0 0 0 0 0 0 0 0 5.847676957e-10 0 0 0 1.310783063e-85 0 0 0 0 0 0 0 0 0 0 0 0 0 0 0 0 235498.926 0 178188.0426 0 0 0 0 0 0 0 0 0 0 0 0 0 0 0 0 0 0 0 0 0 0 0 
0 0 0 0 0 0 0 0 0 0 0 0 0 0 0 0 0 0 3.797218759e-94 2.965474625e-15 0 0 0 0 0 0 0 0 0 0 0 0 0 0 0 0 0 0 0 0 0 0 0 248536.0759 0 0 0 0 0 0 0 0 0 0 0 9.642331056e-44 0 0 0 0 0 0 0 0 0 0 0 0 0 0 0 0 0 5.557002106e-30 0 0 0 0 0 0 0 0 0 0 0 0 0 0.01358338886 0 0 0 0 0 0 0 0 0 0 0 0 
0 0 0 0 3.845356547e-40 0 0 0 0 0 202843.7767 0 0 0 0 0.0007553745678 0 0 2.710726617 0 2.087471824e-32 0 0 0 0 0 0 0 0 2.861321703e-06 0 0 3.132612795e-33 0 0 0 0 0 0 0 0 0 0 0.02860996508 0 0 0 0 0 0 0 0 0 0 0 0 0 0 0 0 0 0 0 1.475079803e-86 0 0 0 0 0 0 1.067646231e-09 159171.017 0 0 0 0 0 0 0 0 6.330550465e-37 0 0 0 0 0 0 0 0 0 0 0 0 0 0 0 0 0 0 0 
0 0 0 0 0 0 0 0.07588722335 0 0 0 0 0 0 0 0 0 0 1.663366823e-06 0 248574.1718 0 0 0 0 0 0 0 0 5.367262472e-183 0 0 0 0 0 0 0 0 0 0 0 0 0 0 0 0 0 1.950146458e-29 0 0 0 9.558126011e-109 0 0 0 0 0 0 0 0 0 0.06889462749 0 0 0 0 0 0 0 0 0 0 0 0 7.499237818e-170 0 0 0 0 0 0 0 0 0 1.749045985e-126 0 0 2.53096369e-83 0 0 0 0 0 0 69628.74622 0 0 0 0 0 
1.475368516e-125 0 0 0 0 0 0 0 0 0 0 0 0 0 0 239819.1846 0 0 0 0 0 182.7098482 0 0 0 0 0 0 0 0 0 0 0 0 0 0 0 235699.0819 5.313129766e-21 0 0 0 0 0 0 0 0 0 0 0 0 0 0 0 0 0 0 9.272563903e-17 0 0 251140.6299 0 3.625661866e-115 3.603228345e-19 0 0 0 0 0 0 0 0 0 0 0 0 0 0 0 0 0 0 0 0 0 0 0 0 0.0002036058761 0 0 0.008196594187 0 0 0 0 0 0 0 0 
0 0 0 0 0 0 1.150943453 0 0 0 0 0 0 0 0 0 0 0 0 0 0 0 0 0 0 0 0 0 0 0 0 0 0 3.693376719e-38 0 0 0 0 0 0 0 0 0 0 0 0 0 0 0 0 0 0 0 0 0 0 253850.3518 0 0 0 0 0 0 0 0 0 0 0 0 0 0 0 0 0 0 0 239675.4197 0 0 1.818558518e-123 0 0 0 0 0 187939.5164 0 0 0 0 0 0 0 0 0 0 0 0 0 0 
16.63229409 0 0 0 0 0 0 0 0 0 0 0 0 0 0 0 0 0 0 0 0 0 0 0 0 0 0 0 0 0 0 0 0 0 0 0 0 0 0 0 0 0 0 0 0 0 0 0 0 0 0 0 0 0 0 0 0 0 0 0 0 0 0 0 0 0 0 0 0 0 0 0 0 4.361970775e-41 0 0 0 19363.69731 0 0 0 0 0 0 0 0 0 0 0 0 0 8.027027204e-36 0 0 0 0 0 0 3.517336322 0 
0 0 0 0 0 0 0 0 0 0 0 0 0 0 0 0 0 0 0 0 0 0 0 0 0 29.15689453 0 0 0 0 0 1.981365635e-07 0 0 0 0 0 0 0 0 0 0 1.557899569e-103 0 0 0 0 0 0 0 0 0 0 0 0 0 0 0 3.588803419e-22 0 0 0 0 0 0 0 0 0 0 0 0 4.10627358e-41 0 0 0 0 0 0 0 9.362847072e-27 0 0 176753.3816 0 0 0 0 0 248885.4977 0 0 0 0 0 0 6.012759683e-10 0 0 0 0 
7.705661593e-146 0 0 0 0 0 0 0 0 0 2.128667616e-159 0 0 0 0 0 0 0 0 0 0 0 0 0 0 0 0 0 0 0 0 0 0 0 0 0 0 248573.8606 0 0 0 0 0 0 0 0 0 0 0 0 0 0 0 0 0 0 0 0 0 0 0 0 0 0 0 0 0 0 2.384196955e-05 0 0 0 0 0 0 0 0 0 0 0 0 2.877214471e-07 0 0 0 242799.0659 0 0 0 0 0 0 0 0 0 0 0 248793.0655 0 0 
0 0 0 0 0 0 0 0 0 0 0 0 0 0 0 0 0 0 0 0 0 4.666653374e-18 0 0 0 251168.7748 0 0 0 0 0 0 0 0 0 0 247695.6438 0 0 0 0 0 0 0 0 0 0 0 0 0 0 0 0 0 0 0 0 0 0 0 0 0 0 0 0 0 0 0 0 0 36462.11088 0 0 0 0 0 0 0 0 0 0 0 0 3.072316939 0 0 1.284277602e-152 0 0 0 0 0 0 0 0 0 0 0 0 0 
0 0 0 0 0 0 0 0 0 0 0 3.657473519e-29 116088.2177 0 0 0 1.526440797e-220 223093.3051 0 0 0 9.315539136e-18 0 0 0 0 0 0 0 0 0 0 0 0 0 0 0 0 0 0 0 0 0 0 0 0 0 0 0 0 0 0 1.265608508e-07 0 0 0 0 0 0 0 0 0 0 0 0 0 0 164967.2346 0 0 0 0 0 0 0 0 0 0 0 0 0 0 0 0 0 0 0 0 0 0 0 0 0 0 0 0 0 0 0 0 
0 0 0 0 0 0 0 0 8.082254593e-30 0 0 0 0 0 0 0 0 0 0 0 0 0 0 0 2011.913017 0 4.271423671e-126 0 0 0 0 0 0 0 0 0 0 0 0 0 1.077362317e-15 0 0 0 0 0 0 0 0 0 0 0 0 0 0 0 1.567162937e-24 0 0 0 0 0 0 0 0 0 0 0 0 0 0 0 0 5.055610703e-85 0 0 0 0 0 0 0 0 0 0 0 0 0 0 0 0 0 0 0 0 0 0 249094.1924 0 0 0 
0 0 0 0 0 0 0 0 1.160716825e-72 0 9.474846231e-05 0 0 0 228250.4481 0 0 4.719265597e-38 0 0 0 0 0 0 0 0 0 0 0 0 0 0 0 0 0 0 0 0 0 0 0 0 0 0 0 0 0 0 0 0 0 0 0 0 0 0 0 0 0 0 0 0 0 0 0 0 0 0 0 4.200419101e-66 1.136993595e-26 0 0 0 0 0 0 0 0 0 0 0 0 0 0 248745.7122 0 0 0 0 0 0 0 0 0 0 0 0 0 0 
0 0 0 0 0 0 0 0 0 0 0 0 0 0 0 0 0 0 0 0 0 0 0 0 0 0 1.737171623e-33 0 0 0 0 0 0 0 0 0 0 0 0 0 0.2539423988 0 0 0 1.49209499e-63 0 0 0 0 0 746.6260633 0 0 0 0 0 0 0 1.144282406e-142 1.099202573e-05 0 0 0 2726.433933 0 0 0 0 0 0 0 0 0 0 0 0 0 0 0 0 0 0 0 0 0 0 2622.832156 0 0 0 0 0 54174.88292 0 0 0 0 0 0 0 
0 0 0 0 0 0 0 0 0 0 0 0 0 0 0 0 0 0 0 0 0 0 3.931263502e-07 0 0 0 2.09912574e-24 0 0 0 0 0 0 0 0 0 0 0 0 0 0 0 0 0 0 0 0 0 0 0 0 0 6.17007135e-27 0 0 0 9.402796962e-26 0 0 0 0 0 0 0 0 0 0 0 0 0 0 0 0 3.948047876e-73 0 0 0 0 0 0 0 0 0 0 243357.5431 0 0 1.546685248e-101 0 0 0 0 0 0 0 0 0 0 0 0 
0 0 0 0 0 0 0 0 0 0 244369.0096 0 364.5379676 0 0 0 0 0 0 0 0 0 0 0 0 0 0 0 0 0 0 0 0 0 0 0 0 0 0 0 0 4.227964558e-82 0 0 0 0 0 0 0 0 0 0 0 2.639164181e-27 0 0 0 0 0 6.925642867e-104 2445.537233 0 0 0 0 0 0 0 11840.1732 0 0 0 0 0 0 0 0 4.076579823e-08 0 0 0 0 0 0 0 0 1.421524234e-15 0 0 0 0 0 0 0 0 1.122163905e-06 0 0 0 0 
0 0 0 0 0 0 0 0 0 0 0 0 0 0 0 0 0 0 2.600069939e-123 0 0 0 0 7.663770232e-23 0 0 3.770443636e-49 0 0 0 0 0 0 0 0 0 0 0 0 0 0 0 0 0 0 0 0 0 2.197804137e-101 0 0 0 0 0 0 0 0 0 0 0 0 0 0 0 0 0 0 0 0 0 0 0 2.034317848e-180 0 0 0 0 0 0 0 0 0 0 0 0 0 0 0 0 0 0 0 0 0 0 0 0 0 0 0 
0 0 0 0 0 0 0 0 0 0 0 0 0 9.658443448e-67 0 0 0 0 0 0 0 0 0 0 0 0 0 0 0 0 0 0 0 0 0 0 0 0 0 0 0 0 0 0 0 0 0 0 0 0 2.703904759e-22 0 0 0 0 0 4.06209595e-157 0 1.03175183e-18 0 0 0 0 0 0 0 0 9265.665054 0 0 0 0 0 0 0 0 0 0 0 0 0 0 0 0 0 0 0 165444.3614 0 0 0 0 0 0 0 0 0 0 0 0 
0 0 0 0 0 0 0 0 0 0 0 0 0 0 0 0 205655.6355 0 3.959012516e-181 0 0 0 0 0 0 0 0 0 0 0 8.190070993e-23 0 0 0 0 0 0 0 0 0 0 0 0 0 0 0 3.063342759e-25 0 0 0 0 0 219254.0761 0 0 0 0 0 0 0 0 0 0 0 0 0 0 0 0 0 0 0 0 0 0 0 0 0 243646.2155 0 0 0 0 0 0 0 0 0 0 0 0 0 0 0 0 0 0 0 0 0 
0 0 0 1.096400003e-15 0 0 0 0 10.30358545 0 0 0 0 0 0 0 0 0 165369.2862 0 0 0 0 0 0 0 0 0 0 0 0 0 0 0 0 0 0 0 0 0 0 0 0 0 0 0 0 0 229406.1394 0 0 0 0 0 0 0 1127.904168 0 0 0 0 0 0 0 0 0 0 0 0 0 0 0 0 0 0 0 0 0 0 0 0 0 0 0 215996.8744 0 0 0 0 0 0 0 0 0 0 0 0 0 0 1.023260416e-37 
0 0 0 0 0 8.17623279e-160 0 0 0 0 0 0 0 0 0 0 0 0 0 0 0 0 0 0 157.2408902 0 1.67192709e-27 0 0 0 0 0 0 0 0 0 0 0 0 0 0 5.851148106e-103 0 0 0 0 0 0 0 0 0 0 0 0 0 0 0 0 0 0 0 0 6.87239961e-37 0 0 0 0 0 0 0 0 0 0 0 0 0 0 0 0 0 0 0 0 0.1317798522 0 0 0 0 0 0 0 0 0 0 0 0 0 0 0 296554.0398 
0 0 0 0 0 0 0 0 0 0 0 0 0 0 0 0 246108.8576 0 0 0 0 0 0 0 0 5.030247287e-59 0 0 0 0 0 9.539270553e-78 0 0 0 0 0 0 0 0 0 0 0 0 0 0 0 0 0 0 0 0 0 0 0 0 0 0 0 0 0 0 0 0 0 0 0 0 0 0 0 0 0 0 0 0 0 0 0 6336.010374 0 0 0 0.02255072797 0 0 0 0 0 0 0 0 0 0 0 0 0 0 0 0 
0 0 0 0 0 0 0 0 0 0 0 0 0 0 0 0 0 0 0 0 0 0 0 0 0 0 0 0 0 0 0 77623.29738 0 0 0 0 0 0 0 0 0 0 0 0 0 0 0 0 0 0 0 0 0 8.719295454e-57 0 0 0 0 0 0 0 0 0 0 0 0 0 0 0 0 0 0 0 0 0 0 0 0 0 0 0 0 0 0 7.530121588e-07 0 0 0 0 0 0 0 0 0 1.168564942e-122 0 0 0 0 0 
0 3.320803485e-23 0 0 0 0 0 0 0 6.659325728e-08 0 0 0 0 0 0 0 0 0 0 0 6.302786466e-103 0 0 0 0 0 0 0 0 0 0 0 0 0 0 3.255961851e-23 0 0 0 0 0 0 0 0 0 0 0 0 0 0 0 0 0 0 0 5.056714726e-28 0 0 0 0 0 0 0 0 7.618223535e-97 0 0 0 0 0 0 0 0 0 0 0 1.218015319e-36 0 0 0 0 0 0 0 249757.793 0 0 0 0 0 0 0 0 0 0 0 2.815614797e-181 0 0 
0 0 0 0 0 0 0 0 1.198800144e-58 0 0 0 0 0 0 0 0 163496.1862 0 0 0 0 0 0 0 0 0 0 0 0 0 0 0 0 0 0 0 0 0 0 0 0 0 0 0 0 0 0 0 0 0 0 0 0 0 0 0 0 0 0 0 0 0 0 0 0 0 0 0 310572.1715 0 1.048509774e-92 0 0 0 0 0 0 0 0 0 0 0 0 0 0 0 0 0 0 0 0 0 0 0 0 0 0 1.350643523e-17 0 
0 0 0 3.46206281e-21 0 0 0 0 0 2673.013886 2.679531455e-40 0 0 0 0 0 0 0 0 0 0 0 0 0 161816.9707 0 97.70543586 0 0 0 0 0 0 0 0 0 0 0 0 0 0 0 0 0 0 0 0 0 0 0 0 0 0 0 0 0 0 0 238000.9051 0 0 0 0 2.665849769e-17 4.131017651e-39 0 0 0 0 0 0 0.9408104124 0 0 0 0 0 4.449720414e-33 0 0 0 0 0 0 0 0 0 0 0 5.410288858e-23 0 0 0 0 0 0 0 0 0 0 
0 0 0 0 222850.8677 0 0 0 5.612386547e-38 0 0 0 0 0 0 0 0 0 0 0 0 0 0 0 0 0 0 0 0 0 0 0 0 0 0 0 0 0 43048.20642 0 0 0 0 0 1.01424627e-143 0 0 0 0 0 0 4.384132578e-160 0 0 0 0 0 0 0 0 0 3.245684893e-69 0 0 0 0 0 0 0 0 0 0 0 0 0 1.456703833e-32 1.456519011e-71 0 29799.88641 0 0 0 0 4.767568575e-30 0 0 0 7.899897915e-05 0 0 0 0 0 0 0 0 0 0 0 0 
0 0 0 0 0 0 0 0 0 0 0 0 0 0 0 0 0 0 0 0 0 0 0 0 0 0 193737.2449 0 0 0 0 243960.9849 0 0 0 0 0 0 0 0 0 0 0 109195.8132 0 0 0 0 0 0 0 0 0 0 0 0 0 0 0 0 0 0 0 0 0 0 0 0 0 0 0 0 0 0 0 0 0 0 0 0 0 0 0 0 0 0 0 0 0 3.92825789e-32 0 0 0.01152292865 0 0 0 0 0 0 0 
0 0 0 0 0 0 0 0 0 0 0 0 0 0 0 0 0 0 0 0 0 0 0 0 0 0 0 0 0 0 0 0 0 0 0 0 0 0 0 0 0 0 0 0 0 0 0 6.231887576e-23 0 0 0 0 6.212979825e-159 0 0 0 0 0 0 0 0 0 0 0 241541.1297 0 0 0 0 0 0 0 0 0 0 0 0.000204435576 0 0 0 0 0 250689.8778 0 0.0002469664994 0 0 0 0 0 0 0 0 0 249773.6294 0 0 0 0 0 
0 0 0 0 0 0 0 0 0 0 0 0 0 0 0 0 0 0 0 0 0 0 0 0 0 5.057443283e-32 0 0 0 0 0 0 0 0 0 9.500883978e-55 7.384379351e-32 0 0 0 0 0 0 0 0 0 0 0 0 0 0 0 7.26784384e-185 0 0 0 0 5.856166587 0 0 0 6.446837198e-30 0 0 0 0 0 0 0 0 0 0 0 0 0 0 0 0 0 0 0 0 5.234304217e-39 0 0 0 0 0 0 0 0 0 0 0 0 0 0 0 1.195331863e-48 0 
238103.2784 0 0 0 0 0 0 0 0 0 0 0 0 0 0 0 0 0 0 1.216960028e-57 0 0 0 0 0 0 246034.2917 0 0 0 0 0 0 0 0 0 0 0 0 0 0 4.289122478e-24 0 0 0 0 0 0 0 0 0 0 0 3.090846664e-182 0 0 0 0 0 0 0 0 0 0 0 0 0 0 0 0 0 0 0 0 0 0 0 0 0 0 0 0 0 0 8.312631563e-81 0 0 3.159819388e-35 0 0 0 0 0 638.512325 0 0 0 0 2.29754587e-07 0 
0 0 0 0 0 0 0 0 0 0 0 0 0 0 0 0 1.782955533e-42 0 0 0 0 0 0 0 0 0 0 0 0 0 0 0 0 0 0 0 0 247396.8591 0 0 0 0 0 0 0 0 0 0 0 0 0 0 0 0 0 0 0 0 0 0 0 0 0 0 0 0 0 0 0 0 0 0 0 0 242604.424 0 0 1.410490148 1.923548452e-45 0 0 0 0 3442.957054 0 91.13547565 0 0 0 0 0 0 0 0 240694.4096 0 0 0 0 0 
0 0 0.1196555278 209284.6997 0 0 0 0 0 0 0 0 0 0 0 0 0 0 0 0.03202787867 0 0 0 0 0 0 0 0 0 0 0 0 0 0 0 0 0 0 0 0 0 0 0 281388.0856 0 0 0 0 0 0 0 0 0 0 0 0 0.000468640361 0 0 0 0 0 0 0 2.283629933e-106 0.002417592098 0 2.68398466e-45 0 0 0 0 0 0 0 2.345285465e-24 2.146484227e-100 0 0 0 0 0 0 0 0 0 0 0 0 0 0 0 0 0 0 0 0 0 0 5.152906292e-11 
0 0 0 0 0 0 0 0 0 0 0 0 0 0 0 0 0 3.803118907e-173 0 0 0 6.279255841e-156 0 0 0 0 0 0 0 0 0 0 0 0 0 0 0 0 0.001051600641 0 0 0 0 0 0 0 0 0 0 0 0 0 0 0 0 1.535570895e-120 0 0 249524.3294 0 0 0 0 0 0 0 0 0 0 0 0 0 0 0 0 0 0 0 0 8.012912943e-05 2.234972793e-15 0 0 0 244816.8083 0 208078.4085 0 0 0 6.314638668e-103 0 0 0 0 243298.4424 0 0 0 0 
0 0 0 0 0 0 0 0 0 0 0 0 0 0 0 0 0 0 0 0 0 0 0 0 248046.9125 0 0 0 0 0 0 0 0 0 0 0 0 0 3.093499385e-33 0 0 0 0 0 0 0 0 0 0 0 0 0 0 0 0 0 0 0 0 0 250052.3805 0 0 0 0 0 246750.0719 0 0 0.04888058456 0 0 0 0 0 0 0 0 0 0 0 0 0 0 0 0 3.222890153e-06 0 0 0 0 0 0 0 0 0 0 0 0 0 
0 0 0 0 0 6.353031988e-112 0 0 0 2.752804282e-24 0 0 0 0 0 0 1.865701451e-47 1.737722826e-139 1.655647261e-154 0 0 0 0 0 0 0 0 0 0 0 0 0 0 0 0 0 0 0 0 60941.22628 0 0 4.269556763 0 0 0 0 0 0 0 0 0 0 0 0 0 0 0 0 0 0 0 0 0 0 0 0 0 0 0 0 0 0 0 0 0 0 244236.1536 0 0 0 0 0 0 0 0 0 0 0 0 0 0 0 0 0 0 9.884590594e-54 249956.2479 0 0 
0 0 0 0 0 0 0 0 0 0 0 0 0 0 0 0 0 0 0 0 1.390094314e-139 0 0 0 0 0 0 0 0 0 0 0 0 0 0 0 0 0 0 0 0 0 0 0 0 0 0 0 0 0 0 0 0 0 0 0 9.549986181 0 0 0 0 0 0 0 0 0 0 0 0 0 0 0 0 0 0 0 0 0 0 6.472553972e-45 0 0 0 0 0 0 0 0 0 0 0 0 0 0 0 0 0 0 0 0 
0 0 0 0 0 0 0 0 0 0 0 0 0 2.555581923e-18 0 0 0 0 0 0 0 0 0 0 0 0 0 0 0 0 0 0 0 0 0 0 0 0 0 0 0 0 0 0 0 0 0 0 0 0 0 0 0 0 0 7.192079023e-20 0 0 0 0 0 0 0 0 0 0 0 0 0 0 0 0 0 0 0 0 0 0 0 0 0 0 0 0 293055.4315 1.312986584e-24 0 0 0 0 0 0 0 0 0 0 2.089002259e-21 0 0 0 
0 0 0 0 0 0 0 0 0 0 0 0 0 0 0 0 0 0 0 0 0 3.276412558e-56 0 0 0 2.941611169e-143 4.671185282e-16 0 0 0 0 0 0 0 0 0 0 0 0 0 0 0 148739.9456 0 0 0 5.016090865e-09 0 0 0 0 0 0 0 0 0 0 0 242586.3715 0 0 0 0 0 0 0 0 0 0 0 0 0 0 0 0 0 0 2.224631871e-10 0 0 0 0 0 0 0 0 0 0 0 0 0 0 0 0 0 0 0 0 0 24851.24602 
0 0 0 147550.5694 0 0 0 0 0 0 0 0 0 6.383854705e-138 0 0.01498651637 0 0 0 0 0 0 0 0 2.596984621e-43 0 0 0 2.535524825e-40 2.504821479e-08 0 0 0 0 0 0 0 0 0 0 0 0 0 0 0 0 0 0 0 0 0 0 0 0 0 0 0 0 0 0 0 0 0 0 0 0 0 0 0 0 0 0 0 0 0 0 0 0 0 0 0 0 0 0 2.088428063e-27 1.190238265e-05 0 2.24061173e-05 0 0 0 0 0 0 0 0 0 0 0 0 
0 0 0 0 0 0 0 0 251924.7914 0 0 0 0 0 0 0 0 0 0 0 0 0 0 0 0 0 0 0 1.315799081e-70 0 0 0 0 0 0 0 47306.43149 0 0 1.497711536e-118 0 8.567098534e-14 0 2.821304681e-146 0.2080420622 5.211755863e-71 0 0 0 0 0 0 0 0 0 0 0 0 0 0 0 0 1.022507039e-23 0 3.495152838e-50 0 0 0 0 0 0 0 0 0 0 0 0 0 3.928437046e-87 1.055985774e-51 247514.1384 0 0 0 0 0 0 5.542981965e-12 0 0 0 0 0 0 0 0 0 0 0 0 
1.224640818e-58 0 0 0 0 0 0 0 0 0 0 0 0 2.709612204e-37 0 0 0 0 1506.352974 0 0 0 0 0 0 0 0 0 0 0 0 0 0 0 0 0 7.443665962e-16 0 0 0 245887.1496 0 0 0 0 0 0 0 0 0 0 0 0 0 0 0 0 0 0 0 0 0 0 0 0 9.790843505e-10 0 0 0 0 0 0 0 0 0 0 0 0 0 0 0 0 0 260.5274994 0 0 2.030507615e-34 0 0 0 0 0 0 0 0 3.581808203e-40 0 0 0 0 
0 249109.557 0 0 0 229346.5749 0 0 0 0 0 302024.2198 0 0 0 0 0 0 0 0 0 0 0 0 0 0 0 0 0 0 0 0 0 0 0 0 0 0 0 0 0 0 1.536543081e-79 0 0 0 0 3.112844144e-34 0 0 0 0 0 0 0 2.917538017e-22 0 0 0 0 0 0 0 0 0 7.415690234e-28 0 0 0 0 0 0 0 0 0 0 0 0 0 0 0 0 0 0 0 0 0 0 0 0 0 0 0 9.779729052e-17 0 0 0 0 0 0 
0 0 0 0 0 0 0 8.763916534e-05 0 0 0 0 0 8.860948103e-37 0 0 0 0 0 0 0 0 6.014277108e-123 0 0 0 0 0 5.629124703e-92 0 0 0 2.892965184e-18 0 0 2.049020005e-44 0 0 0 0 0 0 0 0 0 3.238747945e-08 0 6.463828613e-05 0 0 0 0 0 0 0 0 0 0 0 0 0 0 0 0 0 0 0 0 0 2.515946171e-35 0 9.8713065e-15 0 0 7.527212423e-31 0 0 0 0 0 1.719775484e-128 0 0 0 0 0 0 0 4.275855487e-47 0 0 0 0 1.414549348e-88 0 0 0 0 0 0 
1.217115128e-168 0 0 0 0 0 0 0 0 0 0 0 0 0 0 0 0 0 1.235712759e-158 0 0 0 0 7.630276945e-94 8.741404325e-08 0 0 0 0 0 0 0 0 0 0 0 0 0 0 0 0 0 0 0 0 0 0 0 0 0 0 0 0 0 0 0 0 0 0 0 0 0 0 0 0 0 0 0 0 0 0 0 0 0 0 0 0 0 0 0 1.300795366e-28 0 0 0 0 15712.65219 0 0 0 0 0 0 0 0 0 0 3.754670264e-65 0 0 0 
0 0 0 0 0 0 0 0 0 0 0 0 0 0 0 0 0 0 0 0 0 0 0 0 0 0 0 0 0 0.002718862093 0 0 0 0 0 0 0 0 0 126.3399952 0 0 0 0.1023175675 0 0 0 0 2.346850591e-23 0 0 0 0 0 0 0 0 0 0 0 0 0 0 0 0 0 0 0 0 0 0 0 0 0 0 0 0 8.623621908e-27 0 0 5.790285843e-20 0 0 0 0 0 0 0 0 0.004533540775 3.957793195e-80 0 0 0 0 0 0 0 0 0 
0 34.94302206 0 0 0 0 0 0 0 0 0 0 0 0 0 402.3013327 0 0 0 0 0 3.029725186e-74 0 0 0 0 0 0 0 0 0 0 0 0 0 0 0 2.132696212 0 0 3.005457854e-91 0 0 0 0 0 0 0 0 0 0 0 0 0 0 0 0 0 0 2.74328104e-05 0 7.314260453e-23 0 0 0 0 0 0 0 0 0 0 0 0 0 248678.5494 0 0 0 0 0 0 0 0 3.993783903e-80 0 0 0 0 0 0 0 0 0 0 0 0 0 0 0 
0 0 0 1.155926874e-126 3.937250664e-81 0 0 0 0 0 5.051553009e-24 0 0 0 0 0 0 0 0 0 0 0 0 2.488250985e-07 0 0 0 0 1.29629795e-53 0 0 0 0 0 0 0 0 0 0 0 0 0 0 0 0 0 0 0 0 0 0 0 0 0 0 0 5.145730345 0 0 9.177963094e-11 0 0 0 0 0 0 0 0 0 0 1.099932291e-135 0 0 0 0 0 0 0 0 0 0 0 0 0 0 0 0 0 0 0 0 0 0 0 0 2.808158145e-09 241449.64 0 0 0 
0 0 0 0 0 0 0 0 0 0 0 0 0 0 0 0 0 0 0 0 0 1.667405005 0 0 0 0 0 0 0 0 1.424596589e-35 0 0 250630.7634 0 0 0 0 0 0 0 0 0 0 0 0 0 0 0 0 0 0 0 0 0 0 0 0 0 0 0 0 0 2919.871911 0 0 0 0 0 0 0 0 0 0 0 0 0 0 0 0 0 0 0 0 0 4.552907711e-11 0 0 4079.31886 0 0 0 0 0 0 0 0 0 0 0 
0 3.356090286e-109 0 0 0 0 0 0 0 0 0 0 0 0 0 0 0 0 0 0 0 1.644702962e-37 0 0 0 0 0 0 0 2.980960736e-68 0 0 0 0 7.560559667e-20 0 0 0 0 0 0 0 0 0 0 0 0 0 0 0 0 0 0 0 0 0 0 0 0 0 8.513362204e-13 0 0 0 0 0 0 1.538117407e-172 0 0 0 0 0 0 4.536762903e-10 0 0 0 0 0 0 0 0 0 0 0 0 0 0 0 0 0 0 0 0 0 0 0 0.004248394573 0 
# Events [PSD_fluxpos/xdist_fluxposy.dat] N:
0 1 0 0 0 0 0 0 0 0 0 0 0 0 0 0 0 0 1 0 0 0 0 0 1 0 0 0 0 0 0 0 0 0 0 0 0 0 0 0 0 0 0 0 0 0 1 0 0 0 0 0 0 0 0 0 0 0 0 0 0 0 0 0 0 0 0 0 0 0 0 0 0 0 0 0 0 0 0 0 0 0 0 0 0 0 0 0 0 0 0 0 0 1 0 0 0 0 0 0 
1 0 0 0 0 0 0 0 0 0 0 0 0 0 1 0 0 0 0 0 0 0 0 0 0 0 0 0 0 0 0 0 0 0 0 0 0 0 1 0 0 0 0 0 0 0 0 0 0 0 0 0 0 0 0 0 0 0 0 0 0 0 0 1 0 0 0 0 0 0 0 0 0 0 0 0 0 0 0 0 0 0 0 0 0 0 0 0 0 0 0 0 0 0 0 0 0 0 0 0 
0 0 0 2 0 0 1 0 0 0 0 0 0 0 0 0 0 0 0 0 0 0 0 0 0 1 0 0 0 0 0 0 0 0 0 0 0 0 0 0 0 0 0 0 0 0 0 0 0 0 0 0 0 0 0 0 2 0 0 0 0 0 0 0 0 0 0 0 0 0 0 0 0 0 0 0 0 0 0 0 0 0 0 0 1 0 0 0 0 1 0 0 0 0 0 1 0 0 0 0 
0 0 0 0 0 0 0 0 0 0 0 0 0 0 0 0 0 1 1 0 0 0 0 0 0 0 0 0 0 0 0 0 0 0 0 0 0 0 0 0 0 0 0 0 0 0 0 0 0 0 0 0 0 0 0 0 0 0 0 0 0 0 0 0 0 0 0 0 0 0 0 0 0 0 0 0 0 0 0 0 0 0 0 0 0 0 0 0 0 1 0 0 0 0 0 1 0 2 0 0 
1 0 2 0 0 0 0 0 0 0 0 0 0 0 0 0 0 0 0 1 0 0 0 0 0 0 1 0 0 0 0 0 0 0 0 0 0 0 0 0 0 0 0 0 0 0 0 0 0 0 0 0 0 0 1 0 0 0 0 1 0 0 0 0 0 0 0 0 0 0 0 0 0 0 0 0 0 0 0 0 0 0 0 0 0 0 0 0 0 0 0 0 0 0 0 0 0 0 0 0 
0 0 0 0 0 0 0 0 0 0 0 0 0 0 0 0 0 0 0 1 0 0 0 0 0 0 0 0 0 0 0 0 0 1 0 1 0 0 0 0 2 0 0 0 0 0 0 0 0 0 0 0 0 0 0 0 0 0 0 0 0 0 0 1 1 0 1 0 0 0 0 0 0 0 0 0 0 0 0 0 0 0 0 0 0 0 0 0 0 0 0 0 0 0 0 0 0 0 1 0 
0 0 1 0 0 0 0 0 0 0 0 0 0 0 0 0 0 1 0 0 0 0 0 0 0 0 0 0 0 0 0 0 1 0 0 0 0 0 0 0 0 0 0 0 0 1 0 0 0 0 0 1 0 0 0 1 0 0 0 0 0 0 0 0 0 0 0 0 0 2 0 0 0 0 0 0 0 0 0 0 0 0 0 0 0 0 0 0 0 0 1 0 0 0 0 1 0 0 1 0 
0 0 0 0 0 0 0 0 0 0 0 0 0 0 0 0 0 0 0 0 0 0 0 0 0 0 0 1 0 0 0 0 0 0 0 0 0 0 0 0 0 0 0 0 0 0 0 0 0 0 1 0 0 1 0 0 0 0 0 0 0 0 0 0 0 0 0 1 0 0 0 0 0 0 0 1 0 0 0 0 1 0 0 0 0 0 0 0 0 1 0 0 0 0 0 0 0 0 0 0 
0 0 0 1 0 0 0 1 0 0 0 1 0 1 0 1 0 0 0 0 0 0 0 0 0 0 0 0 0 0 0 0 0 0 0 0 1 0 0 0 0 0 0 0 0 2 0 0 0 0 0 0 0 0 0 0 0 0 0 0 0 0 0 0 0 0 0 0 0 0 0 0 0 0 0 0 0 0 0 0 0 0 1 0 0 0 0 0 0 0 0 0 0 0 0 0 0 0 0 0 
0 0 0 1 0 0 0 0 0 0 0 0 0 0 0 0 0 0 0 0 0 0 1 0 0 0 1 0 0 0 0 0 0 0 0 1 0 0 0 0 0 0 0 0 0 0 0 0 0 0 0 0 0 0 0 0 0 0 0 0 1 0 0 0 0 0 0 0 0 0 0 0 0 0 0 0 0 0 0 0 0 0 1 0 0 0 0 0 0 0 0 0 0 0 0 0 0 0 0 0 
0 0 0 0 0 0 0 0 0 0 0 0 0 1 0 0 0 0 0 0 0 0 0 0 1 0 0 0 0 0 0 0 0 0 0 0 0 0 0 0 0 0 0 0 0 0 0 0 0 0 0 0 0 0 0 0 0 0 0 0 0 1 2 0 0 0 0 0 0 0 0 0 0 1 0 0 0 0 0 0 0 1 0 0 0 0 0 0 0 0 0 0 0 0 0 0 0 0 0 0 
0 0 0 0 0 0 0 1 0 0 0 0 0 0 0 0 0 0 0 0 0 0 0 0 0 0 0 0 0 0 0 0 0 0 0 0 0 1 0 0 0 0 0 0 0 0 0 0 0 0 0 0 0 0 0 0 0 1 0 0 0 0 0 1 0 0 0 1 0 0 0 0 0 0 0 0 0 1 0 0 0 0 0 0 0 0 0 0 1 0 0 0 0 0 0 0 1 0 0 0 
0 0 0 0 0 0 0 0 0 0 0 0 0 0 0 0 1 1 0 0 0 0 0 0 0 0 0 1 0 0 0 0 0 0 0 0 0 0 0 0 0 0 1 0 0 0 0 0 0 0 0 0 0 0 0 0 0 0 0 0 0 0 0 0 0 0 1 0 0 0 0 0 0 0 0 0 0 1 0 0 0 0 0 0 0 0 0 0 0 0 0 0 0 0 0 0 0 0 0 0 
0 0 0 0 0 0 0 1 1 0 0 0 0 1 0 0 0 1 0 0 0 0 0 0 0 0 0 0 1 0 0 0 0 0 0 0 0 0 0 0 0 0 0 0 0 0 0 0 0 0 0 0 0 0 0 0 0 0 0 0 0 0 0 0 0 0 0 0 0 0 0 0 0 1 0 0 1 0 0 0 1 0 0 1 0 0 1 0 0 0 0 0 0 0 0 0 0 0 0 0 
0 0 0 0 0 0 1 0 0 0 0 0 0 1 0 0 1 0 0 0 0 0 0 0 1 1 0 0 0 0 1 0 0 0 0 0 0 0 0 0 0 1 0 0 0 1 0 1 0 0 0 0 0 0 0 0 0 0 0 0 0 0 0 0 0 0 1 0 0 0 0 0 0 0 0 0 0 0 0 0 0 0 0 1 0 0 0 1 0 0 0 0 0 0 0 0 1 0 0 0 
0 0 0 0 0 0 0 0 0 0 0 0 1 0 0 0 0 0 0 0 0 0 0 0 0 0 0 0 0 1 0 0 0 0 0 0 0 0 0 0 0 0 0 0 0 1 0 1 1 0 0 0 0 0 0 0 0 0 0 0 0 1 0 0 0 0 0 1 1 0 0 0 0 0 0 0 0 1 0 0 0 0 0 0 0 0 1 0 0 0 0 0 1 0 0 0 0 0 0 0 
0 0 0 0 0 0 0 0 0 0 0 0 0 0 0 0 0 0 1 1 1 0 0 0 0 1 0 0 0 0 0 0 0 0 0 0 0 0 1 0 0 0 0 0 0 0 0 0 0 0 1 0 0 0 0 0 0 0 0 0 0 0 0 0 0 0 0 0 0 0 0 0 0 0 0 0 0 0 0 0 0 0 0 0 0 0 0 0 0 0 0 0 0 0 0 0 0 0 1 0 
0 0 0 0 0 0 0 0 0 0 0 0 0 0 0 0 0 0 0 0 0 0 0 0 0 1 0 0 0 0 0 0 0 0 0 0 0 0 0 0 0 0 0 0 0 0 0 0 0 0 0 0 0 0 0 0 0 0 0 0 0 0 0 0 0 1 0 0 0 0 1 0 0 0 0 0 0 0 0 0 0 0 0 0 0 0 0 0 0 0 0 0 0 0 0 0 0 0 1 0 
0 0 0 0 0 0 0 0 0 0 0 0 0 0 1 0 1 0 1 0 0 0 0 2 0 0 0 0 0 1 0 0 0 0 0 0 0 0 0 0 0 1 0 0 0 0 0 0 0 0 0 0 0 0 0 0 0 0 0 0 1 0 0 0 0 0 0 0 0 0 0 0 0 0 0 0 0 0 1 0 0 0 0 0 0 1 0 0 0 0 0 0 0 0 0 0 0 1 0 0 
0 1 0 0 0 0 0 0 0 1 0 0 1 0 0 0 0 0 0 0 0 0 0 0 0 0 0 0 0 0 0 0 0 0 0 0 0 0 0 0 0 0 0 0 0 0 0 0 0 0 0 0 0 1 0 0 0 0 0 0 0 0 0 0 0 0 0 0 0 0 0 0 0 0 0 0 0 0 0 0 0 0 0 0 0 0 0 0 0 0 0 0 0 0 0 0 0 0 0 0 
0 0 0 0 0 0 0 0 0 0 0 1 0 0 1 0 0 0 0 0 0 0 0 1 0 1 0 0 0 0 0 0 0 0 0 1 0 0 0 1 0 0 0 0 0 0 0 0 0 0 0 0 0 0 1 0 1 0 0 0 1 0 0 0 0 0 0 0 0 0 0 0 0 0 0 0 1 0 0 0 0 0 1 0 0 0 0 0 0 0 0 0 0 0 0 0 0 0 0 0 
0 0 0 0 0 0 0 0 0 0 0 0 0 0 0 0 0 0 0 0 0 0 0 0 0 0 0 0 0 0 0 0 0 0 0 0 1 0 0 0 0 0 0 0 0 0 0 0 0 0 0 0 0 0 0 0 0 0 0 0 0 0 0 0 0 0 0 0 0 0 0 0 0 0 0 1 0 0 0 0 0 0 0 0 0 0 0 0 0 0 0 0 0 1 0 0 0 0 0 0 
0 0 0 0 0 0 0 0 0 1 0 0 0 1 0 0 0 0 0 0 0 0 0 0 0 0 0 0 0 0 0 0 0 0 0 0 0 0 0 0 0 0 0 1 0 0 1 0 0 0 0 2 0 1 0 0 1 0 0 0 0 0 0 0 0 0 0 0 0 0 0 1 0 0 0 0 0 0 0 0 0 0 1 0 0 0 0 0 1 0 0 1 0 0 0 0 0 0 0 0 
0 0 0 0 0 0 1 0 0 0 1 1 0 0 0 0 0 0 0 0 0 0 0 0 0 0 0 0 0 0 0 0 0 0 0 0 1 0 0 0 0 0 0 0 0 0 0 0 0 0 0 0 0 1 0 0 0 1 0 0 0 1 0 1 0 0 0 0 0 0 0 0 0 0 0 0 1 0 0 0 0 0 1 0 0 0 0 1 0 0 2 0 0 0 0 0 0 0 0 0 
0 0 0 0 0 1 0 0 0 1 0 0 0 0 0 0 1 0 1 1 0 0 0 0 0 0 0 0 0 0 0 0 0 0 0 0 0 0 0 0 1 0 0 0 0 0 0 0 0 0 0 0 0 0 0 0 0 0 1 0 0 0 0 0 0 1 0 0 1 0 0 0 0 0 0 1 0 0 0 0 0 0 0 0 0 0 0 0 0 0 0 0 0 0 0 0 0 0 0 0 
0 0 0 0 0 0 0 0 0 0 0 0 0 0 0 0 0 0 0 0 0 0 0 0 0 0 0 0 0 0 0 0 0 0 1 0 0 0 0 0 0 0 0 0 0 0 0 0 0 0 0 0 0 1 0 0 0 0 0 0 0 0 0 0 0 0 1 0 0 0 0 0 1 0 0 0 0 0 0 1 1 0 0 0 0 0 0 0 0 0 0 1 0 0 2 1 1 0 0 0 
0 0 0 0 0 0 0 0 0 0 0 1 0 0 0 0 0 0 0 1 0 0 0 0 0 0 0 0 0 0 0 0 0 0 0 0 0 0 1 0 0 1 0 0 0 0 1 0 0 0 1 0 0 0 0 0 0 0 0 0 0 1 0 1 0 0 0 0 0 0 0 0 0 0 0 0 0 0 0 0 0 0 0 0 0 0 0 0 0 0 0 0 0 0 0 0 1 0 0 0 
0 0 0 0 0 0 0 0 0 1 0 0 0 0 0 0 0 0 0 1 0 0 0 0 0 0 0 0 0 0 0 0 0 0 0 0 0 0 0 0 0 0 0 0 0 0 0 0 0 0 0 0 0 0 0 0 0 0 0 0 1 0 0 0 1 0 0 0 0 0 0 0 0 0 0 0 0 0 0 0 0 0 0 0 0 0 0 0 0 0 0 0 0 0 0 0 0 0 0 0 
0 0 0 1 0 0 0 0 1 1 0 0 0 0 1 0 0 0 0 0 0 1 0 0 0 0 0 0 0 0 0 0 0 0 0 0 1 0 0 0 0 0 0 0 0 0 0 0 0 0 0 1 0 0 2 0 0 0 0 0 0 1 1 0 0 0 0 0 0 0 0 0 0 0 1 0 0 0 0 1 0 0 0 0 0 0 2 0 0 0 0 0 0 0 0 0 0 1 0 0 
0 0 0 0 0 0 0 1 0 1 0 0 0 0 0 0 0 1 0 0 0 0 0 0 0 0 0 0 0 0 0 0 0 0 0 0 1 0 0 0 0 0 0 0 0 0 0 0 0 0 1 0 0 0 0 0 0 0 0 0 0 0 0 0 0 0 0 0 0 0 0 0 0 0 0 0 1 0 0 0 0 0 0 0 0 0 0 0 0 0 0 0 0 0 0 1 0 0 0 0 
0 0 0 0 0 0 0 0 0 0 0 0 0 0 0 0 0 1 0 0 0 0 0 0 0 0 0 0 0 0 0 0 0 0 0 0 0 0 0 0 0 0 0 0 0 0 0 0 0 0 0 0 0 0 0 0 0 1 0 0 0 0 0 0 0 0 0 0 0 0 1 0 0 0 0 0 0 0 1 0 0 0 0 0 1 0 0 0 0 0 0 0 0 1 0 0 0 0 0 0 
0 0 0 0 0 0 0 0 0 0 0 0 0 0 0 0 0 0 0 0 0 0 0 0 0 0 0 0 0 2 0 0 0 0 0 0 0 0 0 0 0 0 0 0 0 0 0 0 0 0 0 0 0 0 0 0 0 0 0 0 0 0 0 0 0 0 1 0 0 0 0 1 0 0 0 0 0 0 0 0 0 0 0 0 0 0 0 0 0 0 0 0 0 0 0 0 0 0 0 0 
0 0 0 0 0 1 0 0 0 0 0 0 0 0 0 0 0 0 0 0 0 1 1 0 0 0 0 0 0 0 0 0 0 0 0 0 0 0 0 0 0 0 0 0 0 0 0 0 0 0 0 0 0 0 0 0 0 0 0 0 0 0 0 0 0 0 0 0 0 0 0 0 0 1 0 0 0 0 0 0 0 0 0 0 0 0 0 0 0 0 0 0 0 0 0 0 0 0 0 0 
0 0 0 0 0 1 0 0 0 0 0 0 0 0 0 0 0 0 0 0 0 0 0 0 0 0 0 0 0 1 0 0 0 0 0 0 0 0 1 0 0 0 0 1 0 0 0 0 0 0 0 0 0 0 0 0 0 0 0 0 0 0 0 0 0 0 1 0 1 0 0 0 0 1 0 0 0 0 0 0 0 0 0 0 0 0 0 1 0 0 0 0 0 0 0 0 0 0 0 0 
0 0 0 0 0 0 0 0 0 0 0 0 0 0 0 0 1 1 0 0 0 0 0 0 0 0 1 0 0 0 0 0 0 0 0 0 0 0 0 0 0 0 0 0 0 0 0 0 0 0 0 0 0 0 0 0 1 0 0 0 0 0 0 0 0 0 0 0 1 0 0 0 0 0 0 0 0 0 0 1 0 0 0 1 0 0 0 0 0 0 0 0 0 0 0 0 0 0 0 0 
0 0 0 0 0 0 0 0 0 1 0 1 0 0 0 0 0 0 0 0 0 0 0 0 0 0 0 0 0 1 0 0 0 0 0 0 0 0 0 0 0 1 0 0 0 0 0 0 1 0 0 0 0 0 0 0 0 0 0 0 0 0 1 0 0 0 0 0 0 0 1 0 0 0 0 0 0 0 0 0 0 0 0 0 0 1 0 0 0 0 0 0 0 0 0 0 0 0 0 0 
0 0 1 0 1 0 0 1 1 0 0 1 0 0 0 0 0 0 0 0 0 0 0 0 1 1 0 0 0 0 0 0 1 0 0 0 0 0 0 0 0 0 0 0 0 0 0 0 0 0 1 0 0 0 1 0 0 0 0 0 0 1 0 0 0 0 1 0 0 0 0 0 0 1 0 0 0 0 0 0 0 0 0 0 0 0 0 1 0 0 0 1 0 0 0 0 0 0 0 0 
0 0 0 1 0 0 0 0 0 0 0 0 0 0 0 0 0 0 0 0 0 0 0 0 0 0 0 0 0 0 0 0 0 0 0 0 0 0 1 0 0 0 0 2 0 0 0 0 0 0 0 0 0 0 0 0 0 0 1 0 0 0 0 0 0 0 0 1 1 0 0 0 0 0 0 0 0 0 0 1 0 0 1 1 0 0 0 0 0 0 0 0 0 0 0 0 0 0 0 0 
1 0 0 0 0 1 0 0 0 0 0 0 0 1 0 0 0 0 1 0 0 0 0 0 0 0 0 0 0 0 0 0 0 0 0 0 0 0 0 0 0 0 1 0 0 0 0 0 0 0 0 0 0 0 0 0 0 0 0 1 0 0 0 0 0 0 0 0 0 0 1 0 0 0 0 0 0 0 0 0 0 0 0 1 0 0 1 0 0 1 0 0 0 0 0 1 0 0 0 0 
0 0 0 0 0 0 0 1 0 0 0 0 0 0 1 1 0 0 0 0 0 0 0 0 0 0 1 0 1 0 0 0 0 0 0 0 0 0 0 0 0 0 0 0 0 0 0 0 0 0 0 0 0 0 0 0 0 0 0 0 0 0 0 0 0 0 0 0 0 0 0 0 0 0 0 0 0 0 0 0 0 0 0 0 0 0 0 0 0 0 1 0 0 0 0 0 0 0 0 0 
0 0 0 0 1 0 0 0 1 0 0 0 0 0 0 0 0 0 0 0 0 0 0 0 0 0 1 0 0 0 0 0 0 0 0 0 0 0 0 0 0 1 0 0 1 0 0 0 0 0 0 1 1 0 0 0 0 0 0 0 0 0 0 0 0 0 0 1 0 1 0 0 1 0 0 0 0 0 0 0 1 0 1 0 0 0 0 0 0 0 0 1 0 0 0 1 1 0 0 0 
0 0 0 0 0 0 0 2 0 0 0 0 0 0 0 0 0 0 0 0 0 0 0 0 0 0 0 0 0 0 0 0 0 0 0 0 0 1 0 0 0 0 0 0 0 0 0 0 0 0 0 0 0 0 0 0 0 0 0 0 0 0 0 0 0 0 0 0 0 0 0 0 0 0 0 0 0 0 0 0 0 0 0 0 1 0 0 0 0 0 0 0 0 0 0 0 0 1 0 0 
0 0 0 0 0 0 0 1 0 0 0 0 0 0 0 0 0 0 1 0 2 0 0 1 0 1 0 0 0 0 0 0 0 0 0 0 0 0 0 0 0 0 0 0 0 0 0 0 0 0 0 0 1 0 0 0 0 0 0 0 0 0 0 0 1 1 0 0 0 0 0 0 0 0 0 0 0 0 0 0 0 0 0 0 0 0 1 0 0 0 0 0 0 0 0 0 0 1 0 1 
0 0 0 0 0 0 1 0 0 0 0 1 0 0 1 0 0 1 0 0 0 0 0 0 0 1 0 0 0 0 0 0 0 1 0 0 0 0 0 0 0 0 0 0 0 0 0 0 0 0 0 0 0 0 0 0 1 0 0 0 0 1 0 0 0 0 0 0 0 0 0 0 0 0 0 0 0 0 0 0 1 0 0 2 0 0 0 0 0 0 0 0 0 0 0 0 0 0 0 0 
0 0 0 0 0 1 0 0 0 0 0 0 0 1 0 0 0 0 0 0 0 0 0 0 0 0 0 0 1 0 0 0 0 0 1 0 0 0 1 0 0 0 0 0 0 0 1 0 0 0 0 0 1 0 0 0 0 0 1 2 0 0 0 3 0 0 0 0 0 0 0 0 0 0 0 0 0 0 0 0 0 0 0 0 0 0 0 0 0 0 0 0 0 0 0 0 0 0 0 0 
0 0 0 0 0 0 0 0 0 0 0 0 0 0 0 0 0 0 0 0 0 0 0 0 0 0 0 0 0 0 0 0 0 0 0 0 0 0 1 0 0 0 0 0 1 1 0 0 1 0 0 0 0 0 0 0 0 0 0 0 0 0 0 0 1 0 1 0 2 0 0 0 0 0 0 0 0 0 0 0 0 0 0 0 0 0 0 0 0 0 0 0 0 0 0 0 0 0 0 0 
0 0 0 0 0 0 0 0 0 0 0 0 0 0 1 0 0 1 1 0 0 0 0 0 0 0 1 1 0 0 0 0 0 1 0 0 0 1 0 0 0 0 0 0 0 0 0 0 0 0 0 0 0 2 0 0 0 0 0 0 0 0 0 0 0 0 0 0 0 0 0 0 0 0 0 0 0 0 0 0 0 0 0 0 0 0 0 0 0 0 0 0 0 0 0 0 0 0 0 0 
0 0 0 0 0 0 0 0 0 0 0 0 0 0 0 0 0 0 1 0 0 0 0 0 0 0 0 0 0 0 0 0 0 0 0 0 0 1 0 1 0 0 0 0 0 0 0 0 0 1 0 0 0 0 0 0 0 0 0 0 0 0 0 0 0 0 0 0 0 0 0 0 0 0 0 0 0 0 0 0 0 0 0 0 0 0 0 0 1 0 0 0 0 0 0 0 0 0 0 0 
0 0 0 0 0 0 0 0 0 0 0 0 0 0 1 0 0 0 0 0 0 1 0 0 0 0 0 0 0 0 0 0 0 0 0 0 0 0 0 0 0 0 0 0 0 0 0 0 0 0 0 0 0 0 0 0 0 0 0 0 0 0 0 0 0 0 0 0 0 0 0 0 0 0 0 1 0 0 0 0 0 0 1 0 0 0 0 0 0 0 0 0 0 0 0 0 0 0 0 0 
0 0 0 0 0 0 0 0 0 0 0 0 0 0 0 0 0 0 0 0 0 0 0 0 0 0 0 0 0 0 0 0 0 0 1 0 0 0 1 0 0 0 0 0 0 1 0 0 0 0 0 0 1 0 0 0 0 0 0 1 0 0 0 0 0 0 0 0 0 0 0 0 1 0 0 0 0 0 0 0 0 0 0 0 0 0 0 0 0 0 0 0 0 0 0 0 0 0 0 0 
0 0 0 0 0 1 0 1 1 0 0 0 0 0 0 0 0 0 0 0 0 1 1 0 0 0 0 0 0 0 0 0 0 1 0 0 0 0 0 0 0 0 0 0 0 0 0 0 0 0 0 0 0 1 0 0 0 1 0 0 0 0 0 0 0 0 0 0 0 0 0 0 0 0 1 0 1 0 0 0 0 0 0 0 0 0 0 0 0 0 0 0 0 0 0 0 0 0 0 0 
0 0 0 0 0 0 0 0 0 0 0 0 0 0 0 0 0 0 1 1 0 0 0 0 0 0 0 0 0 0 0 0 0 0 0 0 0 0 0 0 0 0 0 1 0 0 0 0 0 0 0 0 0 0 0 1 0 0 0 0 0 0 0 0 0 0 0 0 0 0 0 0 0 1 0 0 0 0 0 0 0 0 0 0 0 0 0 1 0 0 0 0 0 0 0 0 0 0 0 0 
0 0 0 0 1 0 0 0 0 0 1 0 0 0 0 1 0 0 1 0 1 0 0 0 0 0 0 0 0 1 0 0 1 0 0 0 0 0 0 0 0 0 0 1 0 0 0 0 0 0 0 0 0 0 0 0 0 0 0 0 0 0 0 1 0 0 0 0 0 0 1 1 0 0 0 0 0 0 0 0 1 0 0 0 0 0 0 0 0 0 0 0 0 0 0 0 0 0 0 0 
0 0 0 0 0 0 0 1 0 0 0 0 0 0 0 0 0 0 1 0 1 0 0 0 0 0 0 0 0 1 0 0 0 0 0 0 0 0 0 0 0 0 0 0 0 0 0 1 0 0 0 1 0 0 0 0 0 0 0 0 0 1 0 0 0 0 0 0 0 0 0 0 0 0 1 0 0 0 0 0 0 0 0 0 1 0 0 1 0 0 0 0 0 0 1 0 0 0 0 0 
1 0 0 0 0 0 0 0 0 0 0 0 0 0 0 1 0 0 0 0 0 2 0 0 0 0 0 0 0 0 0 0 0 0 0 0 0 1 1 0 0 0 0 0 0 0 0 0 0 0 0 0 0 0 0 0 0 1 0 0 1 0 1 1 0 0 0 0 0 0 0 0 0 0 0 0 0 0 0 0 0 0 0 0 0 0 0 0 1 0 0 1 0 0 0 0 0 0 0 0 
0 0 0 0 0 0 1 0 0 0 0 0 0 0 0 0 0 0 0 0 0 0 0 0 0 0 0 0 0 0 0 0 0 1 0 0 0 0 0 0 0 0 0 0 0 0 0 0 0 0 0 0 0 0 0 0 1 0 0 0 0 0 0 0 0 0 0 0 0 0 0 0 0 0 0 0 1 0 0 1 0 0 0 0 0 1 0 0 0 0 0 0 0 0 0 0 0 0 0 0 
1 0 0 0 0 0 0 0 0 0 0 0 0 0 0 0 0 0 0 0 0 0 0 0 0 0 0 0 0 0 0 0 0 0 0 0 0 0 0 0 0 0 0 0 0 0 0 0 0 0 0 0 0 0 0 0 0 0 0 0 0 0 0 0 0 0 0 0 0 0 0 0 0 1 0 0 0 2 0 0 0 0 0 0 0 0 0 0 0 0 0 1 0 0 0 0 0 0 1 0 
0 0 0 0 0 0 0 0 0 0 0 0 0 0 0 0 0 0 0 0 0 0 0 0 0 1 0 0 0 0 0 1 0 0 0 0 0 0 0 0 0 0 1 0 0 0 0 0 0 0 0 0 0 0 0 0 0 0 1 0 0 0 0 0 0 0 0 0 0 0 0 1 0 0 0 0 0 0 0 1 0 0 1 0 0 0 0 0 1 0 0 0 0 0 0 1 0 0 0 0 
2 0 0 0 0 0 0 0 0 0 1 0 0 0 0 0 0 0 0 0 0 0 0 0 0 0 0 0 0 0 0 0 0 0 0 0 0 1 0 0 0 0 0 0 0 0 0 0 0 0 0 0 0 0 0 0 0 0 0 0 0 0 0 0 0 0 0 0 1 0 0 0 0 0 0 0 0 0 0 0 0 1 0 0 0 1 0 0 0 0 0 0 0 0 0 0 0 1 0 0 
0 0 0 0 0 0 0 0 0 0 0 0 0 0 0 0 0 0 0 0 0 1 0 0 0 1 0 0 0 0 0 0 0 0 0 0 1 0 0 0 0 0 0 0 0 0 0 0 0 0 0 0 0 0 0 0 0 0 0 0 0 0 0 0 0 0 0 0 0 0 1 0 0 0 0 0 0 0 0 0 0 0 0 1 0 0 1 0 0 0 0 0 0 0 0 0 0 0 0 0 
0 0 0 0 0 0 0 0 0 0 0 1 1 0 0 0 1 1 0 0 0 1 0 0 0 0 0 0 0 0 0 0 0 0 0 0 0 0 0 0 0 0 0 0 0 0 0 0 0 0 0 0 1 0 0 0 0 0 0 0 0 0 0 0 0 0 0 1 0 0 0 0 0 0 0 0 0 0 0 0 0 0 0 0 0 0 0 0 0 0 0 0 0 0 0 0 0 0 0 0 
0 0 0 0 0 0 0 0 1 0 0 0 0 0 0 0 0 0 0 0 0 0 0 0 1 0 1 0 0 0 0 0 0 0 0 0 0 0 0 0 1 0 0 0 0 0 0 0 0 0 0 0 0 0 0 0 1 0 0 0 0 0 0 0 0 0 0 0 0 0 0 0 0 1 0 0 0 0 0 0 0 0 0 0 0 0 0 0 0 0 0 0 0 0 0 0 1 0 0 0 
0 0 0 0 0 0 0 0 1 0 1 0 0 0 1 0 0 1 0 0 0 0 0 0 0 0 0 0 0 0 0 0 0 0 0 0 0 0 0 0 0 0 0 0 0 0 0 0 0 0 0 0 0 0 0 0 0 0 0 0 0 0 0 0 0 0 0 0 0 1 1 0 0 0 0 0 0 0 0 0 0 0 0 0 0 1 0 0 0 0 0 0 0 0 0 0 0 0 0 0 
0 0 0 0 0 0 0 0 0 0 0 0 0 0 0 0 0 0 0 0 0 0 0 0 0 0 1 0 0 0 0 0 0 0 0 0 0 0 0 0 1 0 0 0 1 0 0 0 0 0 1 0 0 0 0 0 0 0 1 1 0 0 0 1 0 0 0 0 0 0 0 0 0 0 0 0 0 0 0 0 0 0 0 0 0 0 1 0 0 0 0 0 2 0 0 0 0 0 0 0 
0 0 0 0 0 0 0 0 0 0 0 0 0 0 0 0 0 0 0 0 0 0 1 0 0 0 1 0 0 0 0 0 0 0 0 0 0 0 0 0 0 0 0 0 0 0 0 0 0 0 0 0 1 0 0 0 1 0 0 0 0 0 0 0 0 0 0 0 0 0 0 0 0 1 0 0 0 0 0 0 0 0 0 0 1 0 0 1 0 0 0 0 0 0 0 0 0 0 0 0 
0 0 0 0 0 0 0 0 0 0 1 0 1 0 0 0 0 0 0 0 0 0 0 0 0 0 0 0 0 0 0 0 0 0 0 0 0 0 0 0 0 1 0 0 0 0 0 0 0 0 0 0 0 1 0 0 0 0 0 1 2 0 0 0 0 0 0 0 1 0 0 0 0 0 0 0 0 1 0 0 0 0 0 0 0 0 1 0 0 0 0 0 0 0 0 1 0 0 0 0 
0 0 0 0 0 0 0 0 0 0 0 0 0 0 0 0 0 0 1 0 0 0 0 1 0 0 1 0 0 0 0 0 0 0 0 0 0 0 0 0 0 0 0 0 0 0 0 0 1 0 0 0 0 0 0 0 0 0 0 0 0 0 0 0 0 0 0 0 0 0 0 0 1 0 0 0 0 0 0 0 0 0 0 0 0 0 0 0 0 0 0 0 0 0 0 0 0 0 0 0 
0 0 0 0 0 0 0 0 0 0 0 0 0 1 0 0 0 0 0 0 0 0 0 0 0 0 0 0 0 0 0 0 0 0 0 0 0 0 0 0 0 0 0 0 0 0 0 0 0 0 1 0 0 0 0 0 1 0 1 0 0 0 0 0 0 0 0 1 0 0 0 0 0 0 0 0 0 0 0 0 0 0 0 0 0 0 0 1 0 0 0 0 0 0 0 0 0 0 0 0 
0 0 0 0 0 0 0 0 0 0 0 0 0 0 0 0 1 0 1 0 0 0 0 0 0 0 0 0 0 0 1 0 0 0 0 0 0 0 0 0 0 0 0 0 0 0 1 0 0 0 0 0 1 0 0 0 0 0 0 0 0 0 0 0 0 0 0 0 0 0 0 0 0 0 0 0 0 0 1 0 0 0 0 0 0 0 0 0 0 0 0 0 0 0 0 0 0 0 0 0 
0 0 0 1 0 0 0 0 1 0 0 0 0 0 0 0 0 0 1 0 0 0 0 0 0 0 0 0 0 0 0 0 0 0 0 0 0 0 0 0 0 0 0 0 0 0 0 0 1 0 0 0 0 0 0 0 2 0 0 0 0 0 0 0 0 0 0 0 0 0 0 0 0 0 0 0 0 0 0 0 0 0 0 0 1 0 0 0 0 0 0 0 0 0 0 0 0 0 0 1 
0 0 0 0 0 1 0 0 0 0 0 0 0 0 0 0 0 0 0 0 0 0 0 0 1 0 1 0 0 0 0 0 0 0 0 0 0 0 0 0 0 1 0 0 0 0 0 0 0 0 0 0 0 0 0 0 0 0 0 0 0 0 1 0 0 0 0 0 0 0 0 0 0 0 0 0 0 0 0 0 0 0 0 2 0 0 0 0 0 0 0 0 0 0 0 0 0 0 0 2 
0 0 0 0 0 0 0 0 0 0 0 0 0 0 0 0 1 0 0 0 0 0 0 0 0 1 0 0 0 0 0 1 0 0 0 0 0 0 0 0 0 0 0 0 0 0 0 0 0 0 0 0 0 0 0 0 0 0 0 0 0 0 0 0 0 0 0 0 0 0 0 0 0 0 0 0 0 0 0 1 0 0 0 1 0 0 0 0 0 0 0 0 0 0 0 0 0 0 0 0 
0 0 0 0 0 0 0 0 0 0 0 0 0 0 0 0 0 0 0 0 0 0 0 0 0 0 0 0 0 0 0 1 0 0 0 0 0 0 0 0 0 0 0 0 0 0 0 0 0 0 0 0 0 1 0 0 0 0 0 0 0 0 0 0 0 0 0 0 0 0 0 0 0 0 0 0 0 0 0 0 0 0 0 0 1 0 0 0 0 0 0 0 0 0 1 0 0 0 0 0 
0 1 0 0 0 0 0 0 0 1 0 0 0 0 0 0 0 0 0 0 0 1 0 0 0 0 0 0 0 0 0 0 0 0 0 0 1 0 0 0 0 0 0 0 0 0 0 0 0 0 0 0 0 0 0 0 1 0 0 0 0 0 0 0 0 1 0 0 0 0 0 0 0 0 0 0 0 1 0 0 0 0 0 0 0 1 0 0 0 0 0 0 0 0 0 0 0 1 0 0 
0 0 0 0 0 0 0 0 1 0 0 0 0 0 0 0 0 1 0 0 0 0 0 0 0 0 0 0 0 0 0 0 0 0 0 0 0 0 0 0 0 0 0 0 0 0 0 0 0 0 0 0 0 0 0 0 0 0 0 0 0 0 0 0 0 0 0 0 0 2 0 1 0 0 0 0 0 0 0 0 0 0 0 0 0 0 0 0 0 0 0 0 0 0 0 0 0 0 1 0 
0 0 0 1 0 0 0 0 0 1 1 0 0 0 0 0 0 0 0 0 0 0 0 0 1 0 1 0 0 0 0 0 0 0 0 0 0 0 0 0 0 0 0 0 0 0 0 0 0 0 0 0 0 0 0 0 0 0 1 0 0 0 0 1 1 0 0 0 0 0 0 1 0 0 0 0 0 1 0 0 0 0 0 0 0 0 0 0 0 1 0 0 0 0 0 0 0 0 0 0 
0 0 0 0 1 0 0 0 1 0 0 0 0 0 0 0 0 0 0 0 0 0 0 0 0 0 0 0 0 0 0 0 0 0 0 0 0 0 1 0 0 0 0 0 1 0 0 0 0 0 0 1 0 0 0 0 0 0 0 0 0 1 0 0 0 0 0 0 0 0 0 0 0 0 0 1 1 0 1 0 0 0 0 1 0 0 0 1 0 0 0 0 0 0 0 0 0 0 0 0 
0 0 0 0 0 0 0 0 0 0 0 0 0 0 0 0 0 0 0 0 0 0 0 0 0 0 1 0 0 0 0 1 0 0 0 0 0 0 0 0 0 0 0 1 0 0 0 0 0 0 0 0 0 0 0 0 0 0 0 0 0 0 0 0 0 0 0 0 0 0 0 0 0 0 0 0 0 0 0 0 0 0 0 0 0 0 0 0 0 1 0 0 1 0 0 0 0 0 0 0 
0 0 0 0 0 0 0 0 0 0 0 0 0 0 0 0 0 0 0 0 0 0 0 0 0 0 0 0 0 0 0 0 0 0 0 0 0 0 0 0 0 0 0 0 0 0 0 1 0 0 0 0 1 0 0 0 0 0 0 0 0 0 0 0 1 0 0 0 0 0 0 0 0 0 0 0 1 0 0 0 0 0 1 0 1 0 0 0 0 0 0 0 0 0 1 0 0 0 0 0 
0 0 0 0 0 0 0 0 0 0 0 0 0 0 0 0 0 0 0 0 0 0 0 0 0 1 0 0 0 0 0 0 0 0 0 1 1 0 0 0 0 0 0 0 0 0 0 0 0 0 0 0 1 0 0 0 0 1 0 0 0 1 0 0 0 0 0 0 0 0 0 0 0 0 0 0 0 0 0 0 0 0 2 0 0 0 0 0 0 0 0 0 0 0 0 0 0 0 1 0 
1 0 0 0 0 0 0 0 0 0 0 0 0 0 0 0 0 0 0 1 0 0 0 0 0 0 1 0 0 0 0 0 0 0 0 0 0 0 0 0 0 1 0 0 0 0 0 0 0 0 0 0 0 1 0 0 0 0 0 0 0 0 0 0 0 0 0 0 0 0 0 0 0 0 0 0 0 0 0 0 0 0 0 0 1 0 0 1 0 0 0 0 0 1 0 0 0 0 1 0 
0 0 0 0 0 0 0 0 0 0 0 0 0 0 0 0 1 0 0 0 0 0 0 0 0 0 0 0 0 0 0 0 0 0 0 0 0 1 0 0 0 0 0 0 0 0 0 0 0 0 0 0 0 0 0 0 0 0 0 0 0 0 0 0 0 0 0 0 0 0 0 0 0 0 1 0 0 1 1 0 0 0 0 1 0 2 0 0 0 0 0 0 0 0 1 0 0 0 0 0 
0 0 1 1 0 0 0 0 0 0 0 0 0 0 0 0 0 0 0 1 0 0 0 0 0 0 0 0 0 0 0 0 0 0 0 0 0 0 0 0 0 0 0 2 0 0 0 0 0 0 0 0 0 0 0 0 1 0 0 0 0 0 0 0 1 1 0 1 0 0 0 0 0 0 0 1 1 0 0 0 0 0 0 0 0 0 0 0 0 0 0 0 0 0 0 0 0 0 0 1 
0 0 0 0 0 0 0 0 0 0 0 0 0 0 0 0 0 1 0 0 0 1 0 0 0 0 0 0 0 0 0 0 0 0 0 0 0 0 1 0 0 0 0 0 0 0 0 0 0 0 0 0 0 0 0 1 0 0 1 0 0 0 0 0 0 0 0 0 0 0 0 0 0 0 0 0 0 0 0 1 1 0 0 0 1 0 1 0 0 0 1 0 0 0 0 1 0 0 0 0 
0 0 0 0 0 0 0 0 0 0 0 0 0 0 0 0 0 0 0 0 0 0 0 0 1 0 0 0 0 0 0 0 0 0 0 0 0 0 1 0 0 0 0 0 0 0 0 0 0 0 0 0 0 0 0 0 0 0 0 0 1 0 0 0 0 0 1 0 0 1 0 0 0 0 0 0 0 0 0 0 0 0 0 0 0 0 1 0 0 0 0 0 0 0 0 0 0 0 0 0 
0 0 0 0 0 1 0 0 0 1 0 0 0 0 0 0 1 1 1 0 0 0 0 0 0 0 0 0 0 0 0 0 0 0 0 0 0 0 0 1 0 0 1 0 0 0 0 0 0 0 0 0 0 0 0 0 0 0 0 0 0 0 0 0 0 0 0 0 0 0 0 0 0 0 0 0 0 1 0 0 0 0 0 0 0 0 0 0 0 0 0 0 0 0 0 0 1 1 0 0 
0 0 0 0 0 0 0 0 0 0 0 0 0 0 0 0 0 0 0 0 1 0 0 0 0 0 0 0 0 0 0 0 0 0 0 0 0 0 0 0 0 0 0 0 0 0 0 0 0 0 0 0 0 0 0 0 1 0 0 0 0 0 0 0 0 0 0 0 0 0 0 0 0 0 0 0 0 0 0 1 0 0 0 0 0 0 0 0 0 0 0 0 0 0 0 0 0 0 0 0 
0 0 0 0 0 0 0 0 0 0 0 0 0 1 0 0 0 0 0 0 0 0 0 0 0 0 0 0 0 0 0 0 0 0 0 0 0 0 0 0 0 0 0 0 0 0 0 0 0 0 0 0 0 0 0 1 0 0 0 0 0 0 0 0 0 0 0 0 0 0 0 0 0 0 0 0 0 0 0 0 0 0 0 0 2 1 0 0 0 0 0 0 0 0 0 0 1 0 0 0 
0 0 0 0 0 0 0 0 0 0 0 0 0 0 0 0 0 0 0 0 0 1 0 0 0 1 1 0 0 0 0 0 0 0 0 0 0 0 0 0 0 0 1 0 0 0 1 0 0 0 0 0 0 0 0 0 0 0 1 0 0 0 0 0 0 0 0 0 0 0 0 0 0 0 0 0 0 1 0 0 0 0 0 0 0 0 0 0 0 0 0 0 0 0 0 0 0 0 0 1 
0 0 0 1 0 0 0 0 0 0 0 0 0 1 0 1 0 0 0 0 0 0 0 0 1 0 0 0 1 1 0 0 0 0 0 0 0 0 0 0 0 0 0 0 0 0 0 0 0 0 0 0 0 0 0 0 0 0 0 0 0 0 0 0 0 0 0 0 0 0 0 0 0 0 0 0 0 0 0 0 0 0 0 0 1 1 0 1 0 0 0 0 0 0 0 0 0 0 0 0 
0 0 0 0 0 0 0 0 1 0 0 0 0 0 0 0 0 0 0 0 0 0 0 0 0 0 0 0 1 0 0 0 0 0 0 0 1 0 0 1 0 1 0 1 2 1 0 0 0 0 0 0 0 0 0 0 0 0 0 0 0 0 1 0 1 0 0 0 0 0 0 0 0 0 0 0 0 0 1 1 1 0 0 0 0 0 0 1 0 0 0 0 0 0 0 0 0 0 0 0 
1 0 0 0 0 0 0 0 0 0 0 0 0 1 0 0 0 0 1 0 0 0 0 0 0 0 0 0 0 0 0 0 0 0 0 0 1 0 0 0 1 0 0 0 0 0 0 0 0 0 0 0 0 0 0 0 0 0 0 0 0 0 0 0 0 1 0 0 0 0 0 0 0 0 0 0 0 0 0 0 0 0 0 1 0 0 2 0 0 0 0 0 0 0 0 1 0 0 0 0 
0 1 0 0 0 1 0 0 0 0 0 2 0 0 0 0 0 0 0 0 0 0 0 0 0 0 0 0 0 0 0 0 0 0 0 0 0 0 0 0 0 0 1 0 0 0 0 2 0 0 0 0 0 0 0 1 0 0 0 0 0 0 0 0 0 1 0 0 0 0 0 0 0 0 0 0 0 0 0 0 0 0 0 0 0 0 0 0 0 0 0 0 0 1 0 0 0 0 0 0 
0 0 0 0 0 0 0 1 0 0 0 0 0 1 0 0 0 0 0 0 0 0 1 0 0 0 0 0 1 0 0 0 1 0 0 1 0 0 0 0 0 0 0 0 0 1 0 1 0 0 0 0 0 0 0 0 0 0 0 0 0 0 0 0 0 0 0 0 0 1 0 1 0 0 1 0 0 0 0 0 1 0 0 0 0 0 0 0 2 0 0 0 0 1 0 0 0 0 0 0 
1 0 0 0 0 0 0 0 0 0 0 0 0 0 0 0 0 0 1 0 0 0 0 1 1 0 0 0 0 0 0 0 0 0 0 0 0 0 0 0 0 0 0 0 0 0 0 0 0 0 0 0 0 0 0 0 0 0 0 0 0 0 0 0 0 0 0 0 0 0 0 0 0 0 0 0 0 0 0 0 1 0 0 0 0 1 0 0 0 0 0 0 0 0 0 0 1 0 0 0 
0 0 0 0 0 0 0 0 0 0 0 0 0 0 0 0 0 0 0 0 0 0 0 0 0 0 0 0 0 1 0 0 0 0 0 0 0 0 0 1 0 0 0 1 0 0 0 0 1 0 0 0 0 0 0 0 0 0 0 0 0 0 0 0 0 0 0 0 0 0 0 0 0 0 0 0 0 1 0 0 1 0 0 0 0 0 0 0 0 2 1 0 0 0 0 0 0 0 0 0 
0 1 0 0 0 0 0 0 0 0 0 0 0 0 0 1 0 0 0 0 0 1 0 0 0 0 0 0 0 0 0 0 0 0 0 0 0 1 0 0 1 0 0 0 0 0 0 0 0 0 0 0 0 0 0 0 0 0 0 2 0 1 0 0 0 0 0 0 0 0 0 0 0 0 0 1 0 0 0 0 0 0 0 0 1 0 0 0 0 0 0 0 0 0 0 0 0 0 0 0 
0 0 0 1 1 0 0 0 0 0 1 0 0 0 0 0 0 0 0 0 0 0 0 1 0 0 0 0 1 0 0 0 0 0 0 0 0 0 0 0 0 0 0 0 0 0 0 0 0 0 0 0 0 0 0 0 1 0 0 1 0 0 0 0 0 0 0 0 0 0 1 0 0 0 0 0 0 0 0 0 0 0 0 0 0 0 0 0 0 0 0 0 0 0 0 1 1 0 0 0 
0 0 0 0 0 0 0 0 0 0 0 0 0 0 0 0 0 0 0 0 0 2 0 0 0 0 0 0 0 0 1 0 0 1 0 0 0 0 0 0 0 0 0 0 0 0 0 0 0 0 0 0 0 0 0 0 0 0 0 0 0 0 0 1 0 0 0 0 0 0 0 0 0 0 0 0 0 0 0 0 0 0 0 0 0 1 0 0 1 0 0 0 0 0 0 0 0 0 0 0 
0 1 0 0 0 0 0 0 0 0 0 0 0 0 0 0 0 0 0 0 0 1 0 0 0 0 0 0 0 1 0 0 0 0 1 0 0 0 0 0 0 0 0 0 0 0 0 0 0 0 0 0 0 0 0 0 0 0 0 0 1 0 0 0 0 0 0 1 0 0 0 0 0 0 1 0 0 0 0 0 0 0 0 0 0 0 0 0 0 0 0 0 0 0 0 0 0 0 1 0 
