26 0.000000 0.000000 -0.000000
 7 1.498273 0.749401 1.046270
 7 1.498273 -0.749401 -1.046270
 6 2.747099 0.432905 0.588856
 6 1.404794 1.549170 2.133628
 6 2.516747 2.046005 2.805119
 6 3.793083 1.719610 2.341888
 6 3.903289 0.905856 1.218714
 6 2.747099 -0.432905 -0.588856
 6 1.404794 -1.549170 -2.133628
 6 2.516747 -2.046005 -2.805119
 6 3.793083 -1.719610 -2.341888
 6 3.903289 -0.905856 -1.218714
 1 0.400494 1.786024 2.476619
 1 2.373578 2.681677 3.678575
 1 4.685008 2.093224 2.845030
 1 4.884322 0.636927 0.831843
 1 0.400494 -1.786024 -2.476619
 1 2.373578 -2.681677 -3.678575
 1 4.685008 -2.093224 -2.845030
 1 4.884322 -0.636927 -0.831843
 7 -0.100136 -1.672243 1.046270
 7 -1.398137 -0.922842 -1.046270
 6 -0.998643 -2.595510 0.588856
 6 0.639223 -1.991172 2.133628
 6 0.513518 -3.202569 2.805119
 6 -0.407316 -4.144711 2.341888
 6 -1.167151 -3.833276 1.218714
 6 -1.748456 -2.162605 -0.588856
 6 -2.044017 -0.442003 -2.133628
 6 -3.030266 -1.156565 -2.805119
 6 -3.385767 -2.425102 -2.341888
 6 -2.736139 -2.927420 -1.218714
 1 1.346495 -1.239850 2.476619
 1 1.135612 -3.396417 3.678575
 1 -0.529719 -5.103948 2.845030
 1 -1.890566 -4.548411 0.831843
 1 -1.746989 0.546174 -2.476619
 1 -3.509189 -0.714740 -3.678575
 1 -4.155289 -3.010724 -2.845030
 1 -2.993756 -3.911484 -0.831843
 7 -1.398137 0.922842 1.046270
 7 -0.100136 1.672243 -1.046270
 6 -1.748456 2.162605 0.588856
 6 -2.044017 0.442003 2.133628
 6 -3.030266 1.156565 2.805119
 6 -3.385767 2.425102 2.341888
 6 -2.736139 2.927420 1.218714
 6 -0.998643 2.595510 -0.588856
 6 0.639223 1.991172 -2.133628
 6 0.513518 3.202569 -2.805119
 6 -0.407316 4.144711 -2.341888
 6 -1.167151 3.833276 -1.218714
 1 -1.746989 -0.546174 2.476619
 1 -3.509189 0.714740 3.678575
 1 -4.155289 3.010724 2.845030
 1 -2.993756 3.911484 0.831843
 1 1.346495 1.239850 -2.476619
 1 1.135612 3.396417 -3.678575
 1 -0.529719 5.103948 -2.845030
 1 -1.890566 4.548411 -0.831843
