# Format: McCode with text headers
# URL: http://www.mccode.org
# Creator: McStas 2.1rc19 - Feb. 18, 2014
# Instrument: ESS_Brilliance_2014.instr
# Ncount: 10000000
# Trace: no
# Gravitation: no
# Seed: 1392828572
# Directory: 2014_bisp_mcnpxlike
# Param: frac=0.5
# Param: power=5
# Param: flat=0
# Param: srcdef=2014
# Param: lambdamax=15
# Date: Wed Feb 19 17:49:37 2014 (1392828577)
# type: array_1d(196)
# Source: ESS_Brilliance_2014 (ESS_Brilliance_2014.instr)
# component: Brillmon
# position: 0 0 1
# title: Peak brilliance
# Ncount: 10000000
# filename: Peak_brill.dat
# statistics: X0=2.802; dX=1.92299;
# signal: Min=1.66145e+12; Max=1.16505e+15; Mean=1.67777e+14;
# values: 3.28843e+16 5.25821e+14 15815
# xvar: Peak
# yvar: (I,I_err)
# xlabel: Wavelength [AA]
# ylabel: Peak Brilliance
# xlimits: 0.2 15
# variables: Peak I I_err N
0.237755 1.16505e+15 7.87636e+13 221 
0.313265 8.33325e+14 5.74451e+13 212 
0.388776 7.00791e+14 4.7239e+13 222 
0.464286 5.92525e+14 3.98656e+13 224 
0.539796 2.10889e+14 2.21889e+13 92 
0.615306 1.89148e+14 2.09395e+13 82 
0.690816 2.19882e+14 2.46512e+13 82 
0.766327 2.97288e+14 3.40604e+13 87 
0.841837 3.81725e+14 4.53744e+13 85 
0.917347 4.36891e+14 5.55554e+13 71 
0.992857 4.59642e+14 5.73043e+13 86 
1.06837 5.20065e+14 6.44882e+13 79 
1.14388 5.06323e+14 6.29347e+13 79 
1.21939 4.90602e+14 6.00214e+13 81 
1.2949 4.49834e+14 5.48853e+13 80 
1.37041 4.21354e+14 5.02614e+13 81 
1.44592 4.1089e+14 4.61077e+13 88 
1.52143 3.88634e+14 4.32112e+13 85 
1.59694 3.75129e+14 4.14368e+13 83 
1.67245 3.74321e+14 4.06326e+13 85 
1.74796 3.73254e+14 4.19287e+13 81 
1.82347 3.807e+14 4.29645e+13 84 
1.89898 3.99948e+14 4.73873e+13 80 
1.97449 4.29541e+14 5.27648e+13 80 
2.05 4.55857e+14 5.79815e+13 81 
2.12551 5.02345e+14 6.65427e+13 74 
2.20102 5.96233e+14 7.64286e+13 93 
2.27653 6.35282e+14 8.70891e+13 75 
2.35204 7.20774e+14 1.00013e+14 76 
2.42755 8.21098e+14 1.14002e+14 77 
2.50306 8.67355e+14 1.24004e+14 74 
2.57857 1.02848e+15 1.37056e+14 89 
2.65408 8.96236e+14 1.26175e+14 78 
2.72959 8.00486e+14 1.15704e+14 82 
2.8051 8.07957e+14 1.13225e+14 76 
2.88061 7.64093e+14 1.05898e+14 92 
2.95612 6.98031e+14 9.9129e+13 73 
3.03163 7.0124e+14 9.60881e+13 87 
3.10714 5.92386e+14 8.56861e+13 77 
3.18265 6.09971e+14 8.46973e+13 68 
3.25816 5.77622e+14 7.98823e+13 76 
3.33367 4.9997e+14 7.15951e+13 81 
3.40918 4.71969e+14 6.76971e+13 80 
3.48469 4.34177e+14 6.31548e+13 74 
3.5602 4.66186e+14 6.3455e+13 76 
3.63571 3.87086e+14 5.59831e+13 87 
3.71122 3.628e+14 5.27571e+13 78 
3.78673 3.62896e+14 5.11533e+13 83 
3.86224 3.49818e+14 4.86877e+13 91 
3.93776 2.92141e+14 4.32865e+13 85 
4.01327 2.81761e+14 4.13732e+13 83 
4.08878 2.82555e+14 4.01953e+13 88 
4.16429 2.64498e+14 3.77975e+13 78 
4.2398 2.39783e+14 3.50994e+13 69 
4.31531 2.36504e+14 3.37547e+13 83 
4.39082 2.14803e+14 3.13534e+13 78 
4.46633 2.41643e+14 3.24211e+13 76 
4.54184 2.0874e+14 2.93479e+13 73 
4.61735 1.85852e+14 2.69463e+13 70 
4.69286 1.8377e+14 2.59781e+13 87 
4.76837 1.52799e+14 2.30573e+13 78 
4.84388 1.5109e+14 2.23263e+13 77 
4.91939 1.46747e+14 2.14367e+13 81 
4.9949 1.32974e+14 1.98691e+13 77 
5.07041 1.38311e+14 1.97192e+13 95 
5.14592 1.27504e+14 1.84901e+13 73 
5.22143 1.26105e+14 1.79175e+13 75 
5.29694 1.20572e+14 1.70753e+13 87 
5.37245 1.19054e+14 1.65577e+13 84 
5.44796 9.77317e+13 1.4621e+13 77 
5.52347 9.72171e+13 1.424e+13 77 
5.59898 9.22659e+13 1.35343e+13 72 
5.67449 9.78577e+13 1.36141e+13 85 
5.75 9.15502e+13 1.28855e+13 77 
5.82551 8.16882e+13 1.18574e+13 74 
5.90102 7.65551e+13 1.12296e+13 74 
5.97653 7.91898e+13 1.11236e+13 87 
6.05204 7.10746e+13 1.03068e+13 79 
6.12755 6.51734e+13 9.66556e+12 74 
6.20306 6.67412e+13 9.56469e+12 87 
6.27857 6.32776e+13 9.09875e+12 73 
6.35408 5.82801e+13 8.5442e+12 79 
6.42959 5.33933e+13 8.00467e+12 76 
6.5051 5.45017e+13 7.92129e+12 72 
6.58061 5.23047e+13 7.59932e+12 74 
6.65612 5.44501e+13 7.58178e+12 88 
6.73163 4.57496e+13 6.79468e+12 71 
6.80714 4.69773e+13 6.75983e+12 72 
6.88265 4.86771e+13 6.73126e+12 76 
6.95816 4.15422e+13 6.0989e+12 76 
7.03367 3.98507e+13 5.84646e+12 80 
7.10918 3.99523e+13 5.74827e+12 74 
7.18469 3.99187e+13 5.62634e+12 78 
7.2602 3.47258e+13 5.15516e+12 76 
7.33571 3.39575e+13 4.9853e+12 78 
7.41122 3.69976e+13 5.11139e+12 84 
7.48673 3.07739e+13 4.57289e+12 72 
7.56224 3.17032e+13 4.55828e+12 80 
7.63776 2.86865e+13 4.25837e+12 78 
7.71327 2.75396e+13 4.09233e+12 73 
7.78878 2.65635e+13 3.94757e+12 73 
7.86429 2.49904e+13 3.75713e+12 70 
7.9398 2.57778e+13 3.74652e+12 79 
8.01531 2.32808e+13 3.49519e+12 78 
8.09082 2.44881e+13 3.52595e+12 74 
8.16633 2.31178e+13 3.36341e+12 74 
8.24184 2.19299e+13 3.22116e+12 80 
8.31735 2.16264e+13 3.14872e+12 70 
8.39286 2.08761e+13 3.03047e+12 88 
8.46837 2.14946e+13 3.03334e+12 76 
8.54388 1.86679e+13 2.77523e+12 74 
8.61939 2.00676e+13 2.82927e+12 83 
8.6949 1.8244e+13 2.65317e+12 79 
8.77041 1.69447e+13 2.52028e+12 72 
8.84592 1.7103e+13 2.48713e+12 80 
8.92143 1.79404e+13 2.50583e+12 82 
8.99694 1.60141e+13 2.32855e+12 81 
9.07245 1.55435e+13 2.26102e+12 79 
9.14796 1.40645e+13 2.1135e+12 78 
9.22347 1.45417e+13 2.11726e+12 73 
9.29898 1.40674e+13 2.04964e+12 68 
9.37449 1.45568e+13 2.05391e+12 81 
9.45 1.32637e+13 1.93289e+12 67 
9.52551 1.33849e+13 1.90882e+12 76 
9.60102 1.21943e+13 1.79473e+12 73 
9.67653 1.23454e+13 1.77646e+12 85 
9.75204 1.1978e+13 1.72418e+12 83 
9.82755 1.08655e+13 1.61676e+12 73 
9.90306 1.12533e+13 1.62147e+12 76 
9.97857 1.07048e+13 1.55973e+12 70 
10.0541 1.03836e+13 1.51187e+12 76 
10.1296 9.85151e+12 1.44989e+12 75 
10.2051 9.9705e+12 1.4371e+12 74 
10.2806 9.89694e+12 1.41228e+12 73 
10.3561 9.61261e+12 1.36955e+12 86 
10.4316 8.56207e+12 1.27526e+12 67 
10.5071 9.04436e+12 1.28947e+12 81 
10.5827 8.6304e+12 1.24384e+12 76 
10.6582 7.83859e+12 1.16716e+12 70 
10.7337 7.78494e+12 1.1464e+12 72 
10.8092 7.41338e+12 1.102e+12 83 
10.8847 7.69036e+12 1.1071e+12 86 
10.9602 7.16572e+12 1.05365e+12 84 
11.0357 7.08139e+12 1.03163e+12 74 
11.1112 6.90497e+12 1.00572e+12 76 
11.1867 6.85347e+12 9.8782e+11 77 
11.2622 6.11532e+12 9.21015e+11 69 
11.3378 5.92451e+12 8.92393e+11 68 
11.4133 6.14951e+12 8.95422e+11 79 
11.4888 6.12908e+12 8.82937e+11 82 
11.5643 5.82196e+12 8.48073e+11 76 
11.6398 5.64894e+12 8.2322e+11 72 
11.7153 5.48874e+12 8.00295e+11 67 
11.7908 5.56275e+12 7.93298e+11 82 
11.8663 5.54348e+12 7.82303e+11 87 
11.9418 5.27867e+12 7.52815e+11 82 
12.0173 4.81911e+12 7.08758e+11 85 
12.0929 4.37861e+12 6.67078e+11 69 
12.1684 4.74555e+12 6.84179e+11 76 
12.2439 4.53016e+12 6.60123e+11 74 
12.3194 4.30772e+12 6.34502e+11 73 
12.3949 4.0142e+12 6.03946e+11 79 
12.4704 4.42683e+12 6.25121e+11 82 
12.5459 3.79939e+12 5.71263e+11 84 
12.6214 3.94504e+12 5.74637e+11 78 
12.6969 3.91108e+12 5.63911e+11 76 
12.7724 3.81048e+12 5.49414e+11 76 
12.848 3.70659e+12 5.34318e+11 78 
12.9235 3.22817e+12 4.92026e+11 66 
12.999 3.28393e+12 4.89176e+11 70 
13.0745 3.26939e+12 4.8143e+11 76 
13.15 3.2503e+12 4.74145e+11 62 
13.2255 3.02967e+12 4.50614e+11 83 
13.301 3.15132e+12 4.53894e+11 86 
13.3765 2.86688e+12 4.27058e+11 70 
13.452 2.78858e+12 4.15389e+11 70 
13.5276 2.60036e+12 3.95303e+11 87 
13.6031 2.70112e+12 3.97796e+11 75 
13.6786 2.57099e+12 3.83063e+11 68 
13.7541 2.55847e+12 3.77067e+11 68 
13.8296 2.43292e+12 3.62682e+11 62 
13.9051 2.42968e+12 3.57502e+11 83 
13.9806 2.20721e+12 3.36198e+11 72 
14.0561 2.39298e+12 3.45043e+11 76 
14.1316 2.19342e+12 3.26286e+11 82 
14.2071 2.17654e+12 3.20649e+11 72 
14.2827 2.06951e+12 3.08178e+11 73 
14.3582 2.32839e+12 3.22542e+11 81 
14.4337 2.13487e+12 3.04666e+11 77 
14.5092 1.82782e+12 2.78336e+11 74 
14.5847 1.77284e+12 2.70214e+11 66 
14.6602 1.73505e+12 2.64038e+11 79 
14.7357 1.87846e+12 2.70577e+11 85 
14.8112 1.71483e+12 2.55464e+11 69 
14.8867 1.77693e+12 2.56354e+11 70 
14.9622 1.66145e+12 2.44648e+11 76 
