# Format: McCode with text headers
# URL: http://www.mccode.org
# Creator: McStas 3.0-dev - Oct. 05, 2021
# Instrument: PSI_DMC.instr
# Ncount: 2500000
# Trace: no
# Gravitation: no
# Seed: 1000
# Directory: 1e7
# Nodes: 8
# Param: lambda=2.566
# Param: R=0.87
# Param: R_curve=0.87
# Param: filename=Na2Ca3Al2F14.laz
# Param: D_PHI=6
# Param: SHIFT=0
# Param: PACK=0.7
# Param: Dw=0.8
# Param: BARNS=1
# Date: Tue Oct  5 15:36:21 2021 (1633440981)
# type: array_1d(400)
# Source: PSI_DMC (PSI_DMC.instr)
# component: Detector
# position: 1.99342 0 51.0725
# title: Longitude [deg] monitor
# Ncount: 20000000
# filename: detector.dat
# statistics: X0=71.2469; dX=18.1987;
# signal: Min=0; Max=35.747; Mean=2.06266;
# values: 825.062 3.17926 327257
# xvar: th
# yvar: (I,I_err)
# xlabel: Longitude [deg]
# ylabel: Intensity [n/s/bin]
# xlimits: 19.9 99.9
# variables: th I I_err N
20 0.3314870164 0.04642504881 1435 
20.2 1.894471735 0.09203743828 3097 
20.4 2.188807973 0.06295990885 3896 
20.6 0.6401202355 0.03477241122 2196 
20.8 0.1379826242 0.04320491772 546 
21 0.1067104013 0.04419368437 28 
21.2 0.1169377023 0.03653760478 13 
21.4 0.07477885584 0.03861893758 9 
21.6 0.1051813503 0.04576027296 28 
21.8 0.08407968873 0.03843874904 22 
22 0.1026727219 0.03436154915 26 
22.2 0.2289543875 0.05731586034 33 
22.4 0.2619935798 0.06329792656 28 
22.6 0.1069393976 0.02771494296 19 
22.8 0.4450370499 0.08312961061 47 
23 0.02448071124 0.01442224336 5 
23.2 0.1393194354 0.04447850116 13 
23.4 0.4050669458 0.07766859633 53 
23.6 0.3210615477 0.06396523063 43 
23.8 0.2761233566 0.06346748442 36 
24 0.1338725442 0.04375284879 29 
24.2 0.3267758119 0.07995058157 40 
24.4 0.05362205344 0.03213644342 12 
24.6 0.07379859155 0.03777385639 17 
24.8 8.648469505e-21 8.648469505e-21 1 
25 0.001681575016 0.0007275502964 6 
25.2 0.1838518747 0.05355144453 26 
25.4 0.004989518596 0.003399031631 14 
25.6 0.3573481719 0.07853600767 27 
25.8 0.1760790448 0.05249133611 20 
26 0.1555648177 0.05537782 34 
26.2 1.045164659e-05 1.128715652e-05 6 
26.4 0.2024335102 0.05673620236 27 
26.6 0.4015892272 0.0846763801 25 
26.8 0.2333517637 0.05881547278 18 
27 3.249671534e-09 2.377356708e-09 13 
27.2 0.3409984633 0.07782538132 29 
27.4 0.4191285776 0.08977248886 28 
27.6 0.0001926103477 0.0001917522115 25 
27.8 0.1204015009 0.03291287139 16 
28 0.1675431637 0.04201890545 17 
28.2 0.2755034952 0.07065022764 26 
28.4 0.0009138363386 0.0006519122768 291 
28.6 0.9459463106 0.06784727364 1422 
28.8 6.308666005 0.149409587 3055 
29 9.05929755 0.1925104564 3651 
29.2 2.604070663 0.08769421896 2247 
29.4 0.0926314684 0.02636702611 713 
29.6 0.168449049 0.04976899435 75 
29.8 0.07236722851 0.03339913041 15 
30 0.336595967 0.07871049804 21 
30.2 0.1627142428 0.05383071529 17 
30.4 0.04342082342 0.0192365017 30 
30.6 0.008952527048 0.007998862923 19 
30.8 0.1231284137 0.03635959559 42 
31 0.3065878186 0.0708740099 24 
31.2 0.3780278614 0.07093983117 46 
31.4 0.1942669958 0.05137100136 30 
31.6 0.09930145544 0.04553405714 13 
31.8 0.02093067673 0.009683541108 6 
32 0.2130284592 0.05795366559 18 
32.2 0.5698847263 0.0895013903 57 
32.4 0.01240681528 0.01135332405 11 
32.6 0.03215785725 0.02372816747 10 
32.8 0.1172925329 0.03937464627 23 
33 0.3491203799 0.07495040423 22 
33.2 0.4685195071 0.08686986556 40 
33.4 0.3657434301 0.07137628172 41 
33.6 0.4465796267 0.08241090901 55 
33.8 0.07375132251 0.02900585338 16 
34 0.189557604 0.05190438082 31 
34.2 0.03681845538 0.02180787132 3 
34.4 0.1113589174 0.04621518985 13 
34.6 0.1672847255 0.05637062048 26 
34.8 0.07325162247 0.03724609599 25 
35 0.1760898655 0.05021588653 154 
35.2 0.2403529642 0.04002408067 841 
35.4 3.352194729 0.1165739386 2136 
35.6 9.996109661 0.2323822383 2851 
35.8 9.082074908 0.2080377522 2902 
36 1.313275083 0.07049820687 1463 
36.2 0.0005886716867 0.0001525657609 489 
36.4 0.02966353034 0.01725911506 91 
36.6 0.1004069152 0.03277107464 13 
36.8 0.1020296768 0.03656886235 26 
37 0.02636309568 0.01886278774 30 
37.2 0.1087209389 0.04139389308 30 
37.4 0.2923845825 0.07369788577 18 
37.6 0.2118547042 0.05707455015 17 
37.8 0.4190636139 0.08948070253 31 
38 0.1296840886 0.05011664074 18 
38.2 0.3789400756 0.07708839477 40 
38.4 0.3727850283 0.0816479844 25 
38.6 0.3574817547 0.07916069668 25 
38.8 0.1705096419 0.0376080173 34 
39 0.00142647294 0.0007263421395 21 
39.2 0.2035901385 0.0594122398 18 
39.4 0.003344655765 0.003454345597 15 
39.6 0.1766849533 0.04072012278 42 
39.8 0.3009054455 0.07082737637 27 
40 0.1230479903 0.04065276881 13 
40.2 0.132312703 0.03858889423 21 
40.4 0.1111446559 0.04639581906 18 
40.6 0.02701798506 0.01591522361 28 
40.8 0.001440512084 0.001019858287 403 
41 1.502004243 0.1175244852 1282 
41.2 12.30922055 0.3114463328 2453 
41.4 19.94962429 0.4171267988 2876 
41.6 14.32631263 0.3480185096 2665 
41.8 2.122937323 0.133410949 1616 
42 0.2621554739 0.05369772074 609 
42.2 0.180100341 0.05500620587 53 
42.4 0.2689948062 0.06890488923 21 
42.6 0.142289544 0.04371991789 26 
42.8 0.4570806774 0.08162563743 67 
43 0.6808157477 0.1059134401 61 
43.2 0.08970911963 0.03230337887 15 
43.4 0.3248031385 0.07305092906 26 
43.6 0.4324695997 0.08707094549 38 
43.8 0.2515300908 0.07058228215 28 
44 0.1108246671 0.03717482869 10 
44.2 0.1291232752 0.0484278244 17 
44.4 5.789235667e-07 2.053025275e-07 8 
44.6 0.09006683301 0.03050441631 16 
44.8 0.2812714355 0.07188379989 25 
45 0 0 0 
45.2 0.06922753726 0.0266684903 11 
45.4 0.5846358502 0.09282722012 66 
45.6 0.5737975445 0.09953345693 47 
45.8 0.2511131558 0.065574498 205 
46 0.07771007286 0.03541595306 1142 
46.2 0.453306081 0.01997387833 3010 
46.4 2.521072825 0.07484530179 4832 
46.6 3.321942445 0.06064928496 5537 
46.8 1.856023081 0.0447292222 4254 
47 0.5143082294 0.07347665147 2623 
47.2 0.04237679439 0.02689176178 1062 
47.4 0.262395446 0.06342904338 117 
47.6 0.05478563986 0.03317525326 5 
47.8 0.03174157846 0.02101957626 8 
48 0.5417208388 0.09240037306 37 
48.2 0.02165475812 0.01531299573 2 
48.4 0.07513330635 0.03834959394 20 
48.6 0.2034497817 0.04774693331 26 
48.8 0.01880711941 0.01075963573 8 
49 0.4298713825 0.08762441807 50 
49.2 0.3892812442 0.07919860308 34 
49.4 0.1225829861 0.03965345153 18 
49.6 0.001594404988 0.00056951507 45 
49.8 0.1544324907 0.05151647238 18 
50 0.02505185577 0.01357492217 16 
50.2 0.2457543304 0.06510754605 24 
50.4 6.612896671e-16 4.833437187e-16 8 
50.6 0.1924073591 0.05234368646 266 
50.8 0.02382755896 0.01584025009 785 
51 1.339007238 0.06487073612 1561 
51.2 3.875801001 0.09904940525 2188 
51.4 4.761061175 0.1143971946 2411 
51.6 2.613009052 0.09548121177 1976 
51.8 0.8853767589 0.1031646577 1173 
52 0.03627735662 0.02567498399 645 
52.2 0.1668123481 0.05304517698 81 
52.4 0.01615365297 0.01978014395 2 
52.6 0.1525179144 0.04959704058 11 
52.8 0.08904903747 0.03931916778 25 
53 0.2221758721 0.05963284601 20 
53.2 0.0002506417371 0.0002506417371 1 
53.4 0.3416870105 0.07804807975 36 
53.6 0.1080819954 0.03832544125 19 
53.8 0.08143992838 0.0337791431 19 
54 0.129443392 0.04666371154 23 
54.2 0.08244585195 0.03426199307 8 
54.4 0.1389712107 0.04955073188 27 
54.6 0.1351897781 0.04500936193 18 
54.8 0.004815533931 0.002830879338 25 
55 0.316086211 0.06623992579 567 
55.2 0.01422805814 0.01015993391 1517 
55.4 1.264711943 0.07309530401 2786 
55.6 4.896698026 0.09758726891 4137 
55.8 6.190215142 0.114979931 4577 
56 5.492932657 0.1415484632 3918 
56.2 1.570427073 0.07971899943 2999 
56.4 0.03345292232 0.01792667433 1511 
56.6 0.01745103422 0.01663605286 496 
56.8 0.2051893152 0.06139123747 33 
57 0.3140452352 0.06611759344 32 
57.2 0.3592998153 0.0695042859 38 
57.4 0.1164562535 0.03996594745 23 
57.6 0.0685519762 0.02765758045 20 
57.8 0.1469385705 0.04699231476 26 
58 0.09790622095 0.02946131653 38 
58.2 0.006015532289 0.002895732335 17 
58.4 0.1117568897 0.04280425518 19 
58.6 0.3395808021 0.07138561193 23 
58.8 0.302239597 0.06545319159 33 
59 0.2063205735 0.05565496212 26 
59.2 0.187642485 0.0490774149 262 
59.4 0.2688127532 0.06260009607 897 
59.6 1.686089023 0.1163891946 1325 
59.8 4.393280546 0.1262744175 1853 
60 5.652656253 0.1377305522 2131 
60.2 5.220723676 0.1311219595 2067 
60.4 1.936276626 0.09294060935 1462 
60.6 0.1781000493 0.03799636917 999 
60.8 0.1547906917 0.05335987054 420 
61 0.2451880587 0.0653699189 57 
61.2 0.2865834876 0.07205079682 18 
61.4 5.763125511e-10 5.763125511e-10 1 
61.6 0.2435577135 0.06422730469 25 
61.8 0.05120040954 0.02305960273 5 
62 0.204820368 0.06559654364 17 
62.2 0.05606938638 0.03345724446 12 
62.4 0.06595688425 0.02229227242 10 
62.6 5.238839424e-28 3.024665544e-28 3 
62.8 0.1468816914 0.04951836785 16 
63 0.1443838862 0.05170394809 29 
63.2 0.1330106562 0.05033067476 441 
63.4 0.1016230968 0.04270210756 1344 
63.6 1.474103169 0.09384008317 2488 
63.8 7.356249976 0.2320676428 3015 
64 12.32798668 0.3045417223 3922 
64.2 11.18173148 0.2911897527 3815 
64.4 7.231600729 0.2235842118 3210 
64.6 1.0110064 0.09050522188 2221 
64.8 0.1574261351 0.04870975372 1459 
65 0.1402682845 0.04260750538 442 
65.2 0.2251456079 0.06458770285 39 
65.4 0.246899809 0.06335956598 24 
65.6 0.06106871466 0.0331096942 6 
65.8 0.1704850644 0.05171008845 21 
66 0.3094029403 0.06671271709 28 
66.2 0.4553086778 0.0932117313 26 
66.4 0.115572451 0.04125319104 18 
66.6 0.2009858697 0.06228576488 24 
66.8 0.05052699971 0.03014770932 12 
67 0.1231421556 0.0437205751 111 
67.2 0.03446553297 0.01990893846 993 
67.4 0.3920491215 0.05105207704 1840 
67.6 4.927599249 0.1496734871 2546 
67.8 12.47799037 0.2500669854 3301 
68 14.07238784 0.2703784972 3491 
68.2 14.45542772 0.2770831722 3516 
68.4 7.749426326 0.1924955767 2845 
68.6 1.117618514 0.07153136301 2260 
68.8 0.2515818667 0.05825481823 1301 
69 1.582673685e-11 1.585055437e-11 332 
69.2 0.01063498457 0.007736295941 16 
69.4 0.4135881411 0.08617930817 46 
69.6 0.08485527853 0.03049708261 15 
69.8 0.1054540635 0.0304162737 30 
70 0.2259855532 0.06385900801 13 
70.2 0.1157540245 0.04377138666 7 
70.4 0.2212717387 0.05109799791 21 
70.6 0.1634504768 0.0525486793 25 
70.8 0.2132326453 0.05834915457 151 
71 0.1991363919 0.05804866629 512 
71.2 1.057632076 0.1482601982 835 
71.4 15.86829674 0.5903666852 1341 
71.6 31.04660362 0.8816829626 1647 
71.8 35.74697453 0.9682841288 1752 
72 34.09798769 0.9349299852 1759 
72.2 22.07176733 0.7386117065 1463 
72.4 4.006404853 0.3056729876 1152 
72.6 0.06152440055 0.01515527803 790 
72.8 0.06819238169 0.02414835461 304 
73 0.02871003459 0.02049996119 25 
73.2 0.2307650788 0.06496794923 20 
73.4 0.3695732005 0.07273818088 39 
73.6 1.340227846e-14 1.340227846e-14 1 
73.8 0.3308908169 0.07455011446 27 
74 0.07647951887 0.03543708883 13 
74.2 0.2829959931 0.05991663961 25 
74.4 0.5183930535 0.08931013292 100 
74.6 0.1290784952 0.05107999596 310 
74.8 0.03657780169 0.02579702959 697 
75 0.1017071202 0.006533577559 1161 
75.2 0.7325037054 0.07925306401 1431 
75.4 0.8033533245 0.05752787416 1397 
75.6 0.7643362404 0.03248164888 1770 
75.8 0.599760461 0.01692876649 1617 
76 0.5577864709 0.06262888544 1291 
76.2 0.3383117382 0.0664276149 1075 
76.4 0.3259657645 0.0746821342 793 
76.6 0.2490596659 0.0584798276 310 
76.8 0.2215395911 0.05584319015 40 
77 0.07121801078 0.02747255163 10 
77.2 0.2496626134 0.06529324755 26 
77.4 0.08194768356 0.03156437815 8 
77.6 0.2500527424 0.05413490998 29 
77.8 0.1182262924 0.03162264115 15 
78 0.5250107846 0.09847212797 81 
78.2 0.4326342151 0.084221184 972 
78.4 0.1255176549 0.04793959257 2578 
78.6 3.112001322 0.1790555193 3676 
78.8 14.51646283 0.3854777473 4687 
79 25.15010515 0.5415611808 5753 
79.2 27.30548705 0.5786051779 6110 
79.4 27.41216407 0.5722607231 6002 
79.6 19.44819262 0.4646238941 5081 
79.8 8.611573506 0.3094968082 4304 
80 1.198850546 0.1210577973 3759 
80.2 0.2395385198 0.06039172876 1984 
80.4 0.1461968538 0.048864628 452 
80.6 0.2701335043 0.06456537364 54 
80.8 0.433877384 0.0922991365 28 
81 0.0875460386 0.04128613007 7 
81.2 0.00435726895 0.00470638837 6 
81.4 0.03801175972 0.01285089728 14 
81.6 0.3396915726 0.07796350998 31 
81.8 0.02643502523 0.01601013103 6 
82 0.3015747992 0.07029711218 49 
82.2 0.1832622403 0.05826152048 11 
82.4 0.04218384839 0.02435506673 3 
82.6 0.07293085047 0.03334061873 30 
82.8 0.2103129352 0.05430146763 24 
83 0.5215529053 0.09955372471 46 
83.2 0.05192003533 0.03077727274 16 
83.4 0.2469241495 0.05719859561 31 
83.6 0.01845366373 0.008421738641 17 
83.8 0.514434418 0.08658634804 54 
84 0.03333682681 0.02546186262 3 
84.2 0.1428641302 0.04547562192 10 
84.4 0.1380388559 0.04828132324 29 
84.6 2.082570919e-12 2.16668965e-12 11 
84.8 0.01439617919 0.01763164663 2 
85 0.2807729155 0.06781626089 36 
85.2 0.2151633929 0.05997471796 171 
85.4 0.09008388811 0.03528558454 816 
85.6 0.533501049 0.08166639081 1426 
85.8 3.987339381 0.2068771106 1757 
86 10.82329287 0.3358535046 2009 
86.2 19.94004013 0.473650875 2535 
86.4 20.7435352 0.4967549408 2498 
86.6 21.9540801 0.5171417759 2629 
86.8 19.50746794 0.4693686975 2617 
87 12.12386344 0.3765134766 2114 
87.2 3.316813352 0.1832687083 1917 
87.4 0.2897412897 0.04806609395 1586 
87.6 0.09388413825 0.02950433939 637 
87.8 0.2058239511 0.05521697788 116 
88 0.1675572737 0.04465011955 30 
88.2 0.1645829676 0.0486605493 23 
88.4 0.3053897264 0.07285769009 29 
88.6 0.2244499829 0.06282058449 19 
88.8 0.286003538 0.07149921655 225 
89 0.1224969681 0.03450035081 478 
89.2 0.9792447112 0.112715173 693 
89.4 4.349501481 0.236934698 867 
89.6 10.12434587 0.3872152145 1032 
89.8 14.22089693 0.4771258811 1189 
90 15.87055743 0.5126894269 1238 
90.2 15.52516733 0.5021077651 1286 
90.4 14.05850121 0.4763476123 1184 
90.6 7.769099465 0.3394912286 953 
90.8 3.243126279 0.2191071995 855 
91 0.3640357054 0.06273451651 881 
91.2 0.1377739251 0.04820690211 504 
91.4 0.06476846186 0.02632506233 104 
91.6 0.08555348293 0.02635235704 46 
91.8 0.1755882846 0.05858084399 25 
92 0.03581942302 0.0137824232 11 
92.2 0.1991083808 0.05711409226 114 
92.4 0.0389926994 0.01723638779 1023 
92.6 1.121749863 0.1428827485 1703 
92.8 0.2766956099 0.04739490723 2060 
93 0.9266013724 0.0650797187 2411 
93.2 1.937350634 0.09136956138 3213 
93.4 2.013640219 0.05023326361 3401 
93.6 2.020729338 0.04960292652 3503 
93.8 2.334738837 0.05299416065 3772 
94 2.458288638 0.09456681409 3550 
94.2 1.428588034 0.04978419032 2900 
94.4 0.6280355431 0.05679249567 2501 
94.6 0.8589070677 0.1091620092 2134 
94.8 0.1911724994 0.04292036222 1587 
95 0.2434028929 0.0616571211 624 
95.2 0.02314165932 0.01616247185 46 
95.4 0.5087495826 0.09643800245 33 
95.6 0.04541909415 0.02374974848 19 
95.8 0.3140155756 0.07551988745 158 
96 1.020954725e-06 3.499434442e-07 710 
96.2 0.2344078632 0.04761088761 1129 
96.4 0.9505944293 0.07959493746 1564 
96.6 2.089267513 0.09382625066 1610 
96.8 3.937185392 0.1239889991 2212 
97 4.419562367 0.1376818059 2196 
97.2 4.205324071 0.1242515793 2058 
97.4 4.09080422 0.1145826766 2222 
97.6 4.414444458 0.1394199711 2158 
97.8 3.555355622 0.1200819016 1926 
98 1.710229908 0.09459740207 1486 
98.2 0.736477288 0.08910345899 1395 
98.4 0.1267598402 0.03880668035 1123 
98.6 0.2803446041 0.05621221682 642 
98.8 0.3049387508 0.07405944746 98 
99 0.493875411 0.08806134586 32 
99.2 0.1097726812 0.03502473341 15 
99.4 0.02330674152 0.0189363812 416 
99.6 0.2274406257 0.05965401373 1334 
99.8 0.4272023858 0.07747985683 1643 
