# Format: McCode with text headers
# URL: http://www.mccode.org
# Creator: McStas 2.1rc19 - Feb. 18, 2014
# Instrument: ESS_Brilliance_2014.instr
# Ncount: 10000000
# Trace: no
# Gravitation: no
# Seed: 1392828567
# Directory: 2001_thermal_flat
# Param: frac=0
# Param: power=5
# Param: flat=1
# Param: srcdef=2001
# Param: lambdamax=4
# Date: Wed Feb 19 17:49:32 2014 (1392828572)
# type: array_1d(196)
# Source: ESS_Brilliance_2014 (ESS_Brilliance_2014.instr)
# component: Brillmon
# position: 0 0 1
# title: Peak brilliance
# Ncount: 10000000
# filename: Peak_brill.dat
# statistics: X0=1.35237; dX=0.637616;
# signal: Min=1.72141e+13; Max=1.39173e+15; Mean=3.57143e+14;
# values: 7e+16 7.23382e+14 39668
# xvar: Peak
# yvar: (I,I_err)
# xlabel: Wavelength [AA]
# ylabel: Peak Brilliance
# xlimits: 0.2 4
# variables: Peak I I_err N
0.209694 5.12189e+14 4.78309e+13 198 
0.229082 4.61727e+14 4.33072e+13 200 
0.248469 4.1911e+14 3.9481e+13 202 
0.267857 3.88459e+14 3.64322e+13 193 
0.287245 3.48459e+14 3.31184e+13 189 
0.306633 3.18943e+14 3.05905e+13 196 
0.32602 3.0746e+14 2.89604e+13 196 
0.345408 2.80415e+14 2.67706e+13 198 
0.364796 2.82997e+14 2.59732e+13 220 
0.384184 2.5108e+14 2.37538e+13 193 
0.403571 2.36447e+14 2.23674e+13 183 
0.422959 2.19081e+14 2.09048e+13 201 
0.442347 2.0513e+14 1.96443e+13 202 
0.461735 2.19364e+14 1.97103e+13 227 
0.481122 1.86673e+14 1.76418e+13 197 
0.50051 1.84617e+14 1.70037e+13 194 
0.519898 1.80793e+14 1.62489e+13 193 
0.539286 1.76247e+14 1.54238e+13 190 
0.558673 1.79711e+14 1.47199e+13 205 
0.578061 1.82393e+14 1.42462e+13 198 
0.597449 1.99814e+14 1.46025e+13 203 
0.616837 2.20075e+14 1.55178e+13 204 
0.636224 2.55119e+14 1.76848e+13 210 
0.655612 2.90998e+14 2.07682e+13 207 
0.675 3.28772e+14 2.49011e+13 194 
0.694388 3.88249e+14 3.00536e+13 199 
0.713776 4.67951e+14 3.64755e+13 206 
0.733163 5.12521e+14 4.13007e+13 203 
0.752551 5.46218e+14 4.62422e+13 198 
0.771939 6.46381e+14 5.4303e+13 204 
0.791327 7.56826e+14 6.29623e+13 202 
0.810714 7.38993e+14 6.41583e+13 216 
0.830102 8.18446e+14 7.20852e+13 196 
0.84949 8.1373e+14 7.43914e+13 186 
0.868878 9.76184e+14 8.47274e+13 215 
0.888265 9.72678e+14 8.7059e+13 206 
0.907653 1.02074e+15 9.16781e+13 209 
0.927041 1.03461e+15 9.45958e+13 197 
0.946429 1.14029e+15 1.01208e+14 206 
0.965816 1.17145e+15 1.04248e+14 207 
0.985204 1.11021e+15 1.02508e+14 195 
1.00459 1.17438e+15 1.06763e+14 192 
1.02398 1.15044e+15 1.0612e+14 209 
1.04337 1.25679e+15 1.11657e+14 215 
1.06276 1.18443e+15 1.08471e+14 195 
1.08214 1.39173e+15 2.28345e+14 195 
1.10153 1.24586e+15 1.11961e+14 190 
1.12092 1.1726e+15 1.98229e+14 324 
1.14031 1.20082e+15 1.07768e+14 215 
1.15969 1.13246e+15 1.05404e+14 200 
1.17908 1.17069e+15 1.05846e+14 208 
1.19847 1.08867e+15 1.5204e+14 325 
1.21786 1.12204e+15 1.02778e+14 193 
1.23724 1.08849e+15 1.00736e+14 186 
1.25663 1.0436e+15 9.7008e+13 204 
1.27602 1.00198e+15 9.32851e+13 200 
1.29541 9.69197e+14 9.19744e+13 173 
1.3148 9.74009e+14 9.04684e+13 197 
1.33418 9.66343e+14 8.96554e+13 205 
1.35357 9.17278e+14 8.63173e+13 199 
1.37296 9.67226e+14 8.74705e+13 218 
1.39235 9.31342e+14 8.47687e+13 207 
1.41173 9.54782e+14 8.4385e+13 223 
1.43112 8.84823e+14 8.02878e+13 206 
1.45051 7.98655e+14 7.51501e+13 211 
1.4699 8.46722e+14 7.62941e+13 205 
1.48929 7.54173e+14 7.09541e+13 192 
1.50867 8.17212e+14 1.41005e+14 254 
1.52806 7.32869e+14 6.74976e+13 198 
1.54745 6.68616e+14 6.34792e+13 194 
1.56684 6.99888e+14 6.42153e+13 200 
1.58622 6.26714e+14 5.87917e+13 168 
1.60561 6.16986e+14 5.76545e+13 192 
1.625 6.36171e+14 5.82965e+13 215 
1.64439 5.87297e+14 5.5111e+13 196 
1.66378 5.42013e+14 5.1985e+13 197 
1.68316 5.74001e+14 5.26335e+13 216 
1.70255 5.41008e+14 5.02369e+13 185 
1.72194 5.34611e+14 4.91481e+13 200 
1.74133 4.89729e+14 4.62085e+13 196 
1.76071 4.61512e+14 4.40724e+13 206 
1.7801 4.50086e+14 4.24869e+13 196 
1.79949 4.56223e+14 4.23784e+13 190 
1.81888 4.28824e+14 4.02273e+13 215 
1.83827 3.97514e+14 3.83057e+13 178 
1.85765 3.87739e+14 3.71164e+13 197 
1.87704 4.11545e+14 3.76316e+13 189 
1.89643 3.83427e+14 3.56554e+13 188 
1.91582 3.52565e+14 3.36272e+13 195 
1.9352 3.42841e+14 3.26096e+13 182 
1.95459 3.44734e+14 3.21445e+13 208 
1.97398 3.34833e+14 3.11073e+13 204 
1.99337 3.13236e+14 2.95782e+13 215 
2.01276 3.06097e+14 2.84645e+13 200 
2.03214 2.94202e+14 2.77134e+13 200 
2.05153 2.86065e+14 2.68818e+13 181 
2.07092 2.81035e+14 2.61755e+13 186 
2.09031 2.58978e+14 2.46363e+13 194 
2.10969 2.45475e+14 2.35721e+13 191 
2.12908 2.37321e+14 2.28906e+13 194 
2.14847 2.37534e+14 2.25003e+13 198 
2.16786 2.26578e+14 2.14638e+13 199 
2.18724 2.27573e+14 2.12958e+13 191 
2.20663 2.2003e+14 2.05811e+13 198 
2.22602 2.42055e+14 4.04733e+13 289 
2.24541 2.10097e+14 1.94945e+13 196 
2.2648 2.09627e+14 1.89762e+13 199 
2.28418 1.89592e+14 1.78989e+13 199 
2.30357 1.9133e+14 1.76553e+13 221 
2.32296 1.9487e+14 3.34581e+13 259 
2.34235 1.71933e+14 1.62404e+13 197 
2.36173 1.67914e+14 2.81368e+13 265 
2.38112 1.67942e+14 1.55219e+13 205 
2.40051 1.54687e+14 1.4674e+13 206 
2.4199 1.57061e+14 2.29136e+13 232 
2.43929 1.49173e+14 1.39113e+13 204 
2.45867 1.37029e+14 1.30178e+13 191 
2.47806 1.38297e+14 1.302e+13 194 
2.49745 1.34047e+14 1.26113e+13 208 
2.51684 1.26046e+14 1.1779e+13 197 
2.53622 1.29194e+14 1.20027e+13 206 
2.55561 1.25613e+14 1.15743e+13 204 
2.575 1.16739e+14 1.10443e+13 195 
2.59439 1.14723e+14 1.05425e+13 205 
2.61378 1.16335e+14 1.06342e+13 204 
2.63316 1.06263e+14 1.00125e+13 195 
2.65255 1.00924e+14 9.6067e+12 169 
2.67194 9.73518e+13 9.30175e+12 187 
2.69133 9.89098e+13 9.24114e+12 197 
2.71071 9.83407e+13 9.10758e+12 202 
2.7301 9.24954e+13 8.48007e+12 190 
2.74949 8.94795e+13 8.3307e+12 189 
2.76888 8.56654e+13 8.14654e+12 202 
2.78827 8.68656e+13 8.08195e+12 202 
2.80765 8.42232e+13 7.83627e+12 204 
2.82704 8.36067e+13 7.70941e+12 220 
2.84643 7.69685e+13 7.13574e+12 214 
2.86582 7.48896e+13 7.06432e+12 191 
2.8852 6.85093e+13 6.67956e+12 160 
2.90459 7.73942e+13 6.99454e+12 212 
2.92398 6.8534e+13 6.46416e+12 201 
2.94337 6.4089e+13 6.18475e+12 195 
2.96276 6.52759e+13 6.15666e+12 207 
2.98214 6.21711e+13 5.91789e+12 201 
3.00153 5.94011e+13 5.7066e+12 199 
3.02092 5.986e+13 5.65053e+12 185 
3.04031 5.99981e+13 5.54016e+12 205 
3.05969 5.40924e+13 5.22233e+12 195 
3.07908 5.51187e+13 5.2018e+12 201 
3.09847 5.44384e+13 5.09351e+12 196 
3.11786 5.31319e+13 4.97103e+12 201 
3.13724 4.98006e+13 4.74453e+12 187 
3.15663 4.83426e+13 4.60447e+12 201 
3.17602 4.84735e+13 4.55806e+12 177 
3.19541 4.68792e+13 8.29776e+12 241 
3.2148 5.38103e+13 6.60996e+12 222 
3.23418 4.89326e+13 4.39099e+12 215 
3.25357 4.04696e+13 3.94599e+12 199 
3.27296 4.35418e+13 7.12018e+12 215 
3.29235 4.23167e+13 7.11031e+12 194 
3.31173 4.05858e+13 7.08374e+12 195 
3.33112 3.91887e+13 3.68502e+12 196 
3.35051 3.65169e+13 3.49581e+12 202 
3.3699 3.721e+13 3.49933e+12 194 
3.38929 3.37518e+13 3.29274e+12 189 
3.40867 3.81385e+13 3.4386e+12 194 
3.42806 3.35165e+13 3.46554e+12 202 
3.44745 3.71677e+13 3.32397e+12 203 
3.46684 3.28498e+13 3.07585e+12 206 
3.48622 3.08652e+13 2.93e+12 184 
3.50561 3.03481e+13 2.83154e+12 211 
3.525 2.94786e+13 2.76232e+12 202 
3.54439 2.93808e+13 2.77588e+12 204 
3.56378 2.7905e+13 2.67256e+12 202 
3.58316 2.63948e+13 2.56408e+12 181 
3.60255 2.72207e+13 2.5724e+12 193 
3.62194 2.60489e+13 2.47307e+12 192 
3.64133 2.53608e+13 2.40762e+12 198 
3.66071 2.51119e+13 2.35313e+12 201 
3.6801 2.66701e+13 2.42478e+12 214 
3.69949 2.37422e+13 2.26401e+12 204 
3.71888 2.35815e+13 2.22855e+12 207 
3.73827 2.30407e+13 2.17773e+12 196 
3.75765 2.27672e+13 2.12357e+12 218 
3.77704 2.28478e+13 2.11305e+12 192 
3.79643 2.33781e+13 2.10865e+12 210 
3.81582 1.99362e+13 1.9279e+12 202 
3.8352 1.90293e+13 1.86655e+12 202 
3.85459 2.01645e+13 1.89785e+12 181 
3.87398 1.86702e+13 1.80559e+12 201 
3.89337 2.01174e+13 1.85274e+12 203 
3.91276 1.95149e+13 1.80502e+12 193 
3.93214 1.76064e+13 1.69492e+12 203 
3.95153 1.81399e+13 1.69977e+12 202 
3.97092 1.75088e+13 1.64079e+12 210 
3.99031 1.72141e+13 1.61311e+12 203 
