# Format: McCode with text headers
# URL: http://www.mccode.org
# Creator: McStas 2.1rc19 - Feb. 18, 2014
# Instrument: ESS_Brilliance_2014.instr
# Ncount: 10000000
# Trace: no
# Gravitation: no
# Seed: 1392828583
# Directory: 2001_bisp_mcnpxlike
# Param: frac=0.5
# Param: power=5
# Param: flat=0
# Param: srcdef=2001
# Param: lambdamax=15
# Date: Wed Feb 19 17:49:48 2014 (1392828588)
# type: array_1d(196)
# Source: ESS_Brilliance_2014 (ESS_Brilliance_2014.instr)
# component: Brillmon
# position: 0 0 1
# title: Peak brilliance
# Ncount: 10000000
# filename: Peak_brill.dat
# statistics: X0=1.73291; dX=1.37816;
# signal: Min=3.17075e+11; Max=1.42276e+15; Mean=1.41565e+14;
# values: 2.77467e+16 5.19711e+14 37240
# xvar: Peak
# yvar: (I,I_err)
# xlabel: Wavelength [AA]
# ylabel: Peak Brilliance
# xlimits: 0.2 15
# variables: Peak I I_err N
0.237755 9.10043e+14 8.9529e+13 183 
0.313265 7.40788e+14 6.93256e+13 206 
0.388776 5.52496e+14 5.25892e+13 197 
0.464286 4.61968e+14 4.36265e+13 207 
0.539796 3.94908e+14 3.6252e+13 192 
0.615306 4.05971e+14 3.34925e+13 204 
0.690816 5.41388e+14 4.68784e+13 204 
0.766327 7.86088e+14 7.88663e+13 201 
0.841837 1.18215e+15 1.2182e+14 210 
0.917347 1.40289e+15 1.50603e+14 205 
0.992857 1.28827e+15 1.54211e+14 204 
1.06837 1.42276e+15 1.67626e+14 183 
1.14388 1.37506e+15 1.63635e+14 187 
1.21939 1.29316e+15 1.53703e+14 185 
1.2949 1.19065e+15 1.43363e+14 179 
1.37041 1.03639e+15 1.24117e+14 204 
1.44592 1.00094e+15 1.18246e+14 178 
1.52143 8.66148e+14 1.03153e+14 170 
1.59694 7.57547e+14 8.99915e+13 189 
1.67245 7.23744e+14 8.09266e+13 201 
1.74796 6.0357e+14 7.0097e+13 184 
1.82347 5.39257e+14 6.13626e+13 190 
1.89898 5.04196e+14 5.50884e+13 186 
1.97449 4.26563e+14 4.71816e+13 168 
2.05 3.93447e+14 4.22226e+13 171 
2.12551 3.7082e+14 3.69287e+13 188 
2.20102 3.45009e+14 3.33067e+13 188 
2.27653 3.18878e+14 2.90526e+13 208 
2.35204 2.88228e+14 2.68397e+13 204 
2.42755 2.76981e+14 2.52914e+13 192 
2.50306 2.88157e+14 2.51668e+13 193 
2.57857 2.50481e+14 2.24658e+13 208 
2.65408 2.31089e+14 2.13084e+13 185 
2.72959 2.24865e+14 2.08625e+13 181 
2.8051 2.20323e+14 2.03522e+13 195 
2.88061 2.15752e+14 1.95287e+13 210 
2.95612 2.05422e+14 2.12799e+13 307 
3.03163 1.97432e+14 1.8288e+13 208 
3.10714 1.71974e+14 1.71789e+13 187 
3.18265 1.9026e+14 1.92003e+13 268 
3.25816 1.59331e+14 1.61729e+13 167 
3.33367 1.55397e+14 1.52184e+13 200 
3.40918 1.54625e+14 1.53489e+13 195 
3.48469 1.44834e+14 1.48014e+13 179 
3.5602 1.32492e+14 1.36617e+13 196 
3.63571 1.20563e+14 1.28124e+13 177 
3.71122 1.19949e+14 1.24344e+13 203 
3.78673 1.06968e+14 1.14297e+13 187 
3.86224 1.09489e+14 1.1365e+13 198 
3.93776 9.96943e+13 1.08209e+13 169 
4.01327 1.05239e+14 1.06649e+13 199 
4.08878 8.74198e+13 9.47625e+12 184 
4.16429 8.87031e+13 9.30669e+12 196 
4.2398 7.51522e+13 8.40736e+12 184 
4.31531 7.51799e+13 8.20025e+12 181 
4.39082 7.58779e+13 8.03237e+12 188 
4.46633 6.55371e+13 7.27524e+12 217 
4.54184 6.64334e+13 7.15077e+12 199 
4.61735 5.96823e+13 6.70246e+12 171 
4.69286 5.4462e+13 6.04147e+12 206 
4.76837 5.16617e+13 5.87437e+12 169 
4.84388 4.93927e+13 5.63175e+12 188 
4.91939 4.70095e+13 5.32415e+12 187 
4.9949 4.94502e+13 5.35137e+12 190 
5.07041 4.57557e+13 5.06044e+12 199 
5.14592 3.86989e+13 4.41169e+12 189 
5.22143 3.67103e+13 4.27238e+12 185 
5.29694 3.76709e+13 4.22627e+12 190 
5.37245 3.39456e+13 3.9224e+12 169 
5.44796 3.1166e+13 3.62671e+12 194 
5.52347 3.09824e+13 3.56237e+12 188 
5.59898 2.74283e+13 3.24186e+12 189 
5.67449 2.69049e+13 3.06488e+12 206 
5.75 2.69959e+13 3.07608e+12 196 
5.82551 2.424e+13 2.8568e+12 181 
5.90102 2.42464e+13 2.80261e+12 175 
5.97653 2.29748e+13 2.63657e+12 182 
6.05204 2.09763e+13 2.44478e+12 194 
6.12755 1.98236e+13 2.32112e+12 193 
6.20306 1.92813e+13 2.26593e+12 181 
6.27857 1.85745e+13 2.15498e+12 184 
6.35408 1.7128e+13 2.02249e+12 209 
6.42959 1.61852e+13 1.8893e+12 196 
6.5051 1.4865e+13 1.80301e+12 183 
6.58061 1.39233e+13 1.69311e+12 188 
6.65612 1.48069e+13 1.69533e+12 202 
6.73163 1.33736e+13 1.59246e+12 183 
6.80714 1.24363e+13 1.50015e+12 178 
6.88265 1.19524e+13 1.44726e+12 180 
6.95816 1.13157e+13 1.33973e+12 186 
7.03367 1.15318e+13 1.32424e+12 213 
7.10918 1.09418e+13 1.2995e+12 185 
7.18469 1.03198e+13 1.22053e+12 180 
7.2602 1.01355e+13 1.19672e+12 177 
7.33571 9.09788e+12 1.09426e+12 189 
7.41122 8.72239e+12 1.03761e+12 192 
7.48673 8.52409e+12 1.00985e+12 189 
7.56224 8.02228e+12 9.64791e+11 192 
7.63776 7.31604e+12 9.1055e+11 185 
7.71327 7.69538e+12 8.96353e+11 192 
7.78878 7.06174e+12 8.45191e+11 197 
7.86429 6.92957e+12 8.23798e+11 200 
7.9398 6.94471e+12 8.21178e+11 176 
8.01531 5.96114e+12 7.38514e+11 175 
8.09082 6.3482e+12 7.47429e+11 208 
8.16633 6.12997e+12 7.23965e+11 164 
8.24184 5.61087e+12 6.65899e+11 192 
8.31735 5.46264e+12 6.49427e+11 182 
8.39286 5.10019e+12 6.13331e+11 173 
8.46837 5.02635e+12 6.04088e+11 167 
8.54388 4.70266e+12 5.66656e+11 185 
8.61939 4.48688e+12 5.44659e+11 179 
8.6949 4.37872e+12 5.32451e+11 173 
8.77041 3.90669e+12 4.78023e+11 202 
8.84592 3.86396e+12 4.77987e+11 191 
8.92143 3.94765e+12 4.70996e+11 190 
8.99694 4.05959e+12 4.70672e+11 204 
9.07245 3.72829e+12 4.46137e+11 182 
9.14796 3.26073e+12 4.07737e+11 169 
9.22347 3.36319e+12 4.01234e+11 198 
9.29898 3.22128e+12 3.89429e+11 189 
9.37449 3.15127e+12 3.80954e+11 190 
9.45 3.29352e+12 3.82409e+11 190 
9.52551 2.85615e+12 3.48342e+11 187 
9.60102 2.74548e+12 3.32915e+11 190 
9.67653 2.83642e+12 3.37347e+11 172 
9.75204 2.62277e+12 3.11038e+11 197 
9.82755 2.29076e+12 2.87357e+11 176 
9.90306 2.46011e+12 2.94078e+11 196 
9.97857 2.33836e+12 2.77716e+11 187 
10.0541 2.42232e+12 2.81991e+11 201 
10.1296 2.28591e+12 2.6845e+11 174 
10.2051 2.05571e+12 2.5159e+11 185 
10.2806 2.20258e+12 2.561e+11 193 
10.3561 2.04124e+12 2.4306e+11 192 
10.4316 1.77925e+12 2.20993e+11 187 
10.5071 1.76512e+12 2.19303e+11 176 
10.5827 1.682e+12 2.06721e+11 203 
10.6582 1.61549e+12 1.99768e+11 182 
10.7337 1.51451e+12 1.91745e+11 192 
10.8092 1.66585e+12 1.97179e+11 212 
10.8847 1.47177e+12 1.82764e+11 181 
10.9602 1.64599e+12 1.92336e+11 194 
11.0357 1.3614e+12 1.6081e+11 192 
11.1112 1.42344e+12 1.71886e+11 183 
11.1867 1.42628e+12 1.64985e+11 197 
11.2622 1.39296e+12 1.65698e+11 197 
11.3378 1.33978e+12 1.6029e+11 184 
11.4133 1.14074e+12 1.43286e+11 174 
11.4888 1.22485e+12 1.48278e+11 186 
11.5643 1.11981e+12 1.38845e+11 192 
11.6398 1.10443e+12 1.35532e+11 190 
11.7153 1.12971e+12 1.36074e+11 184 
11.7908 1.03938e+12 1.28544e+11 179 
11.8663 9.5157e+11 1.19768e+11 184 
11.9418 9.7498e+11 1.19639e+11 177 
12.0173 9.68207e+11 1.19019e+11 198 
12.0929 1.00352e+12 1.18442e+11 208 
12.1684 9.18447e+11 1.11566e+11 183 
12.2439 9.67314e+11 1.11947e+11 204 
12.3194 8.39239e+11 1.02636e+11 177 
12.3949 8.18902e+11 1.0006e+11 194 
12.4704 8.39261e+11 9.97067e+10 207 
12.5459 8.10213e+11 9.69275e+10 209 
12.6214 7.94305e+11 9.48115e+10 199 
12.6969 6.96942e+11 8.81204e+10 171 
12.7724 7.16247e+11 8.79734e+10 180 
12.848 6.9273e+11 8.58314e+10 173 
12.9235 6.63014e+11 8.22017e+10 174 
12.999 6.89241e+11 8.31831e+10 195 
13.0745 6.57769e+11 7.97679e+10 190 
13.15 6.88904e+11 8.01171e+10 210 
13.2255 6.08008e+11 7.50439e+10 163 
13.301 5.78482e+11 7.20594e+10 186 
13.3765 5.71861e+11 7.05829e+10 188 
13.452 5.52316e+11 6.87873e+10 172 
13.5276 5.31339e+11 6.63042e+10 184 
13.6031 4.9581e+11 6.10479e+10 200 
13.6786 4.88971e+11 6.1552e+10 183 
13.7541 4.76344e+11 6.00129e+10 197 
13.8296 4.8931e+11 6.01863e+10 183 
13.9051 4.75146e+11 5.90066e+10 173 
13.9806 4.89107e+11 5.89763e+10 204 
14.0561 4.19544e+11 5.33368e+10 176 
14.1316 4.17022e+11 5.27501e+10 181 
14.2071 4.50507e+11 5.35082e+10 208 
14.2827 4.27654e+11 5.19293e+10 190 
14.3582 3.94338e+11 4.94113e+10 183 
14.4337 3.8263e+11 4.82309e+10 190 
14.5092 3.9977e+11 4.85314e+10 187 
14.5847 3.76688e+11 4.55961e+10 181 
14.6602 3.61842e+11 4.51292e+10 173 
14.7357 3.70818e+11 4.51585e+10 177 
14.8112 3.3844e+11 4.05886e+10 214 
14.8867 3.9076e+11 4.53628e+10 187 
14.9622 3.17075e+11 4.01278e+10 182 
