# Format: McCode with text headers
# URL: http://www.mccode.org
# Creator: McStas 2.1rc19 - Feb. 18, 2014
# Instrument: ESS_Brilliance_2014.instr
# Ncount: 10000000
# Trace: no
# Gravitation: no
# Seed: 1392828533
# Directory: 2001_cold_flat
# Param: frac=1
# Param: power=5
# Param: flat=1
# Param: srcdef=2001
# Param: lambdamax=15
# Date: Wed Feb 19 17:48:58 2014 (1392828538)
# type: array_1d(196)
# Source: ESS_Brilliance_2014 (ESS_Brilliance_2014.instr)
# component: Brillmon
# position: 0 0 1
# title: Mean brilliance
# Ncount: 10000000
# filename: Mean_brill.dat
# statistics: X0=2.52651; dX=1.96615;
# signal: Min=5.67854e+09; Max=1.42424e+13; Mean=1.21099e+12;
# values: 2.37354e+14 1.9863e+11 9.58089e+06
# xvar: Mean
# yvar: (I,I_err)
# xlabel: Wavelength [AA]
# ylabel: Mean Brilliance
# xlimits: 0.2 15
# variables: Mean I I_err N
0.237755 1.42424e+13 9.46207e+10 50825 
0.313265 1.07259e+13 7.09523e+10 51004 
0.388776 8.53323e+12 5.64313e+10 50937 
0.464286 7.06229e+12 4.66726e+10 50946 
0.539796 6.02144e+12 3.97367e+10 50686 
0.615306 5.22616e+12 3.44616e+10 51152 
0.690816 4.58029e+12 3.02538e+10 50599 
0.766327 4.15995e+12 2.71905e+10 51044 
0.841837 3.68116e+12 2.42431e+10 50945 
0.917347 3.36466e+12 2.20447e+10 51396 
0.992857 3.04983e+12 2.00209e+10 51100 
1.06837 2.76032e+12 1.82176e+10 50612 
1.14388 2.56908e+12 1.6835e+10 50725 
1.21939 2.3776e+12 1.55355e+10 50797 
1.2949 2.21344e+12 1.43571e+10 51096 
1.37041 2.08652e+12 1.33094e+10 50750 
1.44592 2.0217e+12 1.24225e+10 51167 
1.52143 1.97406e+12 1.15593e+10 50588 
1.59694 2.03521e+12 1.10505e+10 50978 
1.67245 2.10405e+12 1.06671e+10 50587 
1.74796 2.2914e+12 1.08765e+10 51111 
1.82347 2.4581e+12 1.13647e+10 50580 
1.89898 2.7083e+12 1.24139e+10 51089 
1.97449 2.93189e+12 1.36735e+10 50880 
2.05 3.1754e+12 1.51367e+10 51016 
2.12551 3.43824e+12 1.67648e+10 51261 
2.20102 3.61485e+12 1.81176e+10 51049 
2.27653 3.80676e+12 1.94897e+10 51094 
2.35204 3.915e+12 2.04948e+10 50842 
2.42755 4.07417e+12 2.1638e+10 50862 
2.50306 4.14227e+12 2.22846e+10 51121 
2.57857 4.19906e+12 2.28448e+10 51149 
2.65408 4.18165e+12 2.30504e+10 50899 
2.72959 4.18845e+12 2.32348e+10 51002 
2.8051 4.1053e+12 2.30266e+10 50811 
2.88061 4.07929e+12 2.29401e+10 51024 
2.95612 3.99223e+12 2.25823e+10 50941 
3.03163 3.89891e+12 2.21421e+10 51250 
3.10714 3.76933e+12 2.15438e+10 51057 
3.18265 3.63723e+12 2.09072e+10 50991 
3.25816 3.53669e+12 2.03438e+10 51007 
3.33367 3.4267e+12 1.96899e+10 51507 
3.40918 3.23622e+12 1.88031e+10 50844 
3.48469 3.10303e+12 1.80789e+10 50706 
3.5602 2.99778e+12 1.74231e+10 51207 
3.63571 2.85759e+12 1.66626e+10 51116 
3.71122 2.70767e+12 1.58712e+10 51087 
3.78673 2.58508e+12 1.51754e+10 50863 
3.86224 2.45933e+12 1.44592e+10 51047 
3.93776 2.3278e+12 1.37282e+10 51165 
4.01327 2.24342e+12 1.31768e+10 51348 
4.08878 2.10089e+12 1.24414e+10 51017 
4.16429 1.9746e+12 1.17717e+10 50446 
4.2398 1.89732e+12 1.12515e+10 51080 
4.31531 1.79994e+12 1.06952e+10 51085 
4.39082 1.71668e+12 1.01824e+10 51250 
4.46633 1.6216e+12 9.6486e+09 50988 
4.54184 1.52449e+12 9.11917e+09 50831 
4.61735 1.44531e+12 8.65106e+09 50936 
4.69286 1.37445e+12 8.22601e+09 51171 
4.76837 1.30481e+12 7.81168e+09 51075 
4.84388 1.2426e+12 7.43368e+09 51257 
4.91939 1.15717e+12 6.98514e+09 50736 
4.9949 1.11111e+12 6.67785e+09 51073 
5.07041 1.03671e+12 6.28087e+09 50706 
5.14592 1.00508e+12 6.03319e+09 51223 
5.22143 9.47681e+11 5.7137e+09 51101 
5.29694 8.80482e+11 5.36306e+09 50720 
5.37245 8.48799e+11 5.13669e+09 51137 
5.44796 7.95301e+11 4.8461e+09 50568 
5.52347 7.59168e+11 4.62005e+09 50897 
5.59898 7.2382e+11 4.40018e+09 51147 
5.67449 6.78994e+11 4.15453e+09 50839 
5.75 6.47063e+11 3.95855e+09 50773 
5.82551 6.15403e+11 3.76398e+09 50619 
5.90102 5.79129e+11 3.56344e+09 50680 
5.97653 5.5568e+11 3.40776e+09 51070 
6.05204 5.33254e+11 3.25965e+09 51322 
6.12755 5.05153e+11 3.09755e+09 51123 
6.20306 4.78905e+11 2.94371e+09 50933 
6.27857 4.60878e+11 2.82067e+09 51244 
6.35408 4.33536e+11 2.66916e+09 51218 
6.42959 4.06208e+11 2.52159e+09 50861 
6.5051 3.93147e+11 2.42661e+09 50916 
6.58061 3.72436e+11 2.30793e+09 50704 
6.65612 3.55391e+11 2.20116e+09 50844 
6.73163 3.38969e+11 2.10189e+09 50795 
6.80714 3.26272e+11 2.0165e+09 51236 
6.88265 3.09577e+11 1.91933e+09 51099 
6.95816 2.91297e+11 1.82014e+09 50789 
7.03367 2.79094e+11 1.74211e+09 50846 
7.10918 2.66677e+11 1.66618e+09 51125 
7.18469 2.57321e+11 1.60179e+09 51136 
7.2602 2.45051e+11 1.52868e+09 51212 
7.33571 2.33972e+11 1.46154e+09 50796 
7.41122 2.22356e+11 1.39467e+09 50803 
7.48673 2.14463e+11 1.34008e+09 51218 
7.56224 2.06963e+11 1.28858e+09 51639 
7.63776 1.94811e+11 1.22364e+09 51156 
7.71327 1.87374e+11 1.17553e+09 50846 
7.78878 1.78829e+11 1.12452e+09 50880 
7.86429 1.71689e+11 1.07994e+09 50736 
7.9398 1.64239e+11 1.03416e+09 50876 
8.01531 1.58151e+11 9.94117e+08 51144 
8.09082 1.51003e+11 9.52208e+08 50943 
8.16633 1.45029e+11 9.1406e+08 51042 
8.24184 1.40237e+11 8.81346e+08 51167 
8.31735 1.33456e+11 8.43048e+08 50762 
8.39286 1.28124e+11 8.09474e+08 50758 
8.46837 1.23871e+11 7.80347e+08 51244 
8.54388 1.1675e+11 7.42755e+08 50412 
8.61939 1.12667e+11 7.15471e+08 50579 
8.6949 1.08977e+11 6.90435e+08 50888 
8.77041 1.04575e+11 6.63485e+08 50968 
8.84592 1.02052e+11 6.43237e+08 51390 
8.92143 9.64792e+10 6.13123e+08 50570 
8.99694 9.22581e+10 5.8865e+08 50596 
9.07245 9.0423e+10 5.7225e+08 51089 
9.14796 8.54809e+10 5.45944e+08 50738 
9.22347 8.25601e+10 5.26768e+08 50864 
9.29898 8.02836e+10 5.10157e+08 51005 
9.37449 7.68905e+10 4.90011e+08 50757 
9.45 7.38505e+10 4.71553e+08 50531 
9.52551 7.14756e+10 4.5557e+08 50649 
9.60102 6.84617e+10 4.37843e+08 50564 
9.67653 6.63305e+10 4.23314e+08 50823 
9.75204 6.42068e+10 4.09721e+08 50662 
9.82755 6.05996e+10 3.90712e+08 50321 
9.90306 5.94341e+10 3.80366e+08 51020 
9.97857 5.78802e+10 3.6881e+08 51045 
10.0541 5.54714e+10 3.54856e+08 50735 
10.1296 5.31345e+10 3.41281e+08 50515 
10.2051 5.15427e+10 3.3066e+08 50639 
10.2806 5.00264e+10 3.20229e+08 50629 
10.3561 4.78391e+10 3.08029e+08 50394 
10.4316 4.66259e+10 2.98986e+08 50559 
10.5071 4.49472e+10 2.88766e+08 50596 
10.5827 4.32851e+10 2.78728e+08 50187 
10.6582 4.20057e+10 2.70088e+08 50313 
10.7337 4.03414e+10 2.60354e+08 50319 
10.8092 3.89097e+10 2.51494e+08 50046 
10.8847 3.77832e+10 2.44054e+08 49898 
10.9602 3.60846e+10 2.34494e+08 49517 
11.0357 3.48304e+10 2.26758e+08 49851 
11.1112 3.37153e+10 2.19704e+08 49404 
11.1867 3.30283e+10 2.14014e+08 49453 
11.2622 3.16452e+10 2.06246e+08 49490 
11.3378 3.07815e+10 2.00277e+08 49265 
11.4133 2.97641e+10 1.93818e+08 49396 
11.4888 2.8665e+10 1.87502e+08 49048 
11.5643 2.77288e+10 1.8145e+08 48767 
11.6398 2.67909e+10 1.75739e+08 48551 
11.7153 2.57149e+10 1.69508e+08 48762 
11.7908 2.51021e+10 1.65223e+08 48235 
11.8663 2.41357e+10 1.59322e+08 48299 
11.9418 2.31506e+10 1.53746e+08 47562 
12.0173 2.25065e+10 1.49448e+08 47889 
12.0929 2.1774e+10 1.44798e+08 47335 
12.1684 2.08655e+10 1.39812e+08 46910 
12.2439 2.01965e+10 1.3555e+08 46793 
12.3194 1.94759e+10 1.31219e+08 46428 
12.3949 1.89348e+10 1.2745e+08 46484 
12.4704 1.80613e+10 1.22706e+08 45590 
12.5459 1.73596e+10 1.18562e+08 45103 
12.6214 1.6946e+10 1.1545e+08 45144 
12.6969 1.60865e+10 1.10987e+08 44307 
12.7724 1.59443e+10 1.08827e+08 45042 
12.848 1.51854e+10 1.04735e+08 44221 
12.9235 1.47229e+10 1.01658e+08 44476 
12.999 1.42453e+10 9.8666e+07 43723 
13.0745 1.35896e+10 9.49698e+07 43381 
13.15 1.3267e+10 9.24894e+07 43335 
13.2255 1.26479e+10 8.90402e+07 42485 
13.301 1.23152e+10 8.66652e+07 42588 
13.3765 1.18021e+10 8.37463e+07 42055 
13.452 1.12987e+10 8.0807e+07 41473 
13.5276 1.11312e+10 7.90654e+07 41569 
13.6031 1.07307e+10 7.66384e+07 41549 
13.6786 1.03891e+10 7.43791e+07 41091 
13.7541 9.85645e+09 7.14688e+07 40371 
13.8296 9.61296e+09 6.96429e+07 40449 
13.9051 9.32026e+09 6.76422e+07 40204 
13.9806 9.00692e+09 6.56563e+07 39626 
14.0561 8.71005e+09 6.36954e+07 39651 
14.1316 8.3815e+09 6.17042e+07 38996 
14.2071 7.99068e+09 5.94337e+07 38294 
14.2827 7.79509e+09 5.79416e+07 38378 
14.3582 7.51693e+09 5.60977e+07 38360 
14.4337 7.22272e+09 5.43268e+07 37668 
14.5092 6.92585e+09 5.25219e+07 37160 
14.5847 6.80744e+09 5.14172e+07 37178 
14.6602 6.65745e+09 5.01842e+07 37303 
14.7357 6.2836e+09 4.81533e+07 36598 
14.8112 6.11848e+09 4.6873e+07 36304 
14.8867 5.88859e+09 4.54312e+07 36290 
14.9622 5.67854e+09 4.40296e+07 35491 
