26 0.000000 0.000000 -0.000000
 7 1.752750 0.721409 1.119263
 7 1.752750 -0.721409 -1.119263
 6 2.974366 0.432006 0.602522
 6 1.680115 1.505747 2.210856
 6 2.802320 2.032684 2.844677
 6 4.060038 1.735509 2.319597
 6 4.145746 0.929243 1.185906
 6 2.974366 -0.432006 -0.602522
 6 1.680115 -1.505747 -2.210856
 6 2.802320 -2.032684 -2.844677
 6 4.060038 -1.735509 -2.319597
 6 4.145746 -0.929243 -1.185906
 1 0.677567 1.711660 2.586260
 1 2.686311 2.660506 3.727721
 1 4.965087 2.128031 2.784316
 1 5.120409 0.698114 0.761068
 1 0.677567 -1.711660 -2.586260
 1 2.686311 -2.660506 -3.727721
 1 4.965087 -2.128031 -2.784316
 1 5.120409 -0.698114 -0.761068
 7 -0.251616 -1.878631 1.119263
 7 -1.501134 -1.157222 -1.119263
 6 -1.113055 -2.791880 0.602522
 6 0.463958 -2.207896 2.210856
 6 0.359196 -3.443223 2.844677
 6 -0.527024 -4.383851 2.319597
 6 -1.268125 -4.054942 1.185906
 6 -1.861311 -2.359873 -0.602522
 6 -2.144073 -0.702149 -2.210856
 6 -3.161516 -1.410538 -2.844677
 6 -3.533014 -2.648342 -2.319597
 6 -2.877621 -3.125700 -1.185906
 1 1.143558 -1.442620 2.586260
 1 0.960910 -3.656667 3.727721
 1 -0.639615 -5.363907 2.784316
 1 -1.955620 -4.783461 0.761068
 1 -1.821125 0.269040 -2.586260
 1 -3.647221 -0.996161 -3.727721
 1 -4.325472 -3.235876 -2.784316
 1 -3.164789 -4.085348 -0.761068
 7 -1.501134 1.157222 1.119263
 7 -0.251616 1.878631 -1.119263
 6 -1.861311 2.359873 0.602522
 6 -2.144073 0.702149 2.210856
 6 -3.161516 1.410538 2.844677
 6 -3.533014 2.648342 2.319597
 6 -2.877621 3.125700 1.185906
 6 -1.113055 2.791880 -0.602522
 6 0.463958 2.207896 -2.210856
 6 0.359196 3.443223 -2.844677
 6 -0.527024 4.383851 -2.319597
 6 -1.268125 4.054942 -1.185906
 1 -1.821125 -0.269040 2.586260
 1 -3.647221 0.996161 3.727721
 1 -4.325472 3.235876 2.784316
 1 -3.164789 4.085348 0.761068
 1 1.143558 1.442620 -2.586260
 1 0.960910 3.656667 -3.727721
 1 -0.639615 5.363907 -2.784316
 1 -1.955620 4.783461 -0.761068
