#xm ym Nw Nh lm
0.280727900350871 0.0491614276093699 78 68 0.101913892294557
0.0977889049794117 0.267698207059606 78 68 0.101913892294557
-0.18293899537146 0.218536779450236 78 68 0.101913892294557
-0.280727900350871 -0.0491614276093698 78 68 0.101913892294557
-0.0977889049794118 -0.267698207059606 78 68 0.101913892294557
0.18293899537146 -0.218536779450236 78 68 0.101913892294557
0.250242444130716 0.136395451373884 78 68 0.101913892294557
0.0069992962149293 0.28491403940925 78 68 0.101913892294557
-0.243243147915786 0.148518588035366 78 68 0.101913892294557
-0.250242444130716 -0.136395451373884 78 68 0.101913892294557
-0.00699929621492952 -0.28491403940925 78 68 0.101913892294557
0.243243147915787 -0.148518588035366 78 68 0.101913892294557
0.193449142423945 0.209290299095396 78 68 0.101913892294557
-0.0845261445702842 0.272177021227148 78 68 0.101913892294557
-0.277975286994229 0.0628867221317519 78 68 0.101913892294557
-0.193449142423945 -0.209290299095396 78 68 0.101913892294557
0.0845261445702839 -0.272177021227148 78 68 0.101913892294557
0.277975286994229 -0.0628867221317519 78 68 0.101913892294557
0.345948638443709 0.0460493165958434 72 68 0.083232624320638
0.133094441222942 0.322624967594811 72 68 0.083232624320638
-0.212854197220767 0.276575650998968 72 68 0.083232624320638
-0.345948638443709 -0.0460493165958433 72 68 0.083232624320638
-0.133094441222942 -0.322624967594811 72 68 0.083232624320638
0.212854197220767 -0.276575650998968 72 68 0.083232624320638
0.324129181851286 0.129388073145928 72 68 0.083232624320638
0.05001123263455 0.345398142164044 72 68 0.083232624320638
-0.274117949216736 0.216010069018116 72 68 0.083232624320638
-0.324129181851286 -0.129388073145928 72 68 0.083232624320638
-0.0500112326345498 -0.345398142164044 72 68 0.083232624320638
0.274117949216736 -0.216010069018115 72 68 0.083232624320638
0.282560262508403 0.204843105940089 72 68 0.083232624320638
-0.0361192022800224 0.347125918402321 72 68 0.083232624320638
-0.318679464788425 0.142282812462232 72 68 0.083232624320638
-0.282560262508403 -0.204843105940089 72 68 0.083232624320638
0.0361192022800224 -0.347125918402321 72 68 0.083232624320638
0.318679464788425 -0.142282812462232 72 68 0.083232624320638
0.223774709515637 0.267816876580234 72 68 0.083232624320638
-0.120048863922866 0.327703021455142 72 68 0.083232624320638
-0.343823573438503 0.0598861448749079 72 68 0.083232624320638
-0.223774709515637 -0.267816876580234 72 68 0.083232624320638
0.120048863922866 -0.327703021455142 72 68 0.083232624320638
0.343823573438503 -0.0598861448749075 72 68 0.083232624320638
0.409401164593142 0.0544030001909716 88 68 0.0703425239896141
0.1575862020891 0.381753308972081 88 68 0.0703425239896141
-0.251814962504042 0.32735030878111 88 68 0.0703425239896141
-0.409401164593142 -0.0544030001909716 88 68 0.0703425239896141
-0.1575862020891 -0.381753308972081 88 68 0.0703425239896141
0.251814962504042 -0.32735030878111 88 68 0.0703425239896141
0.383261638933849 0.153881500258284 88 68 0.0703425239896141
0.0583655310707888 0.408855065741914 88 68 0.0703425239896141
-0.32489610786306 0.25497356548363 88 68 0.0703425239896141
-0.383261638933849 -0.153881500258284 88 68 0.0703425239896141
-0.058365531070789 -0.408855065741914 88 68 0.0703425239896141
0.32489610786306 -0.25497356548363 88 68 0.0703425239896141
0.333350973978627 0.243815766814824 88 68 0.0703425239896141
-0.0444751609155067 0.410598295249189 88 68 0.0703425239896141
-0.377826134894134 0.166782528434365 88 68 0.0703425239896141
-0.333350973978627 -0.243815766814824 88 68 0.0703425239896141
0.0444751609155061 -0.410598295249189 88 68 0.0703425239896141
0.377826134894134 -0.166782528434365 88 68 0.0703425239896141
0.262764792269571 0.318627782755254 88 68 0.0703425239896141
-0.144557358082774 0.386874876703216 88 68 0.0703425239896141
-0.407322150352345 0.0682470939479623 88 68 0.0703425239896141
-0.262764792269571 -0.318627782755254 88 68 0.0703425239896141
0.144557358082773 -0.386874876703216 88 68 0.0703425239896141
0.407322150352345 -0.0682470939479624 88 68 0.0703425239896141
0.474281373228567 0.0508544885769649 81 68 0.060912554645237
0.193099407610167 0.43616696204619 81 68 0.060912554645237
-0.281181965618401 0.385312473469225 81 68 0.060912554645237
-0.474281373228567 -0.0508544885769649 81 68 0.060912554645237
-0.193099407610166 -0.43616696204619 81 68 0.060912554645237
0.281181965618401 -0.385312473469225 81 68 0.060912554645237
0.454572030942569 0.144545040332582 81 68 0.060912554645237
0.102106338552223 0.465943446812442 81 68 0.060912554645237
-0.352465692390347 0.32139840647986 81 68 0.060912554645237
-0.454572030942569 -0.144545040332582 81 68 0.060912554645237
-0.102106338552222 -0.465943446812442 81 68 0.060912554645237
0.352465692390347 -0.32139840647986 81 68 0.060912554645237
0.416549511391131 0.232412358879235 81 68 0.060912554645237
0.0069997487526817 0.476948638238332 81 68 0.060912554645237
-0.409549762638449 0.244536279359097 81 68 0.060912554645237
-0.416549511391131 -0.232412358879235 81 68 0.060912554645237
-0.00699974875268144 -0.476948638238332 81 68 0.060912554645237
0.409549762638449 -0.244536279359096 81 68 0.060912554645237
0.361745613922267 0.31091656566996 81 68 0.060912554645237
-0.0883888373664645 0.468739174199261 81 68 0.060912554645237
-0.450134451288731 0.157822608529301 81 68 0.060912554645237
-0.361745613922267 -0.31091656566996 81 68 0.060912554645237
0.0883888373664647 -0.468739174199261 81 68 0.060912554645237
0.450134451288731 -0.1578226085293 81 68 0.060912554645237
0.292368203122594 0.376894990418904 81 68 0.060912554645237
-0.180216534700566 0.441645786372427 81 68 0.060912554645237
-0.47258473782316 0.0647507959535233 81 68 0.060912554645237
-0.292368203122594 -0.376894990418904 81 68 0.060912554645237
0.180216534700566 -0.441645786372427 81 68 0.060912554645237
0.47258473782316 -0.0647507959535231 81 68 0.060912554645237
0.537930897839279 0.0575443233501549 95 68 0.0537147209147029
0.219130603054819 0.494633984684465 95 68 0.0537147209147029
-0.31880029478446 0.43708966133431 95 68 0.0537147209147029
-0.537930897839279 -0.0575443233501548 95 68 0.0537147209147029
-0.21913060305482 -0.494633984684464 95 68 0.0537147209147029
0.318800294784459 -0.43708966133431 95 68 0.0537147209147029
0.515440710746614 0.164322468655462 95 68 0.0537147209147029
0.115412923105105 0.528545983979005 95 68 0.0537147209147029
-0.400027787641509 0.364223515323544 95 68 0.0537147209147029
-0.515440710746614 -0.164322468655462 95 68 0.0537147209147029
-0.115412923105106 -0.528545983979005 95 68 0.0537147209147029
0.400027787641509 -0.364223515323544 95 68 0.0537147209147029
0.471980427069946 0.264415348387478 95 68 0.0537147209147029
0.00699980468090482 0.540954714125341 95 68 0.0537147209147029
-0.464980622389041 0.276539365737863 95 68 0.0537147209147029
-0.471980427069946 -0.264415348387478 95 68 0.0537147209147029
-0.00699980468090548 -0.540954714125341 95 68 0.0537147209147029
0.464980622389041 -0.276539365737863 95 68 0.0537147209147029
0.409318177124298 0.353750801943462 95 68 0.0537147209147029
-0.101698092530006 0.531355340592111 95 68 0.0537147209147029
-0.511016269654304 0.17760453864865 95 68 0.0537147209147029
-0.409318177124298 -0.353750801943461 95 68 0.0537147209147029
0.101698092530006 -0.531355340592111 95 68 0.0537147209147029
0.511016269654304 -0.17760453864865 95 68 0.0537147209147029
0.330003300544925 0.428694321900181 95 68 0.0537147209147029
-0.206258522951238 0.500138402554707 95 68 0.0537147209147029
-0.536261823496163 0.071444080654526 95 68 0.0537147209147029
-0.330003300544925 -0.428694321900181 95 68 0.0537147209147029
0.206258522951237 -0.500138402554707 95 68 0.0537147209147029
0.536261823496163 -0.0714440806545261 95 68 0.0537147209147029
0.602580121136232 0.0540573548321036 88 68 0.048040641914359
0.254475018022125 0.548878370135533 88 68 0.048040641914359
-0.348105103114107 0.49482101530343 88 68 0.048040641914359
-0.602580121136232 -0.0540573548321034 88 68 0.048040641914359
-0.254475018022125 -0.548878370135533 88 68 0.048040641914359
0.348105103114108 -0.494821015303429 88 68 0.048040641914359
0.584899568911962 0.15465281855369 88 68 0.048040641914359
0.15851651482162 0.583864294617171 88 68 0.048040641914359
-0.426383054090342 0.429211476063481 88 68 0.048040641914359
-0.584899568911962 -0.15465281855369 88 68 0.048040641914359
-0.15851651482162 -0.583864294617171 88 68 0.048040641914359
0.426383054090343 -0.429211476063481 88 68 0.048040641914359
0.550548840857603 0.250840534663657 88 68 0.048040641914359
0.0580401451112035 0.602209549538589 88 68 0.048040641914359
-0.4925086957464 0.351369014874932 88 68 0.048040641914359
-0.550548840857603 -0.250840534663657 88 68 0.048040641914359
-0.0580401451112031 -0.602209549538589 88 68 0.048040641914359
0.4925086957464 -0.351369014874931 88 68 0.048040641914359
0.500506964325873 0.339879064758775 88 68 0.048040641914359
-0.0440904221326591 0.603391278256625 88 68 0.048040641914359
-0.544597386458532 0.26351221349785 88 68 0.048040641914359
-0.500506964325873 -0.339879064758775 88 68 0.048040641914359
0.0440904221326594 -0.603391278256625 88 68 0.048040641914359
0.544597386458532 -0.263512213497849 88 68 0.048040641914359
0.436200178837178 0.419230728814592 88 68 0.048040641914359
-0.144964371781912 0.587375800415608 88 68 0.048040641914359
-0.58116455061909 0.168145071601016 88 68 0.048040641914359
-0.436200178837178 -0.419230728814592 88 68 0.048040641914359
0.144964371781912 -0.587375800415607 88 68 0.048040641914359
0.581164550619091 -0.168145071601015 88 68 0.048040641914359
0.359461286941124 0.486633931400833 88 68 0.048040641914359
-0.241706703466053 0.554619571868478 88 68 0.048040641914359
-0.601167990407177 0.0679856404676446 88 68 0.048040641914359
-0.359461286941124 -0.486633931400833 88 68 0.048040641914359
0.241706703466054 -0.554619571868477 88 68 0.048040641914359
0.601167990407177 -0.0679856404676438 88 68 0.048040641914359
0.667010066998174 0.051561327786346 83 68 0.0434530062028388
0.288851613783255 0.603428326493552 83 68 0.0434530062028388
-0.378158453214919 0.551866998707206 83 68 0.0434530062028388
-0.667010066998174 -0.0515613277863459 83 68 0.0434530062028388
-0.288851613783256 -0.603428326493552 83 68 0.0434530062028388
0.378158453214919 -0.551866998707207 83 68 0.0434530062028388
0.652511666921642 0.147612751925912 83 68 0.0434530062028388
0.198419440370451 0.638898055782828 83 68 0.0434530062028388
-0.45409222655119 0.491285303856916 83 68 0.0434530062028388
-0.652511666921642 -0.147612751925912 83 68 0.0434530062028388
-0.198419440370451 -0.638898055782827 83 68 0.0434530062028388
0.454092226551191 -0.491285303856916 83 68 0.0434530062028388
0.624256143047852 0.240552006574503 83 68 0.0434530062028388
0.103803922899085 0.660897681635184 83 68 0.0434530062028388
-0.520452220148767 0.420345675060681 83 68 0.0434530062028388
-0.624256143047852 -0.240552006574503 83 68 0.0434530062028388
-0.103803922899086 -0.660897681635184 83 68 0.0434530062028388
0.520452220148767 -0.420345675060681 83 68 0.0434530062028388
0.582839216127244 0.328419622044999 83 68 0.0434530062028388
0.00699987227136931 0.668963378510501 83 68 0.0434530062028388
-0.575839343855875 0.340543756465503 83 68 0.0434530062028388
-0.582839216127244 -0.328419622044999 83 68 0.0434530062028388
-0.00699987227136969 -0.668963378510501 83 68 0.0434530062028388
0.575839343855875 -0.340543756465503 83 68 0.0434530062028388
0.529134093214699 0.409363055731533 83 68 0.0434530062028388
-0.089951759026983 0.662925094598139 83 68 0.0434530062028388
-0.619085852241682 0.253562038866606 83 68 0.0434530062028388
-0.529134093214699 -0.409363055731533 83 68 0.0434530062028388
0.0899517590269823 -0.662925094598139 83 68 0.0434530062028388
0.619085852241682 -0.253562038866606 83 68 0.0434530062028388
0.464273057550363 0.481675749890772 83 68 0.0434530062028388
-0.185006907017147 0.642910137076675 83 68 0.0434530062028388
-0.649279964567509 0.161234387185903 83 68 0.0434530062028388
-0.464273057550363 -0.481675749890772 83 68 0.0434530062028388
0.185006907017146 -0.642910137076675 83 68 0.0434530062028388
0.64927996456751 -0.161234387185903 83 68 0.0434530062028388
0.389623596249772 0.543833111575045 83 68 0.0434530062028388
-0.27616149191824 0.609340488053676 83 68 0.0434530062028388
-0.665785088168012 0.0655073764786313 83 68 0.0434530062028388
-0.389623596249772 -0.543833111575044 83 68 0.0434530062028388
0.276161491918239 -0.609340488053676 83 68 0.0434530062028388
0.665785088168012 -0.0655073764786317 83 68 0.0434530062028388
0.730831270691105 0.0563440660586796 92 68 0.0396672331434994
0.316620242786228 0.661090479327898 92 68 0.0396672331434994
-0.414211027904877 0.604746413269219 92 68 0.0396672331434994
-0.730831270691105 -0.0563440660586795 92 68 0.0396672331434994
-0.316620242786228 -0.661090479327898 92 68 0.0396672331434994
0.414211027904877 -0.604746413269219 92 68 0.0396672331434994
0.714907158498048 0.161854115574018 92 68 0.0396672331434994
0.217283803454862 0.700054818393666 92 68 0.0396672331434994
-0.497623355043186 0.538200702819649 92 68 0.0396672331434994
-0.714907158498048 -0.161854115574018 92 68 0.0396672331434994
-0.217283803454863 -0.700054818393666 92 68 0.0396672331434994
0.497623355043185 -0.538200702819649 92 68 0.0396672331434994
0.683833107150326 0.263934237197698 92 68 0.0396672331434994
0.113342799233489 0.724183961339877 92 68 0.0396672331434994
-0.570490307916837 0.46024972414218 92 68 0.0396672331434994
-0.683833107150326 -0.263934237197698 92 68 0.0396672331434994
-0.11334279923349 -0.724183961339877 92 68 0.0396672331434994
0.570490307916837 -0.46024972414218 92 68 0.0396672331434994
0.638267621716201 0.360421202301896 92 68 0.0396672331434994
0.00699989360212871 0.732966575970254 92 68 0.0396672331434994
-0.631267728114073 0.372545373668359 92 68 0.0396672331434994
-0.638267621716201 -0.360421202301896 92 68 0.0396672331434994
-0.00699989360212962 -0.732966575970254 92 68 0.0396672331434994
0.631267728114073 -0.372545373668359 92 68 0.0396672331434994
0.579176302167186 0.449270309510816 92 68 0.0396672331434994
-0.0994913501188715 0.726216545702123 92 68 0.0396672331434994
-0.678667652286057 0.276946236191307 92 68 0.0396672331434994
-0.579176302167186 -0.449270309510816 92 68 0.0396672331434994
0.0994913501188707 -0.726216545702123 92 68 0.0396672331434994
0.678667652286057 -0.276946236191307 92 68 0.0396672331434994
0.507811380887715 0.528598714944439 92 68 0.0396672331434994
-0.203874225105835 0.704076913651836 92 68 0.0396672331434994
-0.71168560599355 0.175478198707398 92 68 0.0396672331434994
-0.507811380887715 -0.528598714944438 92 68 0.0396672331434994
0.203874225105834 -0.704076913651836 92 68 0.0396672331434994
0.71168560599355 -0.175478198707398 92 68 0.0396672331434994
0.425685186020416 0.596725332462737 92 68 0.0396672331434994
-0.303936703984237 0.667016851339753 92 68 0.0396672331434994
-0.729621890004653 0.0702915188770162 92 68 0.0396672331434994
-0.425685186020416 -0.596725332462737 92 68 0.0396672331434994
0.303936703984237 -0.667016851339753 92 68 0.0396672331434994
0.729621890004653 -0.0702915188770163 92 68 0.0396672331434994
0.795177189284083 0.0538724200520655 87 68 0.0364901506242554
0.350933710313607 0.715579856455955 87 68 0.0364901506242554
-0.444243478970476 0.66170743640389 87 68 0.0364901506242554
-0.795177189284083 -0.0538724200520653 87 68 0.0364901506242554
-0.350933710313607 -0.715579856455955 87 68 0.0364901506242554
0.444243478970476 -0.66170743640389 87 68 0.0364901506242554
0.781831840096098 0.154751328950513 87 68 0.0364901506242554
0.256897337907502 0.75446189948601 87 68 0.0364901506242554
-0.524934502188595 0.599710570535497 87 68 0.0364901506242554
-0.781831840096098 -0.154751328950513 87 68 0.0364901506242554
-0.256897337907503 -0.75446189948601 87 68 0.0364901506242554
0.524934502188595 -0.599710570535497 87 68 0.0364901506242554
0.755741713834572 0.253107609467561 87 68 0.0364901506242554
0.158673237227228 0.78104532761411 87 68 0.0364901506242554
-0.597068476607345 0.527937718146549 87 68 0.0364901506242554
-0.755741713834572 -0.253107609467561 87 68 0.0364901506242554
-0.158673237227228 -0.78104532761411 87 68 0.0364901506242554
0.597068476607345 -0.527937718146548 87 68 0.0364901506242554
0.717332110194365 0.347337938734166 87 68 0.0364901506242554
0.057862576455272 0.794896799745701 87 68 0.0364901506242554
-0.659469533739093 0.447558861011536 87 68 0.0364901506242554
-0.717332110194365 -0.347337938734166 87 68 0.0364901506242554
-0.0578625764552724 -0.794896799745701 87 68 0.0364901506242554
0.659469533739093 -0.447558861011536 87 68 0.0364901506242554
0.667229150817973 0.435906251731638 87 68 0.0364901506242554
-0.0438913122590664 0.795790520619703 87 68 0.0364901506242554
-0.71112046307704 0.359884268888065 87 68 0.0364901506242554
-0.667229150817973 -0.435906251731638 87 68 0.0364901506242554
0.0438913122590663 -0.795790520619703 87 68 0.0364901506242554
0.71112046307704 -0.359884268888064 87 68 0.0364901506242554
0.606249572777525 0.517368780955199 87 68 0.0364901506242554
-0.144929721043426 0.783711921536399 87 68 0.0364901506242554
-0.751179293820951 0.2663431405812 87 68 0.0364901506242554
-0.606249572777525 -0.517368780955199 87 68 0.0364901506242554
0.144929721043426 -0.783711921536399 87 68 0.0364901506242554
0.751179293820951 -0.2663431405812 87 68 0.0364901506242554
0.535387414801436 0.590397591519677 87 68 0.0364901506242554
-0.24360560518847 0.758857897844359 87 68 0.0364901506242554
-0.778993019989906 0.168460306324682 87 68 0.0364901506242554
-0.535387414801436 -0.590397591519676 87 68 0.0364901506242554
0.24360560518847 -0.758857897844359 87 68 0.0364901506242554
0.778993019989906 -0.168460306324682 87 68 0.0364901506242554
0.455797813275869 0.653802228057488 87 68 0.0364901506242554
-0.338310431910717 0.721633599315043 87 68 0.0364901506242554
-0.794108245186587 0.0678313712575546 87 68 0.0364901506242554
-0.455797813275869 -0.653802228057488 87 68 0.0364901506242554
0.338310431910717 -0.721633599315043 87 68 0.0364901506242554
0.794108245186587 -0.0678313712575544 87 68 0.0364901506242554
0.859431426792694 0.0519482688939156 83 68 0.033786022087058
0.384727192851591 0.770263582860137 83 68 0.033786022087058
-0.474704233941102 0.718315313966221 83 68 0.033786022087058
-0.859431426792694 -0.0519482688939153 83 68 0.033786022087058
-0.384727192851591 -0.770263582860137 83 68 0.033786022087058
0.474704233941103 -0.718315313966221 83 68 0.033786022087058
0.847977294523772 0.149182800523869 83 68 0.033786022087058
0.294792552200509 0.80896127915192 83 68 0.033786022087058
-0.553184742323263 0.659778478628051 83 68 0.033786022087058
-0.847977294523772 -0.149182800523869 83 68 0.033786022087058
-0.294792552200509 -0.80896127915192 83 68 0.033786022087058
0.553184742323264 -0.65977847862805 83 68 0.033786022087058
0.825558277349919 0.244488303808249 83 68 0.033786022087058
0.201046056648848 0.837198592393674 83 68 0.033786022087058
-0.624512220701071 0.592710288585424 83 68 0.033786022087058
-0.825558277349919 -0.244488303808249 83 68 0.033786022087058
-0.201046056648848 -0.837198592393674 83 68 0.033786022087058
0.624512220701071 -0.592710288585424 83 68 0.033786022087058
0.792464267399828 0.336632418068216 83 68 0.033786022087058
0.104699907915456 0.854610396193783 83 68 0.033786022087058
-0.687764359484372 0.517977978125568 83 68 0.033786022087058
-0.792464267399828 -0.336632418068215 83 68 0.033786022087058
-0.104699907915455 -0.854610396193783 83 68 0.033786022087058
0.687764359484373 -0.517977978125567 83 68 0.033786022087058
0.749123191237676 0.424423661392576 83 68 0.033786022087058
0.00699992288566295 0.860971544872184 83 68 0.033786022087058
-0.742123268352013 0.436547883479608 83 68 0.033786022087058
-0.749123191237676 -0.424423661392576 83 68 0.033786022087058
-0.00699992288566248 -0.860971544872184 83 68 0.033786022087058
0.742123268352014 -0.436547883479607 83 68 0.033786022087058
0.696095476500905 0.506726837255516 83 68 0.033786022087058
-0.0907905755921673 0.856199784736975 83 68 0.033786022087058
-0.786886052093072 0.34947294748146 83 68 0.033786022087058
-0.696095476500905 -0.506726837255516 83 68 0.033786022087058
0.0907905755921677 -0.856199784736975 83 68 0.033786022087058
0.786886052093073 -0.349472947481459 83 68 0.033786022087058
0.634066805214982 0.582477713328558 83 68 0.033786022087058
-0.18740709427331 0.840356817676893 83 68 0.033786022087058
-0.821473899488292 0.257879104348335 83 68 0.033786022087058
-0.634066805214982 -0.582477713328558 83 68 0.033786022087058
0.18740709427331 -0.840356817676893 83 68 0.033786022087058
0.821473899488292 -0.257879104348335 83 68 0.033786022087058
0.563839247489389 0.650696782680382 83 68 0.033786022087058
-0.281600320217318 0.813647503316703 83 68 0.033786022087058
-0.845439567706707 0.162950720636321 83 68 0.033786022087058
-0.563839247489389 -0.650696782680381 83 68 0.033786022087058
0.281600320217318 -0.813647503316703 83 68 0.033786022087058
0.845439567706707 -0.162950720636321 83 68 0.033786022087058
0.486320890241768 0.710501929423457 83 68 0.033786022087058
-0.372152275197688 0.776417210052163 83 68 0.033786022087058
-0.858473165439456 0.0659152806287068 83 68 0.033786022087058
-0.486320890241768 -0.710501929423457 83 68 0.033786022087058
0.372152275197688 -0.776417210052163 83 68 0.033786022087058
0.858473165439456 -0.0659152806287062 83 68 0.033786022087058
0.923323292024263 0.055669546481697 91 68 0.0314566769311061
0.413450404541823 0.827456200039738 91 68 0.0314566769311061
-0.509872887482439 0.771786653558041 91 68 0.0314566769311061
-0.923323292024263 -0.0556695464816968 91 68 0.0314566769311061
-0.413450404541824 -0.827456200039738 91 68 0.0314566769311061
0.509872887482439 -0.771786653558041 91 68 0.0314566769311061
0.911004995113316 0.160296284668691 91 68 0.0314566769311061
0.31668184290131 0.869101611076996 91 68 0.0314566769311061
-0.594323152212007 0.708805326408305 91 68 0.0314566769311061
-0.911004995113317 -0.160296284668691 91 68 0.0314566769311061
-0.31668184290131 -0.869101611076996 91 68 0.0314566769311061
0.594323152212007 -0.708805326408305 91 68 0.0314566769311061
0.886869857664707 0.262843785480622 91 68 0.0314566769311061
0.215805533379268 0.899473719328636 91 68 0.0314566769311061
-0.671064324285439 0.636629933848015 91 68 0.0314566769311061
-0.886869857664707 -0.262843785480621 91 68 0.0314566769311061
-0.215805533379269 -0.899473719328636 91 68 0.0314566769311061
0.671064324285439 -0.636629933848015 91 68 0.0314566769311061
0.851230941705661 0.361981883362819 91 68 0.0314566769311061
0.112129964150894 0.918178561685863 91 68 0.0314566769311061
-0.739100977554768 0.556196678323044 91 68 0.0314566769311061
-0.851230941705661 -0.361981883362819 91 68 0.0314566769311061
-0.112129964150895 -0.918178561685862 91 68 0.0314566769311061
0.739100977554767 -0.556196678323044 91 68 0.0314566769311061
0.804550527233635 0.456424636854847 91 68 0.0314566769311061
0.00699993318743259 0.924973513639916 91 68 0.0314566769311061
-0.797550594046203 0.468548876785069 91 68 0.0314566769311061
-0.804550527233635 -0.456424636854847 91 68 0.0314566769311061
-0.00699993318743394 -0.924973513639916 91 68 0.0314566769311061
0.797550594046202 -0.468548876785069 91 68 0.0314566769311061
0.747434115883645 0.544947008812081 91 68 0.0314566769311061
-0.0982208954057819 0.919770436416439 91 68 0.0314566769311061
-0.845655011289427 0.374823427604358 91 68 0.0314566769311061
-0.747434115883645 -0.544947008812081 91 68 0.0314566769311061
0.0982208954057814 -0.919770436416439 91 68 0.0314566769311061
0.845655011289427 -0.374823427604358 91 68 0.0314566769311061
0.680622576837117 0.626400756624385 91 68 0.0314566769311061
-0.202167679767952 0.902636820242362 91 68 0.0314566769311061
-0.88279025660507 0.276236063617978 91 68 0.0314566769311061
-0.680622576837118 -0.626400756624385 91 68 0.0314566769311061
0.202167679767952 -0.902636820242362 91 68 0.0314566769311061
0.88279025660507 -0.276236063617977 91 68 0.0314566769311061
0.604982536849366 0.699729326316473 91 68 0.0314566769311061
-0.303492103938354 0.873794908915743 91 68 0.0314566769311061
-0.90847464078772 0.17406558259927 91 68 0.0314566769311061
-0.604982536849366 -0.699729326316473 91 68 0.0314566769311061
0.303492103938353 -0.873794908915743 91 68 0.0314566769311061
0.90847464078772 -0.17406558259927 91 68 0.0314566769311061
0.521495139048685 0.76398155733538 91 68 0.0314566769311061
-0.400879867150894 0.83361881703395 91 68 0.0314566769311061
-0.922375006199579 0.0696372596985695 91 68 0.0314566769311061
-0.521495139048685 -0.76398155733538 91 68 0.0314566769311061
0.400879867150894 -0.83361881703395 91 68 0.0314566769311061
0.922375006199579 -0.0696372596985696 91 68 0.0314566769311061
0.987537918558542 0.0537574125964175 87 68 0.0294293557039098
0.447213674329052 0.882111630970315 87 68 0.0294293557039098
-0.54032424422949 0.828354218373897 87 68 0.0294293557039098
-0.987537918558542 -0.0537574125964176 87 68 0.0294293557039098
-0.447213674329053 -0.882111630970314 87 68 0.0294293557039098
0.54032424422949 -0.828354218373897 87 68 0.0294293557039098
0.976823768848591 0.154713685924788 87 68 0.0294293557039098
0.354425902100302 0.923311041805733 87 68 0.0294293557039098
-0.622397866748289 0.768597355880944 87 68 0.0294293557039098
-0.976823768848591 -0.154713685924788 87 68 0.0294293557039098
-0.354425902100303 -0.923311041805732 87 68 0.0294293557039098
0.622397866748289 -0.768597355880945 87 68 0.0294293557039098
0.955816326599573 0.254039661875262 87 68 0.0294293557039098
0.257903362547 0.954781051124786 87 68 0.0294293557039098
-0.697912964052573 0.700741389249523 87 68 0.0294293557039098
-0.955816326599573 -0.254039661875262 87 68 0.0294293557039098
-0.257903362547001 -0.954781051124786 87 68 0.0294293557039098
0.697912964052573 -0.700741389249523 87 68 0.0294293557039098
0.924736957993868 0.350688691748462 87 68 0.0294293557039098
0.158663163122836 0.976190043315264 87 68 0.0294293557039098
-0.766073794871032 0.625501351566802 87 68 0.0294293557039098
-0.924736957993868 -0.350688691748462 87 68 0.0294293557039098
-0.158663163122836 -0.976190043315264 87 68 0.0294293557039098
0.766073794871032 -0.625501351566802 87 68 0.0294293557039098
0.883913162262339 0.443642335197389 87 68 0.0294293557039098
0.0577510486559789 0.987312420857317 87 68 0.0294293557039098
-0.82616211360636 0.543670085659927 87 68 0.0294293557039098
-0.883913162262339 -0.44364233519739 87 68 0.0294293557039098
-0.0577510486559799 -0.987312420857316 87 68 0.0294293557039098
0.826162113606359 -0.543670085659927 87 68 0.0294293557039098
0.833775120657143 0.531921092055173 87 68 0.0294293557039098
-0.043769618199969 0.988030981560107 87 68 0.0294293557039098
-0.877544738857112 0.456109889504934 87 68 0.0294293557039098
-0.833775120657143 -0.531921092055172 87 68 0.0294293557039098
0.0437696181999678 -0.988030981560107 87 68 0.0294293557039098
0.877544738857111 -0.456109889504935 87 68 0.0294293557039098
0.774851163411467 0.614594723830181 87 68 0.0294293557039098
-0.144829062163085 0.978338153581348 87 68 0.0294293557039098
-0.919680225574552 0.363743429751167 87 68 0.0294293557039098
-0.774851163411467 -0.614594723830181 87 68 0.0294293557039098
0.144829062163083 -0.978338153581348 87 68 0.0294293557039098
0.919680225574551 -0.363743429751168 87 68 0.0294293557039098
0.707762202453164 0.690792056105631 87 68 0.0294293557039098
-0.24436236809338 0.958336075215681 87 68 0.0294293557039098
-0.952124570546544 0.26754401911005 87 68 0.0294293557039098
-0.707762202453164 -0.690792056105632 87 68 0.0294293557039098
0.244362368093379 -0.958336075215681 87 68 0.0294293557039098
0.952124570546544 -0.26754401911005 87 68 0.0294293557039098
0.633215188537642 0.759710158550772 87 68 0.0294293557039098
-0.341320702549251 0.928235518611137 87 68 0.0294293557039098
-0.974535891086893 0.168525360060365 87 68 0.0294293557039098
-0.633215188537642 -0.759710158550772 87 68 0.0294293557039098
0.34132070254925 -0.928235518611137 87 68 0.0294293557039098
0.974535891086893 -0.168525360060366 87 68 0.0294293557039098
0.551995661745533 0.820622805809168 87 68 0.0294293557039098
-0.434682365882837 0.888353668755017 87 68 0.0294293557039098
-0.98667802762837 0.0677308629458492 87 68 0.0294293557039098
-0.551995661745534 -0.820622805809167 87 68 0.0294293557039098
0.434682365882836 -0.888353668755018 87 68 0.0294293557039098
0.98667802762837 -0.0677308629458502 87 68 0.0294293557039098
1.05145033151532 0.05710692038899 94 68 0.0276489878152919
0.476269121968902 0.939136158104336 94 68 0.0276489878152919
-0.575181209546423 0.882029237715346 94 68 0.0276489878152919
-1.05145033151532 -0.0571069203889902 94 68 0.0276489878152919
-0.476269121968902 -0.939136158104335 94 68 0.0276489878152919
0.575181209546423 -0.882029237715346 94 68 0.0276489878152919
1.04003582264668 0.164725491687363 94 68 0.0276489878152919
0.377361450871202 0.983060189101553 94 68 0.0276489878152919
-0.662674371775479 0.81833469741419 94 68 0.0276489878152919
-1.04003582264668 -0.164725491687363 94 68 0.0276489878152919
-0.377361450871202 -0.983060189101553 94 68 0.0276489878152919
0.662674371775479 -0.81833469741419 94 68 0.0276489878152919
1.01763569824496 0.27060411241791 94 68 0.0276489878152919
0.274467813400032 1.01660042268701 94 68 0.0276489878152919
-0.743167884844932 0.745996310269099 94 68 0.0276489878152919
-1.01763569824496 -0.270604112417911 94 68 0.0276489878152919
-0.274467813400032 -1.01660042268701 94 68 0.0276489878152919
0.743167884844932 -0.745996310269099 94 68 0.0276489878152919
0.984486564732005 0.373624415505968 94 68 0.0276489878152919
0.168675047063721 1.03940258249537 94 68 0.0276489878152919
-0.815811517668284 0.665778166989405 94 68 0.0276489878152919
-0.984486564732005 -0.373624415505968 94 68 0.0276489878152919
-0.168675047063722 -1.03940258249537 94 68 0.0276489878152919
0.815811517668284 -0.665778166989405 94 68 0.0276489878152919
0.940938567389434 0.472698225508748 94 68 0.0276489878152919
0.0611006120803164 1.05122581551416 94 68 0.0276489878152919
-0.879837955309118 0.578527590005412 94 68 0.0276489878152919
-0.940938567389434 -0.472698225508748 94 68 0.0276489878152919
-0.0611006120803172 -1.05122581551416 94 68 0.0276489878152919
0.879837955309118 -0.578527590005413 94 68 0.0276489878152919
0.887451691869308 0.566779052716579 94 68 0.0276489878152919
-0.0471192120507831 1.05194523614859 94 68 0.0276489878152919
-0.934570903920091 0.485166183432011 94 68 0.0276489878152919
-0.887451691869308 -0.56677905271658 94 68 0.0276489878152919
0.0471192120507825 -1.05194523614859 94 68 0.0276489878152919
0.934570903920091 -0.485166183432011 94 68 0.0276489878152919
0.824590905490764 0.654873146939101 94 68 0.0276489878152919
-0.154841328760139 1.04155324535417 94 68 0.0276489878152919
-0.979432234250903 0.386680098415064 94 68 0.0276489878152919
-0.824590905490764 -0.654873146939101 94 68 0.0276489878152919
0.154841328760138 -1.04155324535417 94 68 0.0276489878152919
0.979432234250903 -0.386680098415065 94 68 0.0276489878152919
0.753020189643891 0.736049994218245 94 68 0.0276489878152919
-0.260927898626444 1.02015961090331 94 68 0.0276489878152919
-1.01394808827033 0.284109616685063 94 68 0.0276489878152919
-0.753020189643891 -0.736049994218245 94 68 0.0276489878152919
0.260927898626443 -1.02015961090331 94 68 0.0276489878152919
1.01394808827033 -0.284109616685063 94 68 0.0276489878152919
0.673495526334884 0.809452145594104 94 68 0.0276489878152919
-0.364258358064872 0.987990307938233 94 68 0.0276489878152919
-1.03775388439976 0.178538162344129 94 68 0.0276489878152919
-0.673495526334884 -0.809452145594103 94 68 0.0276489878152919
0.364258358064871 -0.987990307938233 94 68 0.0276489878152919
1.03775388439976 -0.178538162344129 94 68 0.0276489878152919
0.586856912953724 0.874304274105088 94 68 0.0276489878152919
-0.463741255535457 0.945385132056982 94 68 0.0276489878152919
-1.05059816848918 0.0710808579518937 94 68 0.0276489878152919
-0.586856912953724 -0.874304274105088 94 68 0.0276489878152919
0.463741255535457 -0.945385132056982 94 68 0.0276489878152919
1.05059816848918 -0.0710808579518938 94 68 0.0276489878152919
1.11563337369897 0.0552374464385325 90 68 0.026073124003262
0.509979654993535 0.993785566152314 90 68 0.026073124003262
-0.605653718705437 0.938548119713782 90 68 0.026073124003262
-1.11563337369897 -0.0552374464385324 90 68 0.026073124003262
-0.509979654993535 -0.993785566152314 90 68 0.026073124003262
0.605653718705438 -0.938548119713781 90 68 0.026073124003262
1.10559170448796 0.159235620912591 90 68 0.026073124003262
0.414893759346285 1.0370883127562 90 68 0.026073124003262
-0.69069794514167 0.877852691843612 90 68 0.026073124003262
-1.10559170448796 -0.159235620912591 90 68 0.026073124003262
-0.414893759346285 -1.0370883127562 90 68 0.026073124003262
0.690697945141671 -0.877852691843611 90 68 0.026073124003262
1.08587683742983 0.261840588781406 90 68 0.026073124003262
0.316177817088342 1.07131722098604 90 68 0.026073124003262
-0.769699020341487 0.809476632204634 90 68 0.026073124003262
-1.08587683742983 -0.261840588781406 90 68 0.026073124003262
-0.316177817088342 -1.07131722098604 90 68 0.026073124003262
0.769699020341487 -0.809476632204633 90 68 0.026073124003262
1.05666126460174 0.362154624283956 90 68 0.026073124003262
0.214695527572955 1.09617281048207 90 68 0.026073124003262
-0.841965737028784 0.734018186198119 90 68 0.026073124003262
-1.05666126460174 -0.362154624283956 90 68 0.026073124003262
-0.214695527572955 -1.09617281048207 90 68 0.026073124003262
0.841965737028785 -0.734018186198118 90 68 0.026073124003262
1.01820060298691 0.459300045805663 90 68 0.026073124003262
0.111334793866397 1.11143761123813 90 68 0.026073124003262
-0.906865809120517 0.65213756543247 90 68 0.026073124003262
-1.01820060298691 -0.459300045805663 90 68 0.026073124003262
-0.111334793866397 -1.11143761123813 90 68 0.026073124003262
0.906865809120518 -0.652137565432469 90 68 0.026073124003262
0.970831357994739 0.552426895013351 90 68 0.026073124003262
0.00699995418204863 1.11697806632066 90 68 0.026073124003262
-0.96383140381269 0.564551171307313 90 68 0.026073124003262
-0.970831357994739 -0.552426895013351 90 68 0.026073124003262
-0.00699995418204802 -1.11697806632066 90 68 0.026073124003262
0.963831403812691 -0.564551171307312 90 68 0.026073124003262
0.914967979260477 0.640720373429782 90 68 0.026073124003262
-0.0973961304822039 1.11274570040378 90 68 0.026073124003262
-1.01236410974268 0.472025326973996 90 68 0.026073124003262
-0.914967979260478 -0.640720373429781 90 68 0.026073124003262
0.097396130482204 -1.11274570040378 90 68 0.026073124003262
1.01236410974268 -0.472025326973996 90 68 0.026073124003262
0.851099234484459 0.723407971382655 90 68 0.026073124003262
-0.200940063275316 1.09877754389636 90 68 0.026073124003262
-1.05203929775977 0.375369572513703 90 68 0.026073124003262
-0.851099234484459 -0.723407971382655 90 68 0.026073124003262
0.200940063275316 -1.09877754389636 90 68 0.026073124003262
1.05203929775978 -0.375369572513702 90 68 0.026073124003262
0.779783933037228 0.799766226954471 90 68 0.026073124003262
-0.302725903112789 1.07519580895042 90 68 0.026073124003262
-1.08250983615002 0.275429581995948 90 68 0.026073124003262
-0.779783933037228 -0.799766226954471 90 68 0.026073124003262
0.302725903112789 -1.07519580895042 90 68 0.026073124003262
1.08250983615002 -0.275429581995947 90 68 0.026073124003262
0.701646036746308 0.869127055796906 90 68 0.026073124003262
-0.401863091063342 1.04220682018543 90 68 0.026073124003262
-1.10350912780965 0.173079764388519 90 68 0.026073124003262
-0.701646036746308 -0.869127055796906 90 68 0.026073124003262
0.401863091063342 -1.04220682018543 90 68 0.026073124003262
1.10350912780965 -0.173079764388518 90 68 0.026073124003262
0.61736920064195 0.930883596427996 90 68 0.026073124003262
-0.49748424215189 1.00009920948402 90 68 0.026073124003262
-1.11485344279384 0.0692156130560231 90 68 0.026073124003262
-0.617369200641949 -0.930883596427996 90 68 0.026073124003262
0.49748424215189 -1.00009920948402 90 68 0.026073124003262
1.11485344279384 -0.0692156130560228 90 68 0.026073124003262
1.17977945547371 0.0536790130513522 87 68 0.0246685164994042
0.543402338784305 1.04855848582888 87 68 0.0246685164994042
-0.6363771166894 0.994879472777525 87 68 0.0246685164994042
-1.17977945547371 -0.053679013051352 87 68 0.0246685164994042
-0.543402338784306 -1.04855848582888 87 68 0.0246685164994042
0.6363771166894 -0.994879472777525 87 68 0.0246685164994042
1.1708310132513 0.15464714161254 87 68 0.0246685164994042
0.451487153366542 1.09129297182057 87 68 0.0246685164994042
-0.71934385988476 0.936645830208033 87 68 0.0246685164994042
-1.1708310132513 -0.15464714161254 87 68 0.0246685164994042
-0.451487153366543 -1.09129297182057 87 68 0.0246685164994042
0.71934385988476 -0.936645830208033 87 68 0.0246685164994042
1.15325753465641 0.254476047513742 87 68 0.0246685164994042
0.35624604552665 1.12598834587514 87 68 0.0246685164994042
-0.797011489129762 0.871512298361394 87 68 0.0246685164994042
-1.15325753465641 -0.254476047513742 87 68 0.0246685164994042
-0.35624604552665 -1.12598834587514 87 68 0.0246685164994042
0.797011489129762 -0.871512298361394 87 68 0.0246685164994042
1.12718847636583 0.352430331765114 87 68 0.0246685164994042
0.258380617810151 1.15238902126845 87 68 0.0246685164994042
-0.868807858555684 0.799958689503331 87 68 0.0246685164994042
-1.12718847636583 -0.352430331765114 87 68 0.0246685164994042
-0.258380617810151 -1.15238902126845 87 68 0.0246685164994042
0.868807858555684 -0.799958689503331 87 68 0.0246685164994042
1.09281587854029 0.447788404952859 87 68 0.0246685164994042
0.158611805060854 1.17030051495133 87 68 0.0246685164994042
-0.934204073479431 0.722512109998467 87 68 0.0246685164994042
-1.09281587854028 -0.447788404952859 87 68 0.0246685164994042
-0.158611805060854 -1.17030051495133 87 68 0.0246685164994042
0.934204073479432 -0.722512109998467 87 68 0.0246685164994042
1.05039295014255 0.539847802895256 87 68 0.0246685164994042
0.0576745635867682 1.17959088022716 87 68 0.0246685164994042
-0.992718386555779 0.6397430773319 87 68 0.0246685164994042
-1.05039295014255 -0.539847802895255 87 68 0.0246685164994042
-0.0576745635867689 -1.17959088022716 87 68 0.0246685164994042
0.99271838655578 -0.6397430773319 87 68 0.0246685164994042
1.00023220364993 0.627930361410886 87 68 0.0246685164994042
-0.0436875429644062 1.18019167874957 87 68 0.0246685164994042
-1.04391974661434 0.552261317338686 87 68 0.0246685164994042
-1.00023220364993 -0.627930361410886 87 68 0.0246685164994042
0.0436875429644061 -1.18019167874957 87 68 0.0246685164994042
1.04391974661434 -0.552261317338686 87 68 0.0246685164994042
0.942703152901808 0.711387212078619 87 68 0.0246685164994042
-0.144727821136568 1.17209848467996 87 68 0.0246685164994042
-1.08743097403838 0.460711272601343 87 68 0.0246685164994042
-0.942703152901808 -0.711387212078619 87 68 0.0246685164994042
0.144727821136567 -1.17209848467996 87 68 0.0246685164994042
1.08743097403838 -0.460711272601343 87 68 0.0246685164994042
0.878229591041312 0.78960356218764 87 68 0.0246685164994042
-0.244701948252526 1.15537091729081 87 68 0.0246685164994042
-1.12293153929384 0.365767355103175 87 68 0.0246685164994042
-0.878229591041312 -0.78960356218764 87 68 0.0246685164994042
0.244701948252525 -1.15537091729081 87 68 0.0246685164994042
1.12293153929384 -0.365767355103175 87 68 0.0246685164994042
0.807286468603417 0.862003223665564 87 68 0.0246685164994042
-0.342873455536749 1.13013220177477 87 68 0.0246685164994042
-1.15015992414017 0.268128978109206 87 68 0.0246685164994042
-0.807286468603417 -0.862003223665564 87 68 0.0246685164994042
0.342873455536749 -1.13013220177477 87 68 0.0246685164994042
1.15015992414017 -0.268128978109206 87 68 0.0246685164994042
0.730396394747327 0.928052857621864 87 68 0.0246685164994042
-0.438519153381613 1.09656826149468 87 68 0.0246685164994042
-1.16891554812894 0.168515403872821 87 68 0.0246685164994042
-0.730396394747328 -0.928052857621863 87 68 0.0246685164994042
0.438519153381612 -1.09656826149468 87 68 0.0246685164994042
1.16891554812894 -0.168515403872821 87 68 0.0246685164994042
0.64812578740713 0.987265903238782 87 68 0.0246685164994042
-0.53093445879141 1.05492634836176 87 68 0.0246685164994042
-1.17906024619854 0.0676604451229766 87 68 0.0246685164994042
-0.64812578740713 -0.987265903238782 87 68 0.0246685164994042
0.530934458791409 -1.05492634836176 87 68 0.0246685164994042
1.17906024619854 -0.0676604451229757 87 68 0.0246685164994042
1.24371864372032 0.0564706584208669 92 68 0.0234087539866421
0.572954297099256 1.10532726983256 92 68 0.0234087539866421
-0.670764346621065 1.04885661141169 92 68 0.0234087539866421
-1.24371864372032 -0.0564706584208671 92 68 0.0234087539866421
-0.572954297099257 -1.10532726983256 92 68 0.0234087539866421
0.670764346621065 -1.04885661141169 92 68 0.0234087539866421
1.23428348977338 0.163000818626286 92 68 0.0234087539866421
0.475978895118668 1.1504212669286 92 68 0.0234087539866421
-0.758304594654715 0.987420448302317 92 68 0.0234087539866421
-1.23428348977338 -0.163000818626286 92 68 0.0234087539866421
-0.475978895118669 -1.1504212669286 92 68 0.0234087539866421
0.758304594654715 -0.987420448302317 92 68 0.0234087539866421
1.2157405080367 0.268328189198743 92 68 0.0234087539866421
0.375491225620759 1.18702625896895 92 68 0.0234087539866421
-0.840249282415937 0.918698069770207 92 68 0.0234087539866421
-1.2157405080367 -0.268328189198743 92 68 0.0234087539866421
-0.37549122562076 -1.18702625896895 92 68 0.0234087539866421
0.840249282415936 -0.918698069770207 92 68 0.0234087539866421
1.18822652792244 0.371675555210978 92 68 0.0234087539866421
0.272232791182826 1.2148721362369 92 68 0.0234087539866421
-0.915993736739612 0.843196581025921 92 68 0.0234087539866421
-1.18822652792244 -0.371675555210979 92 68 0.0234087539866421
-0.272232791182827 -1.2148721362369 92 68 0.0234087539866421
0.915993736739611 -0.843196581025922 92 68 0.0234087539866421
1.15194457620263 0.472280312269461 92 68 0.0234087539866421
0.166965539968715 1.23375342287791 92 68 0.0234087539866421
-0.984979036233917 0.761473110608447 92 68 0.0234087539866421
-1.15194457620263 -0.472280312269461 92 68 0.0234087539866421
-0.166965539968715 -1.23375342287791 92 68 0.0234087539866421
0.984979036233917 -0.761473110608447 92 68 0.0234087539866421
1.10716237886639 0.569400093803052 92 68 0.0234087539866421
0.0604662432825082 1.24353079311423 92 68 0.0234087539866421
-1.04669613558388 0.674130699311176 92 68 0.0234087539866421
-1.10716237886639 -0.569400093803052 92 68 0.0234087539866421
-0.0604662432825086 -1.24353079311423 92 68 0.0234087539866421
1.04669613558388 -0.674130699311176 92 68 0.0234087539866421
1.05421038555899 0.662318249015952 92 68 0.0234087539866421
-0.0464792362583448 1.24413209933545 92 68 0.0234087539866421
-1.10068962181734 0.581813850319501 92 68 0.0234087539866421
-1.05421038555899 -0.662318249015952 92 68 0.0234087539866421
0.0464792362583444 -1.24413209933545 92 68 0.0234087539866421
1.10068962181734 -0.581813850319501 92 68 0.0234087539866421
0.993479331180633 0.750349131082913 92 68 0.0234087539866421
-0.153081743635066 1.23555290447866 92 68 0.0234087539866421
-1.1465610748157 0.485203773395745 92 68 0.0234087539866421
-0.993479331180633 -0.750349131082913 92 68 0.0234087539866421
0.153081743635065 -1.23555290447866 92 68 0.0234087539866421
1.1465610748157 -0.485203773395745 92 68 0.0234087539866421
0.925417352637735 0.832843156564888 92 68 0.0234087539866421
-0.258554654634346 1.21785651476966 92 68 0.0234087539866421
-1.18397200727208 0.385013358204776 92 68 0.0234087539866421
-0.925417352637735 -0.832843156564888 92 68 0.0234087539866421
0.258554654634346 -1.21785651476966 92 68 0.0234087539866421
1.18397200727208 -0.385013358204776 92 68 0.0234087539866421
0.85052668202263 0.909191598711501 92 68 0.0234087539866421
-0.362119680380232 1.19117351258384 92 68 0.0234087539866421
-1.21264636240286 0.281981913872337 92 68 0.0234087539866421
-0.85052668202263 -0.909191598711501 92 68 0.0234087539866421
0.362119680380231 -1.19117351258384 92 68 0.0234087539866421
1.21264636240286 -0.281981913872337 92 68 0.0234087539866421
0.769359940622628 0.978831079280356 92 68 0.0234087539866421
-0.463012610359214 1.15570079287346 92 68 0.0234087539866421
-1.23237255098184 0.176869713593105 92 68 0.0234087539866421
-0.769359940622629 -0.978831079280355 92 68 0.0234087539866421
0.463012610359213 -1.15570079287346 92 68 0.0234087539866421
1.23237255098184 -0.176869713593106 92 68 0.0234087539866421
0.682516061105183 1.04124772572787 92 68 0.0234087539866421
-0.560488951560517 1.11170011027192 92 68 0.0234087539866421
-1.2430050126657 0.0704523845440448 92 68 0.0234087539866421
-0.682516061105184 -1.04124772572787 92 68 0.0234087539866421
0.560488951560516 -1.11170011027192 92 68 0.0234087539866421
1.2430050126657 -0.0704523845440455 92 68 0.0234087539866421
1.30784667535772 0.0549369980591203 89 68 0.022272590350921
0.606346501752008 1.16009694414437 89 68 0.022272590350921
-0.701500173605716 1.10515994608525 89 68 0.022272590350921
-1.30784667535772 -0.0549369980591202 89 68 0.022272590350921
-0.606346501752008 -1.16009694414437 89 68 0.022272590350921
0.701500173605717 -1.10515994608525 89 68 0.022272590350921
1.29937228598728 0.158469752344705 89 68 0.022272590350921
0.512447311731697 1.2045242848108 89 68 0.022272590350921
-0.786924974255583 1.04605453246609 89 68 0.022272590350921
-1.29937228598728 -0.158469752344705 89 68 0.022272590350921
-0.512447311731697 -1.20452428481079 89 68 0.022272590350921
0.786924974255583 -1.04605453246609 89 68 0.022272590350921
1.28271494806639 0.261004524878468 89 68 0.022272590350921
0.415320924985755 1.24136599327877 89 68 0.022272590350921
-0.867394023080636 0.980361468400298 89 68 0.022272590350921
-1.28271494806639 -0.261004524878468 89 68 0.022272590350921
-0.415320924985756 -1.24136599327877 89 68 0.022272590350921
0.867394023080636 -0.980361468400298 89 68 0.022272590350921
1.25797956312379 0.361895590969092 89 68 0.022272590350921
0.315579006265081 1.2703900545914 89 68 0.022272590350921
-0.942400556858713 0.90849446362231 89 68 0.022272590350921
-1.25797956312379 -0.361895590969092 89 68 0.022272590350921
-0.315579006265082 -1.2703900545914 89 68 0.022272590350921
0.942400556858713 -0.908494463622309 89 68 0.022272590350921
1.22532190513169 0.460507577358334 89 68 0.022272590350921
0.213849691938301 1.29141368633676 89 68 0.022272590350921
-1.01147221319339 0.830906108978424 89 68 0.022272590350921
-1.22532190513169 -0.460507577358334 89 68 0.022272590350921
-0.213849691938302 -1.29141368633676 89 68 0.022272590350921
1.01147221319339 -0.830906108978424 89 68 0.022272590350921
1.184947639501 0.556219463558237 89 68 0.022272590350921
0.110773634229712 1.30430448974139 89 68 0.022272590350921
-1.07417400527129 0.748085026183151 89 68 0.022272590350921
-1.184947639501 -0.556219463558237 89 68 0.022272590350921
-0.110773634229713 -1.30430448974139 89 68 0.022272590350921
1.07417400527129 -0.74808502618315 89 68 0.022272590350921
1.13711102787942 0.648428492800103 89 68 0.022272590350921
0.0069999666371645 1.30898128346706 89 68 0.022272590350921
-1.13011106124225 0.66055279066696 89 68 0.022272590350921
-1.13711102787942 -0.648428492800103 89 68 0.022272590350921
-0.00699996663716524 -1.30898128346706 89 68 0.022272590350921
1.13011106124225 -0.660552790666959 89 68 0.022272590350921
1.08211332690906 0.736553967965554 89 68 0.022272590350921
-0.0968177840618683 1.30541461485972 89 68 0.022272590350921
-1.17893111097093 0.568860646894165 89 68 0.022272590350921
-1.08211332690906 -0.736553967965554 89 68 0.022272590350921
0.0968177840618676 -1.30541461485972 89 68 0.022272590350921
1.17893111097093 -0.568860646894165 89 68 0.022272590350921
1.0203008910276 0.820040908594378 89 68 0.022272590350921
-0.200025813471406 1.29362694543099 89 68 0.022272590350921
-1.220326704499 0.473586036836607 89 68 0.022272590350921
-1.0203008910276 -0.820040908594378 89 68 0.022272590350921
0.200025813471405 -1.29362694543099 89 68 0.022272590350921
1.220326704499 -0.473586036836607 89 68 0.022272590350921
0.95206299126077 0.898363545938723 89 68 0.022272590350921
-0.301974156986417 1.27369250940419 89 68 0.022272590350921
-1.25403714824719 0.375328963465467 89 68 0.022272590350921
-0.95206299126077 -0.898363545938722 89 68 0.022272590350921
0.301974156986417 -1.27369250940419 89 68 0.022272590350921
1.25403714824719 -0.375328963465467 89 68 0.022272590350921
0.877829363742718 0.971028634053114 89 68 0.022272590350921
-0.402020783020741 1.24573684621568 89 68 0.022272590350921
-1.27985014676346 0.274708212162567 89 68 0.022272590350921
-0.877829363742718 -0.971028634053113 89 68 0.022272590350921
0.40202078302074 -1.24573684621568 89 68 0.022272590350921
1.27985014676346 -0.274708212162567 89 68 0.022272590350921
0.798067503402525 1.03757855606834 89 68 0.022272590350921
-0.499535636275897 1.20993600991558 89 68 0.022272590350921
-1.29760313967842 0.17235745384724 89 68 0.022272590350921
-0.798067503402525 -1.03757855606834 89 68 0.022272590350921
0.499535636275896 -1.20993600991558 89 68 0.022272590350921
1.29760313967842 -0.17235745384724 89 68 0.022272590350921
0.713279719860375 1.09759420608707 89 68 0.022272590350921
-0.593904605587828 1.16651546044687 89 68 0.022272590350921
-1.3071843254482 0.0689212543597973 89 68 0.022272590350921
-0.713279719860375 -1.09759420608707 89 68 0.022272590350921
0.593904605587827 -1.16651546044687 89 68 0.022272590350921
1.3071843254482 -0.0689212543597974 89 68 0.022272590350921
1.37179485976796 0.0575140218920467 94 68 0.0212427408468538
0.636088825851654 1.21676620828599 94 68 0.0212427408468538
-0.735706033916307 1.15925218639394 94 68 0.0212427408468538
-1.37179485976796 -0.0575140218920464 94 68 0.0212427408468538
-0.636088825851654 -1.21676620828599 94 68 0.0212427408468538
0.735706033916308 -1.15925218639394 94 68 0.0212427408468538
1.36290566240069 0.166184100912589 94 68 0.0212427408468538
0.537533178104969 1.26340297705695 94 68 0.0212427408468538
-0.825372484295725 1.09721887614437 94 68 0.0212427408468538
-1.36290566240069 -0.166184100912588 94 68 0.0212427408468538
-0.537533178104969 -1.26340297705695 94 68 0.0212427408468538
0.825372484295726 -1.09721887614436 94 68 0.0212427408468538
1.34542156228844 0.273806171824784 94 68 0.0212427408468538
0.435587680630989 1.30207233765353 94 68 0.0212427408468538
-0.909833881657448 1.02826616582874 94 68 0.0212427408468538
-1.34542156228844 -0.273806171824784 94 68 0.0212427408468538
-0.435587680630989 -1.30207233765353 94 68 0.0212427408468538
0.909833881657448 -1.02826616582874 94 68 0.0212427408468538
1.31945281954984 0.379701536712685 94 68 0.0212427408468538
0.330895233125746 1.33253042918151 94 68 0.0212427408468538
-0.988557586424095 0.952828892468825 94 68 0.0212427408468538
-1.31945281954984 -0.379701536712684 94 68 0.0212427408468538
-0.330895233125746 -1.33253042918151 94 68 0.0212427408468538
0.988557586424096 -0.952828892468825 94 68 0.0212427408468538
1.28516320107238 0.483202386800185 94 68 0.0212427408468538
0.224116058397955 1.3545851735377 94 68 0.0212427408468538
-1.06104714267442 0.871382786737517 94 68 0.0212427408468538
-1.28516320107238 -0.483202386800185 94 68 0.0212427408468538
-0.224116058397955 -1.3545851735377 94 68 0.0212427408468538
1.06104714267442 -0.871382786737516 94 68 0.0212427408468538
1.24276894774792 0.583656013858778 94 68 0.0212427408468538
0.115923538800698 1.36809748671355 94 68 0.0212427408468538
-1.12684540894723 0.784441472854769 94 68 0.0212427408468538
-1.24276894774792 -0.583656013858778 94 68 0.0212427408468538
-0.115923538800699 -1.36809748671355 94 68 0.0212427408468538
1.12684540894723 -0.784441472854769 94 68 0.0212427408468538
1.19253741079111 0.680428926386617 94 68 0.0212427408468538
0.00699996967497051 1.37298215590173 94 68 0.0212427408468538
-1.18553744111614 0.692553229515109 94 68 0.0212427408468538
-1.19253741079111 -0.680428926386617 94 68 0.0212427408468538
-0.00699996967497099 -1.37298215590173 94 68 0.0212427408468538
1.18553744111614 -0.692553229515108 94 68 0.0212427408468538
1.13478536574024 0.772910844600977 94 68 0.0212427408468538
-0.101967743414814 1.36920837687435 94 68 0.0212427408468538
-1.23675310915505 0.596297532273373 94 68 0.0212427408468538
-1.13478536574024 -0.772910844600977 94 68 0.0212427408468538
0.101967743414814 -1.36920837687435 94 68 0.0212427408468538
1.23675310915505 -0.596297532273372 94 68 0.0212427408468538
1.06987701477323 0.860518549050466 94 68 0.0212427408468538
-0.210292416518813 1.35679994824391 94 68 0.0212427408468538
-1.28016943129204 0.496281399193445 94 68 0.0212427408468538
-1.06987701477323 -0.860518549050465 94 68 0.0212427408468538
0.210292416518812 -1.35679994824391 94 68 0.0212427408468538
1.28016943129204 -0.496281399193445 94 68 0.0212427408468538
0.998221689936531 0.942699558576462 94 68 0.0212427408468538
-0.317290920895328 1.3358351213819 94 68 0.0212427408468538
-1.31551261083186 0.393135562805438 94 68 0.0212427408468538
-0.998221689936531 -0.942699558576462 94 68 0.0212427408468538
0.317290920895327 -1.3358351213819 94 68 0.0212427408468538
1.31551261083186 -0.393135562805437 94 68 0.0212427408468538
0.92027127177119 1.01893561442941 94 68 0.0212427408468538
-0.422288491030979 1.30644610694157 94 68 0.0212427408468538
-1.34255976280217 0.28751049251216 94 68 0.0212427408468538
-0.92027127177119 -1.01893561442941 94 68 0.0212427408468538
0.422288491030979 -1.30644610694157 94 68 0.0212427408468538
1.34255976280217 -0.287510492512159 94 68 0.0212427408468538
0.83651733961505 1.08874594856806 94 68 0.0212427408468538
-0.524622979919798 1.26881824109684 94 68 0.0212427408468538
-1.36114031953485 0.18007229252878 94 68 0.0212427408468538
-0.836517339615051 -1.08874594856806 94 68 0.0212427408468538
0.524622979919799 -1.26881824109684 94 68 0.0212427408468538
1.36114031953485 -0.180072292528779 94 68 0.0212427408468538
0.747488071552077 1.15169031553077 94 68 0.0212427408468538
-0.623649034766121 1.22318881675532 94 68 0.0212427408468538
-1.3711371063182 0.0714985012245554 94 68 0.0212427408468538
-0.747488071552077 -1.15169031553077 94 68 0.0212427408468538
0.623649034766121 -1.22318881675532 94 68 0.0212427408468538
1.3711371063182 -0.071498501224555 94 68 0.0212427408468538
1.43590783065551 0.0560151931371582 91 68 0.0203049999560676
0.669443335073083 1.27154025540925 91 68 0.0203049999560676
-0.766464495582424 1.2155250622721 91 68 0.0203049999560676
-1.43590783065551 -0.0560151931371576 91 68 0.0203049999560676
-0.669443335073083 -1.27154025540925 91 68 0.0203049999560676
0.766464495582425 -1.21552506227209 91 68 0.0203049999560676
1.42786822204411 0.161744676810717 91 68 0.0203049999560676
0.573859111977069 1.31744249195207 91 68 0.0203049999560676
-0.854009110067037 1.15569781514136 91 68 0.0203049999560676
-1.42786822204411 -0.161744676810716 91 68 0.0203049999560676
-0.573859111977068 -1.31744249195207 91 68 0.0203049999560676
0.854009110067039 -1.15569781514136 91 68 0.0203049999560676
1.41205414560286 0.266593491829354 91 68 0.0203049999560676
0.475150336393612 1.35617150752589 91 68 0.0203049999560676
-0.936903809209251 1.08957801569653 91 68 0.0203049999560676
-1.41205414560286 -0.266593491829353 91 68 0.0203049999560676
-0.475150336393612 -1.35617150752589 91 68 0.0203049999560676
0.936903809209252 -1.08957801569653 91 68 0.0203049999560676
1.38855170593629 0.369990756562135 91 68 0.0203049999560676
0.373854458619911 1.38751643009011 91 68 0.0203049999560676
-1.01469724731638 1.01752567352798 91 68 0.0203049999560676
-1.38855170593629 -0.369990756562135 91 68 0.0203049999560676
-0.373854458619911 -1.38751643009011 91 68 0.0203049999560676
1.01469724731638 -1.01752567352798 91 68 0.0203049999560676
1.35748886930786 0.471373492790239 91 68 0.0203049999560676
0.270523015226982 1.41130659257034 91 68 0.0203049999560676
-1.08696585408088 0.939933099780101 91 68 0.0203049999560676
-1.35748886930786 -0.471373492790239 91 68 0.0203049999560676
-0.270523015226981 -1.41130659257034 91 68 0.0203049999560676
1.08696585408088 -0.9399330997801 91 68 0.0203049999560676
1.31903476688832 0.570189691015074 91 68 0.0203049999560676
0.165718626049109 1.42741246210771 91 68 0.0203049999560676
-1.15331614083921 0.857222771092638 91 68 0.0203049999560676
-1.31903476688832 -0.570189691015073 91 68 0.0203049999560676
-0.165718626049108 -1.42741246210771 91 68 0.0203049999560676
1.15331614083922 -0.857222771092636 91 68 0.0203049999560676
1.27339877386901 0.66590131604382 91 68 0.0203049999560676
0.060011930827069 1.43574634534043 91 68 0.0203049999560676
-1.21338684304195 0.769845029296612 91 68 0.0203049999560676
-1.27339877386901 -0.665901316043819 91 68 0.0203049999560676
-0.0600119308270689 -1.43574634534043 91 68 0.0203049999560676
1.21338684304195 -0.769845029296612 91 68 0.0203049999560676
1.2208293694542 0.757987236487573 91 68 0.0203049999560676
-0.0460215178155026 1.43626286587726 91 68 0.0203049999560676
-1.2668508872697 0.678275629389686 91 68 0.0203049999560676
-1.2208293694542 -0.757987236487573 91 68 0.0203049999560676
0.0460215178155034 -1.43626286587726 91 68 0.0203049999560676
1.2668508872697 -0.678275629389685 91 68 0.0203049999560676
1.1616127839396 0.845946062221517 91 68 0.0203049999560676
-0.151804388145445 1.42895921136322 91 68 0.0203049999560676
-1.31341717208505 0.5830131491417 91 68 0.0203049999560676
-1.1616127839396 -0.845946062221517 91 68 0.0203049999560676
0.151804388145445 -1.42895921136322 91 68 0.0203049999560676
1.31341717208505 -0.583013149141699 91 68 0.0203049999560676
1.09607144024351 0.929298874357717 91 68 0.0203049999560676
-0.256760712780311 1.41387514879233 91 68 0.0203049999560676
-1.35283215302382 0.484576274434618 91 68 0.0203049999560676
-1.09607144024351 -0.929298874357717 91 68 0.0203049999560676
0.256760712780312 -1.41387514879233 91 68 0.0203049999560676
1.35283215302382 -0.484576274434616 91 68 0.0203049999560676
1.02456219837599 1.00759183286635 91 68 0.0203049999560676
-0.360319024719987 1.39109280798401 91 68 0.0203049999560676
-1.38488122309597 0.383500975117663 91 68 0.0203049999560676
-1.02456219837599 -1.00759183286635 91 68 0.0203049999560676
0.360319024719987 -1.39109280798401 91 68 0.0203049999560676
1.38488122309597 -0.383500975117662 91 68 0.0203049999560676
0.947474412404764 1.08039864764736 91 68 0.0203049999560676
-0.461915468874585 1.36073623440194 91 68 0.0203049999560676
-1.40938988127935 0.28033758675458 91 68 0.0203049999560676
-0.947474412404765 -1.08039864764736 91 68 0.0203049999560676
0.461915468874585 -1.36073623440194 91 68 0.0203049999560676
1.40938988127935 -0.280337586754578 91 68 0.0203049999560676
0.865227810497228 1.14732289959809 91 68 0.0203049999560676
-0.560996872146957 1.32297071375043 91 68 0.0203049999560676
-1.42622468264418 0.175647814152342 91 68 0.0203049999560676
-0.865227810497227 -1.14732289959809 91 68 0.0203049999560676
0.560996872146958 -1.32297071375043 91 68 0.0203049999560676
1.42622468264418 -0.175647814152339 91 68 0.0203049999560676
0.778270209581277 1.20800019903902 91 68 0.0203049999560676
-0.657023755353812 1.27800187202554 91 68 0.0203049999560676
-1.43529396493509 0.0700016729865153 91 68 0.0203049999560676
-0.778270209581277 -1.20800019903902 91 68 0.0203049999560676
0.657023755353812 -1.27800187202554 91 68 0.0203049999560676
1.43529396493509 -0.0700016729865136 91 68 0.0203049999560676
