 1.00000000e-01 6.50000000e+00
 2.00000000e-01 6.50000000e+00
 3.00000000e-01 6.50000000e+00
 4.00000000e-01 6.58906954e+00
 5.00000000e-01 6.64741440e+00
 6.00000000e-01 6.68864674e+00
 7.00000000e-01 6.83323245e+00
 8.00000000e-01 7.14010793e+00
 9.00000000e-01 7.62451687e+00
 1.00000000e+00 8.51169764e+00
 1.10000000e+00 9.67308219e+00
 1.20000000e+00 1.11821699e+01
 1.30000000e+00 1.34395736e+01
 1.40000000e+00 1.66388099e+01
 1.50000000e+00 2.09971191e+01
 1.60000000e+00 2.68279169e+01
 1.70000000e+00 3.42197707e+01
 1.80000000e+00 4.33840349e+01
 1.90000000e+00 5.22886150e+01
 2.00000000e+00 5.78720542e+01
 2.10000000e+00 5.84878520e+01
 2.20000000e+00 5.54121787e+01
 2.30000000e+00 5.09773348e+01
 2.40000000e+00 4.67414763e+01
 2.50000000e+00 4.34599795e+01
 2.60000000e+00 4.11995874e+01
 2.70000000e+00 3.97199662e+01
 2.80000000e+00 3.84713925e+01
 2.90000000e+00 3.69133688e+01
 3.00000000e+00 3.43069133e+01
 3.10000000e+00 3.06304486e+01
 3.20000000e+00 2.62968909e+01
 3.30000000e+00 2.20846070e+01
 3.40000000e+00 1.87260331e+01
 3.50000000e+00 1.62250990e+01
 3.60000000e+00 1.45983422e+01
 3.70000000e+00 1.35362396e+01
 3.80000000e+00 1.29466059e+01
 3.90000000e+00 1.27371801e+01
 4.00000000e+00 1.26154669e+01
 4.10000000e+00 1.26024372e+01
 4.20000000e+00 1.25589887e+01
 4.30000000e+00 1.25133054e+01
 4.40000000e+00 1.23648891e+01
 4.50000000e+00 1.22158192e+01
 4.60000000e+00 1.18850036e+01
 4.70000000e+00 1.15504466e+01
 4.80000000e+00 1.11283856e+01
 4.90000000e+00 1.06188120e+01
 5.00000000e+00 1.01052513e+01
 5.10000000e+00 9.61276070e+00
 5.20000000e+00 8.92205143e+00
 5.30000000e+00 8.53419524e+00
 5.40000000e+00 7.83872649e+00
 5.50000000e+00 7.23985218e+00
 5.60000000e+00 6.67367533e+00
 5.70000000e+00 6.29622181e+00
 5.80000000e+00 5.92094794e+00
 5.90000000e+00 5.62954326e+00
 6.00000000e+00 5.32084735e+00
 6.10000000e+00 5.22354913e+00
 6.20000000e+00 5.02348348e+00
 6.30000000e+00 4.92626963e+00
 6.40000000e+00 4.92827128e+00
 6.50000000e+00 4.92595052e+00
 6.60000000e+00 4.92147401e+00
 6.70000000e+00 4.90966245e+00
 6.80000000e+00 4.89332733e+00
 6.90000000e+00 4.77771023e+00
 7.00000000e+00 4.78005086e+00
 7.10000000e+00 4.58000011e+00
 7.20000000e+00 4.47443184e+00
 7.30000000e+00 4.37577323e+00
 7.40000000e+00 4.16542558e+00
 7.50000000e+00 3.96799411e+00
 7.60000000e+00 3.88641552e+00
 7.70000000e+00 3.70281053e+00
 7.80000000e+00 3.59434711e+00
 7.90000000e+00 3.37739669e+00
 8.00000000e+00 3.29102312e+00
 8.10000000e+00 3.23392497e+00
 8.20000000e+00 3.14510183e+00
 8.30000000e+00 2.98005917e+00
 8.40000000e+00 2.91793545e+00
 8.50000000e+00 2.80000000e+00
 8.60000000e+00 2.80000000e+00
 8.70000000e+00 2.80000000e+00
 8.80000000e+00 2.80000000e+00
 8.90000000e+00 2.80000000e+00
 9.00000000e+00 2.70000000e+00
 9.10000000e+00 2.70000000e+00
 9.20000000e+00 2.70000000e+00
 9.30000000e+00 2.70000000e+00
