#                   R1                   R2                   Z1                   Z2         MIRROR_ANGLE              MLENGTH               MTHICK      COATING                 RB1I                 RB1O                 RB2I                 RB2O                 ZB1I                 ZB1O                 ZB2I                 ZB2O
#                   1D                   1D                   1D                   1D                   1D                   1D                   1D           1J                   1D                   1D                   1D                   1D                   1D                   1D                   1D                   1D
#                   mm                   mm                   mm                   mm                  rad                   mm                   mm                                mm                   mm                   mm                   mm                   mm                   mm                   mm                   mm
   5.425700000000E+01   5.335200000000E+01   1.125000000000E+02  -1.125000000000E+02   4.022200531565E-03   2.250000000000E+02   2.099999934435E-01            1   5.364000000000E+01   5.425700000000E+01   5.274500000000E+01   5.335200000000E+01   1.125000000000E+02   1.125000000000E+02  -1.125000000000E+02  -1.125000000000E+02
   5.487000000000E+01   5.395500000000E+01   1.125000000000E+02  -1.125000000000E+02   4.066644249013E-03   2.250000000000E+02   2.099999934435E-01            1   5.446699999344E+01   5.487000000000E+01   5.356199999344E+01   5.395500000000E+01   1.125000000000E+02   1.125000000000E+02  -1.125000000000E+02  -1.125000000000E+02
   5.548600000000E+01   5.456000000000E+01   1.125000000000E+02  -1.125000000000E+02   4.115532319643E-03   2.250000000000E+02   2.099999934435E-01            1   5.507999999344E+01   5.548600000000E+01   5.416499999344E+01   5.456000000000E+01   1.125000000000E+02   1.125000000000E+02  -1.125000000000E+02  -1.125000000000E+02
   5.610800000000E+01   5.517200000000E+01   1.125000000000E+02  -1.125000000000E+02   4.159976003151E-03   2.250000000000E+02   2.099999934435E-01            1   5.569599999344E+01   5.610800000000E+01   5.476999999344E+01   5.517200000000E+01   1.125000000000E+02   1.125000000000E+02  -1.125000000000E+02  -1.125000000000E+02
   5.673400000000E+01   5.578800000000E+01   1.125000000000E+02  -1.125000000000E+02   4.204419670224E-03   2.250000000000E+02   2.099999934435E-01            1   5.631799999344E+01   5.673400000000E+01   5.538199999344E+01   5.578800000000E+01   1.125000000000E+02   1.125000000000E+02  -1.125000000000E+02  -1.125000000000E+02
   5.736500000000E+01   5.640900000000E+01   1.125000000000E+02  -1.125000000000E+02   4.248863320688E-03   2.250000000000E+02   2.099999934435E-01            1   5.694399999344E+01   5.736500000000E+01   5.599799999344E+01   5.640900000000E+01   1.125000000000E+02   1.125000000000E+02  -1.125000000000E+02  -1.125000000000E+02
   5.800000000000E+01   5.703300000000E+01   1.125000000000E+02  -1.125000000000E+02   4.297751316805E-03   2.250000000000E+02   2.099999934435E-01            1   5.757499999344E+01   5.800000000000E+01   5.661899999344E+01   5.703300000000E+01   1.125000000000E+02   1.125000000000E+02  -1.125000000000E+02  -1.125000000000E+02
   5.864000000000E+01   5.766200000000E+01   1.125000000000E+02  -1.125000000000E+02   4.346639292379E-03   2.250000000000E+02   2.099999934435E-01            1   5.820999999344E+01   5.864000000000E+01   5.724299999344E+01   5.766200000000E+01   1.125000000000E+02   1.125000000000E+02  -1.125000000000E+02  -1.125000000000E+02
   5.928500000000E+01   5.829700000000E+01   1.125000000000E+02  -1.125000000000E+02   4.391082888512E-03   2.250000000000E+02   2.099999934435E-01            1   5.884999999344E+01   5.928500000000E+01   5.787199999344E+01   5.829700000000E+01   1.125000000000E+02   1.125000000000E+02  -1.125000000000E+02  -1.125000000000E+02
   5.993600000000E+01   5.893600000000E+01   1.125000000000E+02  -1.125000000000E+02   4.444415180960E-03   2.250000000000E+02   2.099999934435E-01            1   5.949499999344E+01   5.993600000000E+01   5.850699999344E+01   5.893600000000E+01   1.125000000000E+02   1.125000000000E+02  -1.125000000000E+02  -1.125000000000E+02
   6.059000000000E+01   5.957900000000E+01   1.125000000000E+02  -1.125000000000E+02   4.493303093500E-03   2.250000000000E+02   2.099999934435E-01            1   6.014599999344E+01   6.059000000000E+01   5.914599999344E+01   5.957900000000E+01   1.125000000000E+02   1.125000000000E+02  -1.125000000000E+02  -1.125000000000E+02
   6.125000000000E+01   6.022800000000E+01   1.125000000000E+02  -1.125000000000E+02   4.542190984562E-03   2.250000000000E+02   2.099999934435E-01            1   6.079999999344E+01   6.125000000000E+01   5.978899999344E+01   6.022800000000E+01   1.125000000000E+02   1.125000000000E+02  -1.125000000000E+02  -1.125000000000E+02
   6.191400000000E+01   6.088100000000E+01   1.125000000000E+02  -1.125000000000E+02   4.591078853911E-03   2.250000000000E+02   2.099999934435E-01            2   6.145999999344E+01   6.191400000000E+01   6.043799999344E+01   6.088100000000E+01   1.125000000000E+02   1.125000000000E+02  -1.125000000000E+02  -1.125000000000E+02
   6.258300000000E+01   6.153900000000E+01   1.125000000000E+02  -1.125000000000E+02   4.639966701315E-03   2.250000000000E+02   2.099999934435E-01            2   6.212399999344E+01   6.258300000000E+01   6.109099999344E+01   6.153900000000E+01   1.125000000000E+02   1.125000000000E+02  -1.125000000000E+02  -1.125000000000E+02
   6.325800000000E+01   6.220300000000E+01   1.125000000000E+02  -1.125000000000E+02   4.688854526540E-03   2.250000000000E+02   2.099999934435E-01            2   6.279299999344E+01   6.325800000000E+01   6.174899999344E+01   6.220300000000E+01   1.125000000000E+02   1.125000000000E+02  -1.125000000000E+02  -1.125000000000E+02
   6.393700000000E+01   6.287100000000E+01   1.125000000000E+02  -1.125000000000E+02   4.737742329352E-03   2.250000000000E+02   2.099999934435E-01            2   6.346799999344E+01   6.393700000000E+01   6.241299999344E+01   6.287100000000E+01   1.125000000000E+02   1.125000000000E+02  -1.125000000000E+02  -1.125000000000E+02
   6.462100000000E+01   6.354300000000E+01   1.125000000000E+02  -1.125000000000E+02   4.791074452037E-03   2.250000000000E+02   2.099999934435E-01            2   6.414699999344E+01   6.462100000000E+01   6.308099999344E+01   6.354300000000E+01   1.125000000000E+02   1.125000000000E+02  -1.125000000000E+02  -1.125000000000E+02
   6.531000000000E+01   6.422100000000E+01   1.125000000000E+02  -1.125000000000E+02   4.839962207230E-03   2.250000000000E+02   2.099999934435E-01            2   6.483099999344E+01   6.531000000000E+01   6.375299999344E+01   6.422100000000E+01   1.125000000000E+02   1.125000000000E+02  -1.125000000000E+02  -1.125000000000E+02
   6.600400000000E+01   6.490400000000E+01   1.125000000000E+02  -1.125000000000E+02   4.888849939287E-03   2.250000000000E+02   2.099999934435E-01            2   6.551999999344E+01   6.600400000000E+01   6.443099999344E+01   6.490400000000E+01   1.125000000000E+02   1.125000000000E+02  -1.125000000000E+02  -1.125000000000E+02
   6.670400000000E+01   6.559200000000E+01   1.125000000000E+02  -1.125000000000E+02   4.942181983963E-03   2.250000000000E+02   2.099999934435E-01            2   6.621399999344E+01   6.670400000000E+01   6.511399999344E+01   6.559200000000E+01   1.125000000000E+02   1.125000000000E+02  -1.125000000000E+02  -1.125000000000E+02
   6.740800000000E+01   6.628400000000E+01   1.125000000000E+02  -1.125000000000E+02   4.995514000523E-03   2.250000000000E+02   2.099999934435E-01            2   6.691399999344E+01   6.740800000000E+01   6.580199999344E+01   6.628400000000E+01   1.125000000000E+02   1.125000000000E+02  -1.125000000000E+02  -1.125000000000E+02
   6.811900000000E+01   6.698300000000E+01   1.125000000000E+02  -1.125000000000E+02   5.048845988667E-03   2.250000000000E+02   2.099999934435E-01            2   6.761799999344E+01   6.811900000000E+01   6.649399999344E+01   6.698300000000E+01   1.125000000000E+02   1.125000000000E+02  -1.125000000000E+02  -1.125000000000E+02
   6.883400000000E+01   6.768700000000E+01   1.125000000000E+02  -1.125000000000E+02   5.097733619241E-03   2.250000000000E+02   2.099999934435E-01            2   6.832899999344E+01   6.883400000000E+01   6.719299999344E+01   6.768700000000E+01   1.125000000000E+02   1.125000000000E+02  -1.125000000000E+02  -1.125000000000E+02
   6.955500000000E+01   6.839500000000E+01   1.125000000000E+02  -1.125000000000E+02   5.155509878486E-03   2.250000000000E+02   2.099999934435E-01            2   6.904399999344E+01   6.955500000000E+01   6.789699999344E+01   6.839500000000E+01   1.125000000000E+02   1.125000000000E+02  -1.125000000000E+02  -1.125000000000E+02
   7.028100000000E+01   6.910900000000E+01   1.125000000000E+02  -1.125000000000E+02   5.208841779556E-03   2.250000000000E+02   2.099999934435E-01            3   6.976499999344E+01   7.028100000000E+01   6.860499999344E+01   6.910900000000E+01   1.125000000000E+02   1.125000000000E+02  -1.125000000000E+02  -1.125000000000E+02
   7.101200000000E+01   6.982800000000E+01   1.125000000000E+02  -1.125000000000E+02   5.262173650994E-03   2.250000000000E+02   2.099999934435E-01            3   7.049099999344E+01   7.101200000000E+01   6.931899999344E+01   6.982800000000E+01   1.125000000000E+02   1.125000000000E+02  -1.125000000000E+02  -1.125000000000E+02
   7.174800000000E+01   7.055200000000E+01   1.125000000000E+02  -1.125000000000E+02   5.315505492498E-03   2.250000000000E+02   2.099999934435E-01            3   7.122199999344E+01   7.174800000000E+01   7.003799999344E+01   7.055200000000E+01   1.125000000000E+02   1.125000000000E+02  -1.125000000000E+02  -1.125000000000E+02
   7.249000000000E+01   7.128100000000E+01   1.125000000000E+02  -1.125000000000E+02   5.373281619995E-03   2.250000000000E+02   2.099999934435E-01            3   7.195799999344E+01   7.249000000000E+01   7.076199999344E+01   7.128100000000E+01   1.125000000000E+02   1.125000000000E+02  -1.125000000000E+02  -1.125000000000E+02
   7.323800000000E+01   7.201700000000E+01   1.125000000000E+02  -1.125000000000E+02   5.426613398162E-03   2.250000000000E+02   2.099999934435E-01            3   7.269999999344E+01   7.323800000000E+01   7.149099999344E+01   7.201700000000E+01   1.125000000000E+02   1.125000000000E+02  -1.125000000000E+02  -1.125000000000E+02
   7.399200000000E+01   7.275800000000E+01   1.125000000000E+02  -1.125000000000E+02   5.484389456329E-03   2.250000000000E+02   2.099999934435E-01            3   7.344799999344E+01   7.399200000000E+01   7.222699999344E+01   7.275800000000E+01   1.125000000000E+02   1.125000000000E+02  -1.125000000000E+02  -1.125000000000E+02
   7.475000000000E+01   7.350400000000E+01   1.125000000000E+02  -1.125000000000E+02   5.537721169841E-03   2.250000000000E+02   2.099999934435E-01            3   7.420199999344E+01   7.475000000000E+01   7.296799999344E+01   7.350400000000E+01   1.125000000000E+02   1.125000000000E+02  -1.125000000000E+02  -1.125000000000E+02
   7.551400000000E+01   7.425500000000E+01   1.125000000000E+02  -1.125000000000E+02   5.595497157253E-03   2.250000000000E+02   2.099999934435E-01            3   7.495999999344E+01   7.551400000000E+01   7.371399999344E+01   7.425500000000E+01   1.125000000000E+02   1.125000000000E+02  -1.125000000000E+02  -1.125000000000E+02
   7.628500000000E+01   7.501200000000E+01   1.125000000000E+02  -1.125000000000E+02   5.657717409601E-03   2.250000000000E+02   2.099999934435E-01            3   7.572399999344E+01   7.628500000000E+01   7.446499999344E+01   7.501200000000E+01   1.125000000000E+02   1.125000000000E+02  -1.125000000000E+02  -1.125000000000E+02
   7.706100000000E+01   7.577500000000E+01   1.125000000000E+02  -1.125000000000E+02   5.715493318995E-03   2.250000000000E+02   2.099999934435E-01            3   7.649499999344E+01   7.706100000000E+01   7.522199999344E+01   7.577500000000E+01   1.125000000000E+02   1.125000000000E+02  -1.125000000000E+02  -1.125000000000E+02
   7.784200000000E+01   7.654400000000E+01   1.125000000000E+02  -1.125000000000E+02   5.768824893807E-03   2.250000000000E+02   2.099999934435E-01            3   7.727099999344E+01   7.784200000000E+01   7.598499999344E+01   7.654400000000E+01   1.125000000000E+02   1.125000000000E+02  -1.125000000000E+02  -1.125000000000E+02
   7.862900000000E+01   7.731800000000E+01   1.125000000000E+02  -1.125000000000E+02   5.826600729479E-03   2.250000000000E+02   2.099999934435E-01            3   7.805199999344E+01   7.862900000000E+01   7.675399999344E+01   7.731800000000E+01   1.125000000000E+02   1.125000000000E+02  -1.125000000000E+02  -1.125000000000E+02
   7.942300000000E+01   7.809800000000E+01   1.125000000000E+02  -1.125000000000E+02   5.888820816688E-03   2.250000000000E+02   2.099999934435E-01            4   7.883899999344E+01   7.942300000000E+01   7.752799999344E+01   7.809800000000E+01   1.125000000000E+02   1.125000000000E+02  -1.125000000000E+02  -1.125000000000E+02
   8.022100000000E+01   7.888300000000E+01   1.125000000000E+02  -1.125000000000E+02   5.946596571138E-03   2.250000000000E+02   2.099999934435E-01            4   7.963299999344E+01   8.022100000000E+01   7.830799999344E+01   7.888300000000E+01   1.125000000000E+02   1.125000000000E+02  -1.125000000000E+02  -1.125000000000E+02
   8.102600000000E+01   7.967400000000E+01   1.125000000000E+02  -1.125000000000E+02   6.008816569981E-03   2.250000000000E+02   2.099999934435E-01            4   8.043099999344E+01   8.102600000000E+01   7.909299999344E+01   7.967400000000E+01   1.125000000000E+02   1.125000000000E+02  -1.125000000000E+02  -1.125000000000E+02
   8.183700000000E+01   8.047200000000E+01   1.125000000000E+02  -1.125000000000E+02   6.066592241545E-03   2.250000000000E+02   2.099999934435E-01            4   8.123599999344E+01   8.183700000000E+01   7.988399999344E+01   8.047200000000E+01   1.125000000000E+02   1.125000000000E+02  -1.125000000000E+02  -1.125000000000E+02
   8.265400000000E+01   8.127600000000E+01   1.125000000000E+02  -1.125000000000E+02   6.124367872607E-03   2.250000000000E+02   2.099999934435E-01            4   8.204699999344E+01   8.265400000000E+01   8.068199999344E+01   8.127600000000E+01   1.125000000000E+02   1.125000000000E+02  -1.125000000000E+02  -1.125000000000E+02
   8.347800000000E+01   8.208600000000E+01   1.125000000000E+02  -1.125000000000E+02   6.186587737244E-03   2.250000000000E+02   2.099999934435E-01            4   8.286399999344E+01   8.347800000000E+01   8.148599999344E+01   8.208600000000E+01   1.125000000000E+02   1.125000000000E+02  -1.125000000000E+02  -1.125000000000E+02
   8.430600000000E+01   8.290000000000E+01   1.125000000000E+02  -1.125000000000E+02   6.248807553981E-03   2.250000000000E+02   2.099999934435E-01            4   8.368799999344E+01   8.430600000000E+01   8.229599999344E+01   8.290000000000E+01   1.125000000000E+02   1.125000000000E+02  -1.125000000000E+02  -1.125000000000E+02
   8.514200000000E+01   8.372200000000E+01   1.125000000000E+02  -1.125000000000E+02   6.311027322335E-03   2.250000000000E+02   2.099999934435E-01            4   8.451599999344E+01   8.514200000000E+01   8.310999999344E+01   8.372200000000E+01   1.125000000000E+02   1.125000000000E+02  -1.125000000000E+02  -1.125000000000E+02
   8.598300000000E+01   8.454900000000E+01   1.125000000000E+02  -1.125000000000E+02   6.373247041825E-03   2.250000000000E+02   2.099999934435E-01            4   8.535199999344E+01   8.598300000000E+01   8.393199999344E+01   8.454900000000E+01   1.125000000000E+02   1.125000000000E+02  -1.125000000000E+02  -1.125000000000E+02
   8.683100000000E+01   8.538300000000E+01   1.125000000000E+02  -1.125000000000E+02   6.435466711969E-03   2.250000000000E+02   2.099999934435E-01            4   8.619299999344E+01   8.683100000000E+01   8.475899999344E+01   8.538300000000E+01   1.125000000000E+02   1.125000000000E+02  -1.125000000000E+02  -1.125000000000E+02
   8.768400000000E+01   8.622200000000E+01   1.125000000000E+02  -1.125000000000E+02   6.497686332284E-03   2.250000000000E+02   2.099999934435E-01            4   8.704099999344E+01   8.768400000000E+01   8.559299999344E+01   8.622200000000E+01   1.125000000000E+02   1.125000000000E+02  -1.125000000000E+02  -1.125000000000E+02
   8.854400000000E+01   8.706800000000E+01   1.125000000000E+02  -1.125000000000E+02   6.559905902291E-03   2.250000000000E+02   2.099999934435E-01            4   8.789399999344E+01   8.854400000000E+01   8.643199999344E+01   8.706800000000E+01   1.125000000000E+02   1.125000000000E+02  -1.125000000000E+02  -1.125000000000E+02
   8.941100000000E+01   8.792000000000E+01   1.125000000000E+02  -1.125000000000E+02   6.626569670923E-03   2.250000000000E+02   2.099999934435E-01            4   8.875399999344E+01   8.941100000000E+01   8.727799999344E+01   8.792000000000E+01   1.125000000000E+02   1.125000000000E+02  -1.125000000000E+02  -1.125000000000E+02
   9.028400000000E+01   8.877900000000E+01   1.125000000000E+02  -1.125000000000E+02   6.688789135185E-03   2.250000000000E+02   2.099999934435E-01            5   8.962099999344E+01   9.028400000000E+01   8.812999999344E+01   8.877900000000E+01   1.125000000000E+02   1.125000000000E+02  -1.125000000000E+02  -1.125000000000E+02
   9.116400000000E+01   8.964400000000E+01   1.125000000000E+02  -1.125000000000E+02   6.755452789411E-03   2.250000000000E+02   2.099999934435E-01            5   9.049399999344E+01   9.116400000000E+01   8.898899999344E+01   8.964400000000E+01   1.125000000000E+02   1.125000000000E+02  -1.125000000000E+02  -1.125000000000E+02
   9.205000000000E+01   9.051500000000E+01   1.125000000000E+02  -1.125000000000E+02   6.822116383594E-03   2.250000000000E+02   2.099999934435E-01            5   9.137399999344E+01   9.205000000000E+01   8.985399999344E+01   9.051500000000E+01   1.125000000000E+02   1.125000000000E+02  -1.125000000000E+02  -1.125000000000E+02
   9.294200000000E+01   9.139300000000E+01   1.125000000000E+02  -1.125000000000E+02   6.884335683469E-03   2.250000000000E+02   2.099999934435E-01            5   9.225999999344E+01   9.294200000000E+01   9.072499999344E+01   9.139300000000E+01   1.125000000000E+02   1.125000000000E+02  -1.125000000000E+02  -1.125000000000E+02
   9.384200000000E+01   9.227700000000E+01   1.125000000000E+02  -1.125000000000E+02   6.955443389458E-03   2.250000000000E+02   2.099999934435E-01            5   9.315199999344E+01   9.384200000000E+01   9.160299999344E+01   9.227700000000E+01   1.125000000000E+02   1.125000000000E+02  -1.125000000000E+02  -1.125000000000E+02
   9.474800000000E+01   9.316800000000E+01   1.125000000000E+02  -1.125000000000E+02   7.022106799955E-03   2.250000000000E+02   2.099999934435E-01            5   9.405199999344E+01   9.474800000000E+01   9.248699999344E+01   9.316800000000E+01   1.125000000000E+02   1.125000000000E+02  -1.125000000000E+02  -1.125000000000E+02
   9.566000000000E+01   9.406500000000E+01   1.125000000000E+02  -1.125000000000E+02   7.088770148037E-03   2.250000000000E+02   2.099999934435E-01            5   9.495799999344E+01   9.566000000000E+01   9.337799999344E+01   9.406500000000E+01   1.125000000000E+02   1.125000000000E+02  -1.125000000000E+02  -1.125000000000E+02
   9.657900000000E+01   9.496900000000E+01   1.125000000000E+02  -1.125000000000E+02   7.155433433114E-03   2.250000000000E+02   2.099999934435E-01            5   9.586999999344E+01   9.657900000000E+01   9.427499999344E+01   9.496900000000E+01   1.125000000000E+02   1.125000000000E+02  -1.125000000000E+02  -1.125000000000E+02
   9.750600000000E+01   9.588000000000E+01   1.125000000000E+02  -1.125000000000E+02   7.226540867082E-03   2.250000000000E+02   2.099999934435E-01            5   9.678899999344E+01   9.750600000000E+01   9.517899999344E+01   9.588000000000E+01   1.125000000000E+02   1.125000000000E+02  -1.125000000000E+02  -1.125000000000E+02
   9.843900000000E+01   9.679700000000E+01   1.125000000000E+02  -1.125000000000E+02   7.297648227970E-03   2.250000000000E+02   2.099999934435E-01            5   9.771599999344E+01   9.843900000000E+01   9.608999999344E+01   9.679700000000E+01   1.125000000000E+02   1.125000000000E+02  -1.125000000000E+02  -1.125000000000E+02
   9.937900000000E+01   9.772200000000E+01   1.125000000000E+02  -1.125000000000E+02   7.364311311792E-03   2.250000000000E+02   2.099999934435E-01            5   9.864899999344E+01   9.937900000000E+01   9.700699999344E+01   9.772200000000E+01   1.125000000000E+02   1.125000000000E+02  -1.125000000000E+02  -1.125000000000E+02
   1.003260000000E+02   9.865400000000E+01   1.125000000000E+02  -1.125000000000E+02   7.430974330159E-03   2.250000000000E+02   2.099999934435E-01            5   9.958899999344E+01   1.003260000000E+02   9.793199999344E+01   9.865400000000E+01   1.125000000000E+02   1.125000000000E+02  -1.125000000000E+02  -1.125000000000E+02
   1.012800000000E+02   9.959100000000E+01   1.125000000000E+02  -1.125000000000E+02   7.506525671100E-03   2.250000000000E+02   2.099999934435E-01            5   1.005359999934E+02   1.012800000000E+02   9.886399999344E+01   9.959100000000E+01   1.125000000000E+02   1.125000000000E+02  -1.125000000000E+02  -1.125000000000E+02
   1.022410000000E+02   1.005360000000E+02   1.125000000000E+02  -1.125000000000E+02   7.577632737248E-03   2.250000000000E+02   2.099999934435E-01            6   1.014899999934E+02   1.022410000000E+02   9.980099999344E+01   1.005360000000E+02   1.125000000000E+02   1.125000000000E+02  -1.125000000000E+02  -1.125000000000E+02
   1.032090000000E+02   1.014870000000E+02   1.125000000000E+02  -1.125000000000E+02   7.653183911050E-03   2.250000000000E+02   2.099999934435E-01            6   1.024509999934E+02   1.032090000000E+02   1.007459999934E+02   1.014870000000E+02   1.125000000000E+02   1.125000000000E+02  -1.125000000000E+02  -1.125000000000E+02
   1.041840000000E+02   1.024460000000E+02   1.125000000000E+02  -1.125000000000E+02   7.724290818361E-03   2.250000000000E+02   2.099999934435E-01            6   1.034189999934E+02   1.041840000000E+02   1.016969999934E+02   1.024460000000E+02   1.125000000000E+02   1.125000000000E+02  -1.125000000000E+02  -1.125000000000E+02
   1.051775000000E+02   1.034230000000E+02   1.125000000000E+02  -1.125000000000E+02   7.797619734705E-03   2.250000000000E+02   2.099999934435E-01            6   1.043939999934E+02   1.051775000000E+02   1.026559999934E+02   1.034230000000E+02   1.125000000000E+02   1.125000000000E+02  -1.125000000000E+02  -1.125000000000E+02
   1.061710000000E+02   1.044000000000E+02   1.125000000000E+02  -1.125000000000E+02   7.870948567190E-03   2.250000000000E+02   2.099999934435E-01            6   1.053874999934E+02   1.061710000000E+02   1.036329999934E+02   1.044000000000E+02   1.125000000000E+02   1.125000000000E+02  -1.125000000000E+02  -1.125000000000E+02
   1.071645000000E+02   1.053770000000E+02   1.125000000000E+02  -1.125000000000E+02   7.944277315028E-03   2.250000000000E+02   2.099999934435E-01            6   1.063809999934E+02   1.071645000000E+02   1.046099999934E+02   1.053770000000E+02   1.125000000000E+02   1.125000000000E+02  -1.125000000000E+02  -1.125000000000E+02
   1.081580000000E+02   1.063540000000E+02   1.125000000000E+02  -1.125000000000E+02   8.017605977430E-03   2.250000000000E+02   2.099999934435E-01            6   1.073744999934E+02   1.081580000000E+02   1.055869999934E+02   1.063540000000E+02   1.125000000000E+02   1.125000000000E+02  -1.125000000000E+02  -1.125000000000E+02
   1.091710000000E+02   1.073510000000E+02   1.125000000000E+02  -1.125000000000E+02   8.088712476815E-03   2.250000000000E+02   2.099999934435E-01            6   1.083679999934E+02   1.091710000000E+02   1.065639999934E+02   1.073510000000E+02   1.125000000000E+02   1.125000000000E+02  -1.125000000000E+02  -1.125000000000E+02
   1.101900000000E+02   1.083530000000E+02   1.125000000000E+02  -1.125000000000E+02   8.164263042770E-03   2.250000000000E+02   2.099999934435E-01            6   1.093809999934E+02   1.101900000000E+02   1.075609999934E+02   1.083530000000E+02   1.125000000000E+02   1.125000000000E+02  -1.125000000000E+02  -1.125000000000E+02
   1.112170000000E+02   1.093630000000E+02   1.125000000000E+02  -1.125000000000E+02   8.239813515522E-03   2.250000000000E+02   2.099999934435E-01            6   1.103999999934E+02   1.112170000000E+02   1.085629999934E+02   1.093630000000E+02   1.125000000000E+02   1.125000000000E+02  -1.125000000000E+02  -1.125000000000E+02
   1.122520000000E+02   1.103800000000E+02   1.125000000000E+02  -1.125000000000E+02   8.319808031184E-03   2.250000000000E+02   2.099999934435E-01            6   1.114269999934E+02   1.122520000000E+02   1.095729999934E+02   1.103800000000E+02   1.125000000000E+02   1.125000000000E+02  -1.125000000000E+02  -1.125000000000E+02
   1.132940000000E+02   1.114040000000E+02   1.125000000000E+02  -1.125000000000E+02   8.399802440364E-03   2.250000000000E+02   2.099999934435E-01            6   1.124619999934E+02   1.132940000000E+02   1.105899999934E+02   1.114040000000E+02   1.125000000000E+02   1.125000000000E+02  -1.125000000000E+02  -1.125000000000E+02
   1.143450000000E+02   1.124380000000E+02   1.125000000000E+02  -1.125000000000E+02   8.475352617006E-03   2.250000000000E+02   2.099999934435E-01            6   1.135039999934E+02   1.143450000000E+02   1.116139999934E+02   1.124380000000E+02   1.125000000000E+02   1.125000000000E+02  -1.125000000000E+02  -1.125000000000E+02
   1.154020000000E+02   1.134780000000E+02   1.125000000000E+02  -1.125000000000E+02   8.550902696894E-03   2.250000000000E+02   2.099999934435E-01            6   1.145549999934E+02   1.154020000000E+02   1.126479999934E+02   1.134780000000E+02   1.125000000000E+02   1.125000000000E+02  -1.125000000000E+02  -1.125000000000E+02
   1.164680000000E+02   1.145260000000E+02   1.125000000000E+02  -1.125000000000E+02   8.630896792712E-03   2.250000000000E+02   2.099999934435E-01            7   1.156119999934E+02   1.164680000000E+02   1.136879999934E+02   1.145260000000E+02   1.125000000000E+02   1.125000000000E+02  -1.125000000000E+02  -1.125000000000E+02
   1.175410000000E+02   1.155810000000E+02   1.125000000000E+02  -1.125000000000E+02   8.710890778068E-03   2.250000000000E+02   2.099999934435E-01            7   1.166779999934E+02   1.175410000000E+02   1.147359999934E+02   1.155810000000E+02   1.125000000000E+02   1.125000000000E+02  -1.125000000000E+02  -1.125000000000E+02
   1.186230000000E+02   1.166450000000E+02   1.125000000000E+02  -1.125000000000E+02   8.790884651939E-03   2.250000000000E+02   2.099999934435E-01            7   1.177509999934E+02   1.186230000000E+02   1.157909999934E+02   1.166450000000E+02   1.125000000000E+02   1.125000000000E+02  -1.125000000000E+02  -1.125000000000E+02
   1.197130000000E+02   1.177170000000E+02   1.125000000000E+02  -1.125000000000E+02   8.870878413301E-03   2.250000000000E+02   2.099999934435E-01            7   1.188329999934E+02   1.197130000000E+02   1.168549999934E+02   1.177170000000E+02   1.125000000000E+02   1.125000000000E+02  -1.125000000000E+02  -1.125000000000E+02
   1.208100000000E+02   1.187960000000E+02   1.125000000000E+02  -1.125000000000E+02   8.950872061131E-03   2.250000000000E+02   2.099999934435E-01            7   1.199229999934E+02   1.208100000000E+02   1.179269999934E+02   1.187960000000E+02   1.125000000000E+02   1.125000000000E+02  -1.125000000000E+02  -1.125000000000E+02
   1.219160000000E+02   1.198830000000E+02   1.125000000000E+02  -1.125000000000E+02   9.035309676207E-03   2.250000000000E+02   2.099999934435E-01            7   1.210199999934E+02   1.219160000000E+02   1.190059999934E+02   1.198830000000E+02   1.125000000000E+02   1.125000000000E+02  -1.125000000000E+02  -1.125000000000E+02
   1.230300000000E+02   1.209780000000E+02   1.125000000000E+02  -1.125000000000E+02   9.119747162442E-03   2.250000000000E+02   2.099999934435E-01            7   1.221259999934E+02   1.230300000000E+02   1.200929999934E+02   1.209780000000E+02   1.125000000000E+02   1.125000000000E+02  -1.125000000000E+02  -1.125000000000E+02
   1.241520000000E+02   1.220820000000E+02   1.125000000000E+02  -1.125000000000E+02   9.199740450514E-03   2.250000000000E+02   2.099999934435E-01            7   1.232399999934E+02   1.241520000000E+02   1.211879999934E+02   1.220820000000E+02   1.125000000000E+02   1.125000000000E+02  -1.125000000000E+02  -1.125000000000E+02
   1.252830000000E+02   1.231940000000E+02   1.125000000000E+02  -1.125000000000E+02   9.284177682392E-03   2.250000000000E+02   2.099999934435E-01            7   1.243619999934E+02   1.252830000000E+02   1.222919999934E+02   1.231940000000E+02   1.125000000000E+02   1.125000000000E+02  -1.125000000000E+02  -1.125000000000E+02
   1.264220000000E+02   1.243140000000E+02   1.125000000000E+02  -1.125000000000E+02   9.368614781881E-03   2.250000000000E+02   2.099999934435E-01            7   1.254929999934E+02   1.264220000000E+02   1.234039999934E+02   1.243140000000E+02   1.125000000000E+02   1.125000000000E+02  -1.125000000000E+02  -1.125000000000E+02
   1.275690000000E+02   1.254420000000E+02   1.125000000000E+02  -1.125000000000E+02   9.453051747777E-03   2.250000000000E+02   2.099999934435E-01            7   1.266319999934E+02   1.275690000000E+02   1.245239999934E+02   1.254420000000E+02   1.125000000000E+02   1.125000000000E+02  -1.125000000000E+02  -1.125000000000E+02
   1.287250000000E+02   1.265780000000E+02   1.125000000000E+02  -1.125000000000E+02   9.541932618861E-03   2.250000000000E+02   2.099999934435E-01            7   1.277789999934E+02   1.287250000000E+02   1.256519999934E+02   1.265780000000E+02   1.125000000000E+02   1.125000000000E+02  -1.125000000000E+02  -1.125000000000E+02
   1.298890000000E+02   1.277230000000E+02   1.125000000000E+02  -1.125000000000E+02   9.626369306768E-03   2.250000000000E+02   2.099999934435E-01            7   1.289349999934E+02   1.298890000000E+02   1.267879999934E+02   1.277230000000E+02   1.125000000000E+02   1.125000000000E+02  -1.125000000000E+02  -1.125000000000E+02
   1.310630000000E+02   1.288770000000E+02   1.125000000000E+02  -1.125000000000E+02   9.715249882563E-03   2.250000000000E+02   2.099999934435E-01            8   1.300989999934E+02   1.310630000000E+02   1.279329999934E+02   1.288770000000E+02   1.125000000000E+02   1.125000000000E+02  -1.125000000000E+02  -1.125000000000E+02
   1.322440000000E+02   1.300390000000E+02   1.125000000000E+02  -1.125000000000E+02   9.799686287411E-03   2.250000000000E+02   2.099999934435E-01            8   1.312729999934E+02   1.322440000000E+02   1.290869999934E+02   1.300390000000E+02   1.125000000000E+02   1.125000000000E+02  -1.125000000000E+02  -1.125000000000E+02
   1.334350000000E+02   1.312100000000E+02   1.125000000000E+02  -1.125000000000E+02   9.888566562579E-03   2.250000000000E+02   2.099999934435E-01            8   1.324539999934E+02   1.334350000000E+02   1.302489999934E+02   1.312100000000E+02   1.125000000000E+02   1.125000000000E+02  -1.125000000000E+02  -1.125000000000E+02
   1.346340000000E+02   1.323890000000E+02   1.125000000000E+02  -1.125000000000E+02   9.977446681509E-03   2.250000000000E+02   2.099999934435E-01            8   1.336449999934E+02   1.346340000000E+02   1.314199999934E+02   1.323890000000E+02   1.125000000000E+02   1.125000000000E+02  -1.125000000000E+02  -1.125000000000E+02
   1.358430000000E+02   1.335770000000E+02   1.125000000000E+02  -1.125000000000E+02   1.007077063670E-02   2.250000000000E+02   2.099999934435E-01            8   1.348439999934E+02   1.358430000000E+02   1.325989999934E+02   1.335770000000E+02   1.125000000000E+02   1.125000000000E+02  -1.125000000000E+02  -1.125000000000E+02
   1.370600000000E+02   1.347740000000E+02   1.125000000000E+02  -1.125000000000E+02   1.015965043095E-02   2.250000000000E+02   2.099999934435E-01            8   1.360529999934E+02   1.370600000000E+02   1.337869999934E+02   1.347740000000E+02   1.125000000000E+02   1.125000000000E+02  -1.125000000000E+02  -1.125000000000E+02
   1.382860000000E+02   1.359810000000E+02   1.125000000000E+02  -1.125000000000E+02   1.024408608683E-02   2.250000000000E+02   2.099999934435E-01            8   1.372699999934E+02   1.382860000000E+02   1.349839999934E+02   1.359810000000E+02   1.125000000000E+02   1.125000000000E+02  -1.125000000000E+02  -1.125000000000E+02
   1.395220000000E+02   1.371950000000E+02   1.125000000000E+02  -1.125000000000E+02   1.034185350581E-02   2.250000000000E+02   2.099999934435E-01            8   1.384959999934E+02   1.395220000000E+02   1.361909999934E+02   1.371950000000E+02   1.125000000000E+02   1.125000000000E+02  -1.125000000000E+02  -1.125000000000E+02
   1.407660000000E+02   1.384190000000E+02   1.125000000000E+02  -1.125000000000E+02   1.043073280609E-02   2.250000000000E+02   2.099999934435E-01            8   1.397319999934E+02   1.407660000000E+02   1.374049999934E+02   1.384190000000E+02   1.125000000000E+02   1.125000000000E+02  -1.125000000000E+02  -1.125000000000E+02
   1.420190000000E+02   1.396510000000E+02   1.125000000000E+02  -1.125000000000E+02   1.052405589399E-02   2.250000000000E+02   2.099999934435E-01            8   1.409759999934E+02   1.420190000000E+02   1.386289999934E+02   1.396510000000E+02   1.125000000000E+02   1.125000000000E+02  -1.125000000000E+02  -1.125000000000E+02
   1.432820000000E+02   1.408930000000E+02   1.125000000000E+02  -1.125000000000E+02   1.061737879857E-02   2.250000000000E+02   2.099999934435E-01            8   1.422289999934E+02   1.432820000000E+02   1.398609999934E+02   1.408930000000E+02   1.125000000000E+02   1.125000000000E+02  -1.125000000000E+02  -1.125000000000E+02
   1.445550000000E+02   1.421440000000E+02   1.125000000000E+02  -1.125000000000E+02   1.071514545260E-02   2.250000000000E+02   2.099999934435E-01            8   1.434919999934E+02   1.445550000000E+02   1.411029999934E+02   1.421440000000E+02   1.125000000000E+02   1.125000000000E+02  -1.125000000000E+02  -1.125000000000E+02
   1.458370000000E+02   1.434050000000E+02   1.125000000000E+02  -1.125000000000E+02   1.080846797674E-02   2.250000000000E+02   2.099999934435E-01            8   1.447649999934E+02   1.458370000000E+02   1.423539999934E+02   1.434050000000E+02   1.125000000000E+02   1.125000000000E+02  -1.125000000000E+02  -1.125000000000E+02
   1.471280000000E+02   1.446740000000E+02   1.125000000000E+02  -1.125000000000E+02   1.090623422865E-02   2.250000000000E+02   2.099999934435E-01            8   1.460469999934E+02   1.471280000000E+02   1.436149999934E+02   1.446740000000E+02   1.125000000000E+02   1.125000000000E+02  -1.125000000000E+02  -1.125000000000E+02
   1.484290000000E+02   1.459540000000E+02   1.125000000000E+02  -1.125000000000E+02   1.099955636554E-02   2.250000000000E+02   2.099999934435E-01            8   1.473379999934E+02   1.484290000000E+02   1.448839999934E+02   1.459540000000E+02   1.125000000000E+02   1.125000000000E+02  -1.125000000000E+02  -1.125000000000E+02
   1.497390000000E+02   1.472420000000E+02   1.125000000000E+02  -1.125000000000E+02   1.109732220819E-02   2.250000000000E+02   2.099999934435E-01            9   1.486389999934E+02   1.497390000000E+02   1.461639999934E+02   1.472420000000E+02   1.125000000000E+02   1.125000000000E+02  -1.125000000000E+02  -1.125000000000E+02
   1.510590000000E+02   1.485400000000E+02   1.125000000000E+02  -1.125000000000E+02   1.119508783869E-02   2.250000000000E+02   2.099999934435E-01            9   1.499489999934E+02   1.510590000000E+02   1.474519999934E+02   1.485400000000E+02   1.125000000000E+02   1.125000000000E+02  -1.125000000000E+02  -1.125000000000E+02
   1.523890000000E+02   1.498480000000E+02   1.125000000000E+02  -1.125000000000E+02   1.129285325517E-02   2.250000000000E+02   2.099999934435E-01            9   1.512689999934E+02   1.523890000000E+02   1.487499999934E+02   1.498480000000E+02   1.125000000000E+02   1.125000000000E+02  -1.125000000000E+02  -1.125000000000E+02
   1.537290000000E+02   1.511660000000E+02   1.125000000000E+02  -1.125000000000E+02   1.139061845577E-02   2.250000000000E+02   2.099999934435E-01            9   1.525989999934E+02   1.537290000000E+02   1.500579999934E+02   1.511660000000E+02   1.125000000000E+02   1.125000000000E+02  -1.125000000000E+02  -1.125000000000E+02
   1.550790000000E+02   1.524930000000E+02   1.125000000000E+02  -1.125000000000E+02   1.149282729626E-02   2.250000000000E+02   2.099999934435E-01            9   1.539389999934E+02   1.550790000000E+02   1.513759999934E+02   1.524930000000E+02   1.125000000000E+02   1.125000000000E+02  -1.125000000000E+02  -1.125000000000E+02
   1.564390000000E+02   1.538300000000E+02   1.125000000000E+02  -1.125000000000E+02   1.159503589663E-02   2.250000000000E+02   2.099999934435E-01            9   1.552889999934E+02   1.564390000000E+02   1.527029999934E+02   1.538300000000E+02   1.125000000000E+02   1.125000000000E+02  -1.125000000000E+02  -1.125000000000E+02
   1.578090000000E+02   1.551780000000E+02   1.125000000000E+02  -1.125000000000E+02   1.169280041813E-02   2.250000000000E+02   2.099999934435E-01            9   1.566489999934E+02   1.578090000000E+02   1.540399999934E+02   1.551780000000E+02   1.125000000000E+02   1.125000000000E+02  -1.125000000000E+02  -1.125000000000E+02
   1.591890000000E+02   1.565340000000E+02   1.125000000000E+02  -1.125000000000E+02   1.179945236842E-02   2.250000000000E+02   2.099999934435E-01            9   1.580189999934E+02   1.591890000000E+02   1.553879999934E+02   1.565340000000E+02   1.125000000000E+02   1.125000000000E+02  -1.125000000000E+02  -1.125000000000E+02
   1.605790000000E+02   1.579010000000E+02   1.125000000000E+02  -1.125000000000E+02   1.190166023557E-02   2.250000000000E+02   2.099999934435E-01            9   1.593989999934E+02   1.605790000000E+02   1.567439999934E+02   1.579010000000E+02   1.125000000000E+02   1.125000000000E+02  -1.125000000000E+02  -1.125000000000E+02
   1.619800000000E+02   1.592780000000E+02   1.125000000000E+02  -1.125000000000E+02   1.200831165789E-02   2.250000000000E+02   2.099999934435E-01            9   1.607889999934E+02   1.619800000000E+02   1.581109999934E+02   1.592780000000E+02   1.125000000000E+02   1.125000000000E+02  -1.125000000000E+02  -1.125000000000E+02
   1.633910000000E+02   1.606660000000E+02   1.125000000000E+02  -1.125000000000E+02   1.211051901461E-02   2.250000000000E+02   2.099999934435E-01            9   1.621899999934E+02   1.633910000000E+02   1.594879999934E+02   1.606660000000E+02   1.125000000000E+02   1.125000000000E+02  -1.125000000000E+02  -1.125000000000E+02
   1.648120000000E+02   1.620650000000E+02   1.125000000000E+02  -1.125000000000E+02   1.220828233648E-02   2.250000000000E+02   2.099999934435E-01            9   1.636009999934E+02   1.648120000000E+02   1.608759999934E+02   1.620650000000E+02   1.125000000000E+02   1.125000000000E+02  -1.125000000000E+02  -1.125000000000E+02
   1.662440000000E+02   1.634720000000E+02   1.125000000000E+02  -1.125000000000E+02   1.231937673704E-02   2.250000000000E+02   2.099999934435E-01            9   1.650219999934E+02   1.662440000000E+02   1.622749999934E+02   1.634720000000E+02   1.125000000000E+02   1.125000000000E+02  -1.125000000000E+02  -1.125000000000E+02
   1.676870000000E+02   1.648900000000E+02   1.125000000000E+02  -1.125000000000E+02   1.243047083349E-02   2.250000000000E+02   2.099999934435E-01            9   1.664539999934E+02   1.676870000000E+02   1.636819999934E+02   1.648900000000E+02   1.125000000000E+02   1.125000000000E+02  -1.125000000000E+02  -1.125000000000E+02
   1.691410000000E+02   1.663200000000E+02   1.125000000000E+02  -1.125000000000E+02   1.253712087743E-02   2.250000000000E+02   2.099999934435E-01           10   1.678969999934E+02   1.691410000000E+02   1.650999999934E+02   1.663200000000E+02   1.125000000000E+02   1.125000000000E+02  -1.125000000000E+02  -1.125000000000E+02
   1.706040000000E+02   1.677590000000E+02   1.125000000000E+02  -1.125000000000E+02   1.264377063616E-02   2.250000000000E+02   2.099999934435E-01           10   1.693509999934E+02   1.706040000000E+02   1.665299999934E+02   1.677590000000E+02   1.125000000000E+02   1.125000000000E+02  -1.125000000000E+02  -1.125000000000E+02
   1.720790000000E+02   1.692090000000E+02   1.125000000000E+02  -1.125000000000E+02   1.275486382894E-02   2.250000000000E+02   2.099999934435E-01           10   1.708139999934E+02   1.720790000000E+02   1.679689999934E+02   1.692090000000E+02   1.125000000000E+02   1.125000000000E+02  -1.125000000000E+02  -1.125000000000E+02
   1.735640000000E+02   1.706700000000E+02   1.125000000000E+02  -1.125000000000E+02   1.286151299783E-02   2.250000000000E+02   2.099999934435E-01           10   1.722889999934E+02   1.735640000000E+02   1.694189999934E+02   1.706700000000E+02   1.125000000000E+02   1.125000000000E+02  -1.125000000000E+02  -1.125000000000E+02
   1.750620000000E+02   1.721420000000E+02   1.125000000000E+02  -1.125000000000E+02   1.297704926720E-02   2.250000000000E+02   2.099999934435E-01           10   1.737739999934E+02   1.750620000000E+02   1.708799999934E+02   1.721420000000E+02   1.125000000000E+02   1.125000000000E+02  -1.125000000000E+02  -1.125000000000E+02
   1.765690000000E+02   1.736250000000E+02   1.125000000000E+02  -1.125000000000E+02   1.308369782379E-02   2.250000000000E+02   2.099999934435E-01           10   1.752719999934E+02   1.765690000000E+02   1.723519999934E+02   1.736250000000E+02   1.125000000000E+02   1.125000000000E+02  -1.125000000000E+02  -1.125000000000E+02
   1.780890000000E+02   1.751200000000E+02   1.125000000000E+02  -1.125000000000E+02   1.319478975370E-02   2.250000000000E+02   2.099999934435E-01           10   1.767789999934E+02   1.780890000000E+02   1.738349999934E+02   1.751200000000E+02   1.125000000000E+02   1.125000000000E+02  -1.125000000000E+02  -1.125000000000E+02
   1.796190000000E+02   1.766240000000E+02   1.125000000000E+02  -1.125000000000E+02   1.331032501526E-02   2.250000000000E+02   2.099999934435E-01           10   1.782989999934E+02   1.796190000000E+02   1.753299999934E+02   1.766240000000E+02   1.125000000000E+02   1.125000000000E+02  -1.125000000000E+02  -1.125000000000E+02
   1.811610000000E+02   1.781400000000E+02   1.125000000000E+02  -1.125000000000E+02   1.342585992146E-02   2.250000000000E+02   2.099999934435E-01           10   1.798289999934E+02   1.811610000000E+02   1.768339999934E+02   1.781400000000E+02   1.125000000000E+02   1.125000000000E+02  -1.125000000000E+02  -1.125000000000E+02
   1.827140000000E+02   1.796670000000E+02   1.125000000000E+02  -1.125000000000E+02   1.354139446921E-02   2.250000000000E+02   2.099999934435E-01           10   1.813709999934E+02   1.827140000000E+02   1.783499999934E+02   1.796670000000E+02   1.125000000000E+02   1.125000000000E+02  -1.125000000000E+02  -1.125000000000E+02
   1.842780000000E+02   1.812060000000E+02   1.125000000000E+02  -1.125000000000E+02   1.365248503961E-02   2.250000000000E+02   2.099999934435E-01           10   1.829239999934E+02   1.842780000000E+02   1.798769999934E+02   1.812060000000E+02   1.125000000000E+02   1.125000000000E+02  -1.125000000000E+02  -1.125000000000E+02
   1.858550000000E+02   1.827560000000E+02   1.125000000000E+02  -1.125000000000E+02   1.377246247705E-02   2.250000000000E+02   2.099999934435E-01           10   1.844879999934E+02   1.858550000000E+02   1.814159999934E+02   1.827560000000E+02   1.125000000000E+02   1.125000000000E+02  -1.125000000000E+02  -1.125000000000E+02
   1.874420000000E+02   1.843160000000E+02   1.125000000000E+02  -1.125000000000E+02   1.389243951796E-02   2.250000000000E+02   2.099999934435E-01           10   1.860649999934E+02   1.874420000000E+02   1.829659999934E+02   1.843160000000E+02   1.125000000000E+02   1.125000000000E+02  -1.125000000000E+02  -1.125000000000E+02
   1.890420000000E+02   1.858900000000E+02   1.125000000000E+02  -1.125000000000E+02   1.400797258679E-02   2.250000000000E+02   2.099999934435E-01           10   1.876519999934E+02   1.890420000000E+02   1.845259999934E+02   1.858900000000E+02   1.125000000000E+02   1.125000000000E+02  -1.125000000000E+02  -1.125000000000E+02
   1.906530000000E+02   1.874740000000E+02   1.125000000000E+02  -1.125000000000E+02   1.412794883931E-02   2.250000000000E+02   2.099999934435E-01           10   1.892519999934E+02   1.906530000000E+02   1.860999999934E+02   1.874740000000E+02   1.125000000000E+02   1.125000000000E+02  -1.125000000000E+02  -1.125000000000E+02
