#                   R1                   R2                   Z1                   Z2         MIRROR_ANGLE              MLENGTH               MTHICK      COATING                 RB1I                 RB1O                 RB2I                 RB2O                 ZB1I                 ZB1O                 ZB2I                 ZB2O
#                   1D                   1D                   1D                   1D                   1D                   1D                   1D           1J                   1D                   1D                   1D                   1D                   1D                   1D                   1D                   1D
#                   mm                   mm                   mm                   mm                  rad                   mm                   mm                                mm                   mm                   mm                   mm                   mm                   mm                   mm                   mm
   5.456900000000E+01   5.426700000000E+01   1.125000000000E+02  -1.125000000000E+02   1.340000000000E-03   2.250000000000E+02   2.099999934435E-01            1   5.394900000000E+01   5.456900000000E+01   5.365100000000E+01   5.426700000000E+01   1.125000000000E+02   1.125000000000E+02  -1.125000000000E+02  -1.125000000000E+02
   5.518500000000E+01   5.488100000000E+01   1.125000000000E+02  -1.125000000000E+02   1.355000000000E-03   2.250000000000E+02   2.099999934435E-01            1   5.477899999344E+01   5.518500000000E+01   5.447699999344E+01   5.488100000000E+01   1.125000000000E+02   1.125000000000E+02  -1.125000000000E+02  -1.125000000000E+02
   5.580500000000E+01   5.549700000000E+01   1.125000000000E+02  -1.125000000000E+02   1.371000000000E-03   2.250000000000E+02   2.099999934435E-01            1   5.539499999344E+01   5.580500000000E+01   5.509099999344E+01   5.549700000000E+01   1.125000000000E+02   1.125000000000E+02  -1.125000000000E+02  -1.125000000000E+02
   5.643100000000E+01   5.611900000000E+01   1.125000000000E+02  -1.125000000000E+02   1.386000000000E-03   2.250000000000E+02   2.099999934435E-01            1   5.601499999344E+01   5.643100000000E+01   5.570699999344E+01   5.611900000000E+01   1.125000000000E+02   1.125000000000E+02  -1.125000000000E+02  -1.125000000000E+02
   5.706100000000E+01   5.674500000000E+01   1.125000000000E+02  -1.125000000000E+02   1.402000000000E-03   2.250000000000E+02   2.099999934435E-01            1   5.664099999344E+01   5.706100000000E+01   5.632899999344E+01   5.674500000000E+01   1.125000000000E+02   1.125000000000E+02  -1.125000000000E+02  -1.125000000000E+02
   5.769500000000E+01   5.737700000000E+01   1.125000000000E+02  -1.125000000000E+02   1.417000000000E-03   2.250000000000E+02   2.099999934435E-01            1   5.727099999344E+01   5.769500000000E+01   5.695499999344E+01   5.737700000000E+01   1.125000000000E+02   1.125000000000E+02  -1.125000000000E+02  -1.125000000000E+02
   5.833400000000E+01   5.801200000000E+01   1.125000000000E+02  -1.125000000000E+02   1.433000000000E-03   2.250000000000E+02   2.099999934435E-01            1   5.790499999344E+01   5.833400000000E+01   5.758699999344E+01   5.801200000000E+01   1.125000000000E+02   1.125000000000E+02  -1.125000000000E+02  -1.125000000000E+02
   5.897800000000E+01   5.865200000000E+01   1.125000000000E+02  -1.125000000000E+02   1.449000000000E-03   2.250000000000E+02   2.099999934435E-01            1   5.854399999344E+01   5.897800000000E+01   5.822199999344E+01   5.865200000000E+01   1.125000000000E+02   1.125000000000E+02  -1.125000000000E+02  -1.125000000000E+02
   5.962700000000E+01   5.929700000000E+01   1.125000000000E+02  -1.125000000000E+02   1.465000000000E-03   2.250000000000E+02   2.099999934435E-01            1   5.918799999344E+01   5.962700000000E+01   5.886199999344E+01   5.929700000000E+01   1.125000000000E+02   1.125000000000E+02  -1.125000000000E+02  -1.125000000000E+02
   6.028100000000E+01   5.994700000000E+01   1.125000000000E+02  -1.125000000000E+02   1.481000000000E-03   2.250000000000E+02   2.099999934435E-01            1   5.983699999344E+01   6.028100000000E+01   5.950699999344E+01   5.994700000000E+01   1.125000000000E+02   1.125000000000E+02  -1.125000000000E+02  -1.125000000000E+02
   6.093800000000E+01   6.060200000000E+01   1.125000000000E+02  -1.125000000000E+02   1.497000000000E-03   2.250000000000E+02   2.099999934435E-01            1   6.049099999344E+01   6.093800000000E+01   6.015699999344E+01   6.060200000000E+01   1.125000000000E+02   1.125000000000E+02  -1.125000000000E+02  -1.125000000000E+02
   6.160200000000E+01   6.126200000000E+01   1.125000000000E+02  -1.125000000000E+02   1.513000000000E-03   2.250000000000E+02   2.099999934435E-01            1   6.114799999344E+01   6.160200000000E+01   6.081199999344E+01   6.126200000000E+01   1.125000000000E+02   1.125000000000E+02  -1.125000000000E+02  -1.125000000000E+02
   6.227000000000E+01   6.192600000000E+01   1.125000000000E+02  -1.125000000000E+02   1.530000000000E-03   2.250000000000E+02   2.099999934435E-01            2   6.181199999344E+01   6.227000000000E+01   6.147199999344E+01   6.192600000000E+01   1.125000000000E+02   1.125000000000E+02  -1.125000000000E+02  -1.125000000000E+02
   6.294300000000E+01   6.259500000000E+01   1.125000000000E+02  -1.125000000000E+02   1.546000000000E-03   2.250000000000E+02   2.099999934435E-01            2   6.247999999344E+01   6.294300000000E+01   6.213599999344E+01   6.259500000000E+01   1.125000000000E+02   1.125000000000E+02  -1.125000000000E+02  -1.125000000000E+02
   6.362200000000E+01   6.327000000000E+01   1.125000000000E+02  -1.125000000000E+02   1.563000000000E-03   2.250000000000E+02   2.099999934435E-01            2   6.315299999344E+01   6.362200000000E+01   6.280499999344E+01   6.327000000000E+01   1.125000000000E+02   1.125000000000E+02  -1.125000000000E+02  -1.125000000000E+02
   6.430500000000E+01   6.394900000000E+01   1.125000000000E+02  -1.125000000000E+02   1.579000000000E-03   2.250000000000E+02   2.099999934435E-01            2   6.383199999344E+01   6.430500000000E+01   6.347999999344E+01   6.394900000000E+01   1.125000000000E+02   1.125000000000E+02  -1.125000000000E+02  -1.125000000000E+02
   6.499300000000E+01   6.463300000000E+01   1.125000000000E+02  -1.125000000000E+02   1.596000000000E-03   2.250000000000E+02   2.099999934435E-01            2   6.451499999344E+01   6.499300000000E+01   6.415899999344E+01   6.463300000000E+01   1.125000000000E+02   1.125000000000E+02  -1.125000000000E+02  -1.125000000000E+02
   6.568500000000E+01   6.532300000000E+01   1.125000000000E+02  -1.125000000000E+02   1.613000000000E-03   2.250000000000E+02   2.099999934435E-01            2   6.520299999344E+01   6.568500000000E+01   6.484299999344E+01   6.532300000000E+01   1.125000000000E+02   1.125000000000E+02  -1.125000000000E+02  -1.125000000000E+02
   6.638400000000E+01   6.601800000000E+01   1.125000000000E+02  -1.125000000000E+02   1.631000000000E-03   2.250000000000E+02   2.099999934435E-01            2   6.589499999344E+01   6.638400000000E+01   6.553299999344E+01   6.601800000000E+01   1.125000000000E+02   1.125000000000E+02  -1.125000000000E+02  -1.125000000000E+02
   6.708800000000E+01   6.671800000000E+01   1.125000000000E+02  -1.125000000000E+02   1.648000000000E-03   2.250000000000E+02   2.099999934435E-01            2   6.659399999344E+01   6.708800000000E+01   6.622799999344E+01   6.671800000000E+01   1.125000000000E+02   1.125000000000E+02  -1.125000000000E+02  -1.125000000000E+02
   6.779600000000E+01   6.742200000000E+01   1.125000000000E+02  -1.125000000000E+02   1.665000000000E-03   2.250000000000E+02   2.099999934435E-01            2   6.729799999344E+01   6.779600000000E+01   6.692799999344E+01   6.742200000000E+01   1.125000000000E+02   1.125000000000E+02  -1.125000000000E+02  -1.125000000000E+02
   6.851100000000E+01   6.813300000000E+01   1.125000000000E+02  -1.125000000000E+02   1.683000000000E-03   2.250000000000E+02   2.099999934435E-01            2   6.800599999344E+01   6.851100000000E+01   6.763199999344E+01   6.813300000000E+01   1.125000000000E+02   1.125000000000E+02  -1.125000000000E+02  -1.125000000000E+02
   6.923000000000E+01   6.884800000000E+01   1.125000000000E+02  -1.125000000000E+02   1.700000000000E-03   2.250000000000E+02   2.099999934435E-01            2   6.872099999344E+01   6.923000000000E+01   6.834299999344E+01   6.884800000000E+01   1.125000000000E+02   1.125000000000E+02  -1.125000000000E+02  -1.125000000000E+02
   6.995500000000E+01   6.956900000000E+01   1.125000000000E+02  -1.125000000000E+02   1.718000000000E-03   2.250000000000E+02   2.099999934435E-01            2   6.943999999344E+01   6.995500000000E+01   6.905799999344E+01   6.956900000000E+01   1.125000000000E+02   1.125000000000E+02  -1.125000000000E+02  -1.125000000000E+02
   7.068500000000E+01   7.029500000000E+01   1.125000000000E+02  -1.125000000000E+02   1.736000000000E-03   2.250000000000E+02   2.099999934435E-01            3   7.016499999344E+01   7.068500000000E+01   6.977899999344E+01   7.029500000000E+01   1.125000000000E+02   1.125000000000E+02  -1.125000000000E+02  -1.125000000000E+02
   7.142000000000E+01   7.102600000000E+01   1.125000000000E+02  -1.125000000000E+02   1.754000000000E-03   2.250000000000E+02   2.099999934435E-01            3   7.089499999344E+01   7.142000000000E+01   7.050499999344E+01   7.102600000000E+01   1.125000000000E+02   1.125000000000E+02  -1.125000000000E+02  -1.125000000000E+02
   7.216100000000E+01   7.176300000000E+01   1.125000000000E+02  -1.125000000000E+02   1.772000000000E-03   2.250000000000E+02   2.099999934435E-01            3   7.162999999344E+01   7.216100000000E+01   7.123599999344E+01   7.176300000000E+01   1.125000000000E+02   1.125000000000E+02  -1.125000000000E+02  -1.125000000000E+02
   7.290700000000E+01   7.250500000000E+01   1.125000000000E+02  -1.125000000000E+02   1.791000000000E-03   2.250000000000E+02   2.099999934435E-01            3   7.237099999344E+01   7.290700000000E+01   7.197299999344E+01   7.250500000000E+01   1.125000000000E+02   1.125000000000E+02  -1.125000000000E+02  -1.125000000000E+02
   7.366000000000E+01   7.325200000000E+01   1.125000000000E+02  -1.125000000000E+02   1.809000000000E-03   2.250000000000E+02   2.099999934435E-01            3   7.311699999344E+01   7.366000000000E+01   7.271499999344E+01   7.325200000000E+01   1.125000000000E+02   1.125000000000E+02  -1.125000000000E+02  -1.125000000000E+02
   7.441800000000E+01   7.400600000000E+01   1.125000000000E+02  -1.125000000000E+02   1.828000000000E-03   2.250000000000E+02   2.099999934435E-01            3   7.386999999344E+01   7.441800000000E+01   7.346199999344E+01   7.400600000000E+01   1.125000000000E+02   1.125000000000E+02  -1.125000000000E+02  -1.125000000000E+02
   7.518100000000E+01   7.476500000000E+01   1.125000000000E+02  -1.125000000000E+02   1.847000000000E-03   2.250000000000E+02   2.099999934435E-01            3   7.462799999344E+01   7.518100000000E+01   7.421599999344E+01   7.476500000000E+01   1.125000000000E+02   1.125000000000E+02  -1.125000000000E+02  -1.125000000000E+02
   7.594900000000E+01   7.552900000000E+01   1.125000000000E+02  -1.125000000000E+02   1.866000000000E-03   2.250000000000E+02   2.099999934435E-01            3   7.539099999344E+01   7.594900000000E+01   7.497499999344E+01   7.552900000000E+01   1.125000000000E+02   1.125000000000E+02  -1.125000000000E+02  -1.125000000000E+02
   7.672400000000E+01   7.630000000000E+01   1.125000000000E+02  -1.125000000000E+02   1.885000000000E-03   2.250000000000E+02   2.099999934435E-01            3   7.615899999344E+01   7.672400000000E+01   7.573899999344E+01   7.630000000000E+01   1.125000000000E+02   1.125000000000E+02  -1.125000000000E+02  -1.125000000000E+02
   7.750400000000E+01   7.707600000000E+01   1.125000000000E+02  -1.125000000000E+02   1.904000000000E-03   2.250000000000E+02   2.099999934435E-01            3   7.693399999344E+01   7.750400000000E+01   7.650999999344E+01   7.707600000000E+01   1.125000000000E+02   1.125000000000E+02  -1.125000000000E+02  -1.125000000000E+02
   7.829000000000E+01   7.785800000000E+01   1.125000000000E+02  -1.125000000000E+02   1.923000000000E-03   2.250000000000E+02   2.099999934435E-01            3   7.771399999344E+01   7.829000000000E+01   7.728599999344E+01   7.785800000000E+01   1.125000000000E+02   1.125000000000E+02  -1.125000000000E+02  -1.125000000000E+02
   7.908100000000E+01   7.864500000000E+01   1.125000000000E+02  -1.125000000000E+02   1.942000000000E-03   2.250000000000E+02   2.099999934435E-01            3   7.849999999344E+01   7.908100000000E+01   7.806799999344E+01   7.864500000000E+01   1.125000000000E+02   1.125000000000E+02  -1.125000000000E+02  -1.125000000000E+02
   7.988000000000E+01   7.943800000000E+01   1.125000000000E+02  -1.125000000000E+02   1.962000000000E-03   2.250000000000E+02   2.099999934435E-01            4   7.929099999344E+01   7.988000000000E+01   7.885499999344E+01   7.943800000000E+01   1.125000000000E+02   1.125000000000E+02  -1.125000000000E+02  -1.125000000000E+02
   8.068300000000E+01   8.023700000000E+01   1.125000000000E+02  -1.125000000000E+02   1.982000000000E-03   2.250000000000E+02   2.099999934435E-01            4   8.008999999344E+01   8.068300000000E+01   7.964799999344E+01   8.023700000000E+01   1.125000000000E+02   1.125000000000E+02  -1.125000000000E+02  -1.125000000000E+02
   8.149200000000E+01   8.104200000000E+01   1.125000000000E+02  -1.125000000000E+02   2.002000000000E-03   2.250000000000E+02   2.099999934435E-01            4   8.089299999344E+01   8.149200000000E+01   8.044699999344E+01   8.104200000000E+01   1.125000000000E+02   1.125000000000E+02  -1.125000000000E+02  -1.125000000000E+02
   8.230800000000E+01   8.185400000000E+01   1.125000000000E+02  -1.125000000000E+02   2.022000000000E-03   2.250000000000E+02   2.099999934435E-01            4   8.170199999344E+01   8.230800000000E+01   8.125199999344E+01   8.185400000000E+01   1.125000000000E+02   1.125000000000E+02  -1.125000000000E+02  -1.125000000000E+02
   8.313000000000E+01   8.267000000000E+01   1.125000000000E+02  -1.125000000000E+02   2.042000000000E-03   2.250000000000E+02   2.099999934435E-01            4   8.251799999344E+01   8.313000000000E+01   8.206399999344E+01   8.267000000000E+01   1.125000000000E+02   1.125000000000E+02  -1.125000000000E+02  -1.125000000000E+02
   8.395800000000E+01   8.349400000000E+01   1.125000000000E+02  -1.125000000000E+02   2.062000000000E-03   2.250000000000E+02   2.099999934435E-01            4   8.333999999344E+01   8.395800000000E+01   8.287999999344E+01   8.349400000000E+01   1.125000000000E+02   1.125000000000E+02  -1.125000000000E+02  -1.125000000000E+02
   8.479100000000E+01   8.432300000000E+01   1.125000000000E+02  -1.125000000000E+02   2.083000000000E-03   2.250000000000E+02   2.099999934435E-01            4   8.416799999344E+01   8.479100000000E+01   8.370399999344E+01   8.432300000000E+01   1.125000000000E+02   1.125000000000E+02  -1.125000000000E+02  -1.125000000000E+02
   8.563200000000E+01   8.515800000000E+01   1.125000000000E+02  -1.125000000000E+02   2.103000000000E-03   2.250000000000E+02   2.099999934435E-01            4   8.500099999344E+01   8.563200000000E+01   8.453299999344E+01   8.515800000000E+01   1.125000000000E+02   1.125000000000E+02  -1.125000000000E+02  -1.125000000000E+02
   8.647800000000E+01   8.600000000000E+01   1.125000000000E+02  -1.125000000000E+02   2.124000000000E-03   2.250000000000E+02   2.099999934435E-01            4   8.584199999344E+01   8.647800000000E+01   8.536799999344E+01   8.600000000000E+01   1.125000000000E+02   1.125000000000E+02  -1.125000000000E+02  -1.125000000000E+02
   8.733000000000E+01   8.684800000000E+01   1.125000000000E+02  -1.125000000000E+02   2.145000000000E-03   2.250000000000E+02   2.099999934435E-01            4   8.668799999344E+01   8.733000000000E+01   8.620999999344E+01   8.684800000000E+01   1.125000000000E+02   1.125000000000E+02  -1.125000000000E+02  -1.125000000000E+02
   8.818900000000E+01   8.770100000000E+01   1.125000000000E+02  -1.125000000000E+02   2.166000000000E-03   2.250000000000E+02   2.099999934435E-01            4   8.753999999344E+01   8.818900000000E+01   8.705799999344E+01   8.770100000000E+01   1.125000000000E+02   1.125000000000E+02  -1.125000000000E+02  -1.125000000000E+02
   8.905400000000E+01   8.856200000000E+01   1.125000000000E+02  -1.125000000000E+02   2.187000000000E-03   2.250000000000E+02   2.099999934435E-01            4   8.839899999344E+01   8.905400000000E+01   8.791099999344E+01   8.856200000000E+01   1.125000000000E+02   1.125000000000E+02  -1.125000000000E+02  -1.125000000000E+02
   8.992600000000E+01   8.942800000000E+01   1.125000000000E+02  -1.125000000000E+02   2.209000000000E-03   2.250000000000E+02   2.099999934435E-01            4   8.926399999344E+01   8.992600000000E+01   8.877199999344E+01   8.942800000000E+01   1.125000000000E+02   1.125000000000E+02  -1.125000000000E+02  -1.125000000000E+02
   9.080400000000E+01   9.030200000000E+01   1.125000000000E+02  -1.125000000000E+02   2.230000000000E-03   2.250000000000E+02   2.099999934435E-01            5   9.013599999344E+01   9.080400000000E+01   8.963799999344E+01   9.030200000000E+01   1.125000000000E+02   1.125000000000E+02  -1.125000000000E+02  -1.125000000000E+02
   9.168800000000E+01   9.118200000000E+01   1.125000000000E+02  -1.125000000000E+02   2.252000000000E-03   2.250000000000E+02   2.099999934435E-01            5   9.101399999344E+01   9.168800000000E+01   9.051199999344E+01   9.118200000000E+01   1.125000000000E+02   1.125000000000E+02  -1.125000000000E+02  -1.125000000000E+02
   9.258000000000E+01   9.206800000000E+01   1.125000000000E+02  -1.125000000000E+02   2.274000000000E-03   2.250000000000E+02   2.099999934435E-01            5   9.189799999344E+01   9.258000000000E+01   9.139199999344E+01   9.206800000000E+01   1.125000000000E+02   1.125000000000E+02  -1.125000000000E+02  -1.125000000000E+02
   9.347700000000E+01   9.296100000000E+01   1.125000000000E+02  -1.125000000000E+02   2.296000000000E-03   2.250000000000E+02   2.099999934435E-01            5   9.278999999344E+01   9.347700000000E+01   9.227799999344E+01   9.296100000000E+01   1.125000000000E+02   1.125000000000E+02  -1.125000000000E+02  -1.125000000000E+02
   9.438200000000E+01   9.386000000000E+01   1.125000000000E+02  -1.125000000000E+02   2.318000000000E-03   2.250000000000E+02   2.099999934435E-01            5   9.368699999344E+01   9.438200000000E+01   9.317099999344E+01   9.386000000000E+01   1.125000000000E+02   1.125000000000E+02  -1.125000000000E+02  -1.125000000000E+02
   9.529300000000E+01   9.476700000000E+01   1.125000000000E+02  -1.125000000000E+02   2.341000000000E-03   2.250000000000E+02   2.099999934435E-01            5   9.459199999344E+01   9.529300000000E+01   9.406999999344E+01   9.476700000000E+01   1.125000000000E+02   1.125000000000E+02  -1.125000000000E+02  -1.125000000000E+02
   9.621100000000E+01   9.567900000000E+01   1.125000000000E+02  -1.125000000000E+02   2.363000000000E-03   2.250000000000E+02   2.099999934435E-01            5   9.550299999344E+01   9.621100000000E+01   9.497699999344E+01   9.567900000000E+01   1.125000000000E+02   1.125000000000E+02  -1.125000000000E+02  -1.125000000000E+02
   9.713500000000E+01   9.659900000000E+01   1.125000000000E+02  -1.125000000000E+02   2.386000000000E-03   2.250000000000E+02   2.099999934435E-01            5   9.642099999344E+01   9.713500000000E+01   9.588899999344E+01   9.659900000000E+01   1.125000000000E+02   1.125000000000E+02  -1.125000000000E+02  -1.125000000000E+02
   9.806700000000E+01   9.752500000000E+01   1.125000000000E+02  -1.125000000000E+02   2.409000000000E-03   2.250000000000E+02   2.099999934435E-01            5   9.734499999344E+01   9.806700000000E+01   9.680899999344E+01   9.752500000000E+01   1.125000000000E+02   1.125000000000E+02  -1.125000000000E+02  -1.125000000000E+02
   9.900600000000E+01   9.845800000000E+01   1.125000000000E+02  -1.125000000000E+02   2.432000000000E-03   2.250000000000E+02   2.099999934435E-01            5   9.827699999344E+01   9.900600000000E+01   9.773499999344E+01   9.845800000000E+01   1.125000000000E+02   1.125000000000E+02  -1.125000000000E+02  -1.125000000000E+02
   9.995100000000E+01   9.939900000000E+01   1.125000000000E+02  -1.125000000000E+02   2.455000000000E-03   2.250000000000E+02   2.099999934435E-01            5   9.921599999344E+01   9.995100000000E+01   9.866799999344E+01   9.939900000000E+01   1.125000000000E+02   1.125000000000E+02  -1.125000000000E+02  -1.125000000000E+02
   1.009040000000E+02   1.003460000000E+02   1.125000000000E+02  -1.125000000000E+02   2.478000000000E-03   2.250000000000E+02   2.099999934435E-01            5   1.001609999934E+02   1.009040000000E+02   9.960899999344E+01   1.003460000000E+02   1.125000000000E+02   1.125000000000E+02  -1.125000000000E+02  -1.125000000000E+02
   1.018620000000E+02   1.013000000000E+02   1.125000000000E+02  -1.125000000000E+02   2.502000000000E-03   2.250000000000E+02   2.099999934435E-01            5   1.011139999934E+02   1.018620000000E+02   1.005559999934E+02   1.013000000000E+02   1.125000000000E+02   1.125000000000E+02  -1.125000000000E+02  -1.125000000000E+02
   1.028290000000E+02   1.022610000000E+02   1.125000000000E+02  -1.125000000000E+02   2.526000000000E-03   2.250000000000E+02   2.099999934435E-01            6   1.020719999934E+02   1.028290000000E+02   1.015099999934E+02   1.022610000000E+02   1.125000000000E+02   1.125000000000E+02  -1.125000000000E+02  -1.125000000000E+02
   1.038030000000E+02   1.032290000000E+02   1.125000000000E+02  -1.125000000000E+02   2.550000000000E-03   2.250000000000E+02   2.099999934435E-01            6   1.030389999934E+02   1.038030000000E+02   1.024709999934E+02   1.032290000000E+02   1.125000000000E+02   1.125000000000E+02  -1.125000000000E+02  -1.125000000000E+02
   1.047840000000E+02   1.042040000000E+02   1.125000000000E+02  -1.125000000000E+02   2.574000000000E-03   2.250000000000E+02   2.099999934435E-01            6   1.040129999934E+02   1.047840000000E+02   1.034389999934E+02   1.042040000000E+02   1.125000000000E+02   1.125000000000E+02  -1.125000000000E+02  -1.125000000000E+02
   1.057832500000E+02   1.051977500000E+02   1.125000000000E+02  -1.125000000000E+02   2.598500000000E-03   2.250000000000E+02   2.099999934435E-01            6   1.049939999934E+02   1.057832500000E+02   1.044139999934E+02   1.051977500000E+02   1.125000000000E+02   1.125000000000E+02  -1.125000000000E+02  -1.125000000000E+02
   1.067825000000E+02   1.061915000000E+02   1.125000000000E+02  -1.125000000000E+02   2.623000000000E-03   2.250000000000E+02   2.099999934435E-01            6   1.059932499934E+02   1.067825000000E+02   1.054077499934E+02   1.061915000000E+02   1.125000000000E+02   1.125000000000E+02  -1.125000000000E+02  -1.125000000000E+02
   1.077817500000E+02   1.071852500000E+02   1.125000000000E+02  -1.125000000000E+02   2.647500000000E-03   2.250000000000E+02   2.099999934435E-01            6   1.069924999934E+02   1.077817500000E+02   1.064014999934E+02   1.071852500000E+02   1.125000000000E+02   1.125000000000E+02  -1.125000000000E+02  -1.125000000000E+02
   1.087810000000E+02   1.081790000000E+02   1.125000000000E+02  -1.125000000000E+02   2.672000000000E-03   2.250000000000E+02   2.099999934435E-01            6   1.079917499934E+02   1.087810000000E+02   1.073952499934E+02   1.081790000000E+02   1.125000000000E+02   1.125000000000E+02  -1.125000000000E+02  -1.125000000000E+02
   1.097990000000E+02   1.091930000000E+02   1.125000000000E+02  -1.125000000000E+02   2.697000000000E-03   2.250000000000E+02   2.099999934435E-01            6   1.089909999934E+02   1.097990000000E+02   1.083889999934E+02   1.091930000000E+02   1.125000000000E+02   1.125000000000E+02  -1.125000000000E+02  -1.125000000000E+02
   1.108240000000E+02   1.102120000000E+02   1.125000000000E+02  -1.125000000000E+02   2.722000000000E-03   2.250000000000E+02   2.099999934435E-01            6   1.100089999934E+02   1.108240000000E+02   1.094029999934E+02   1.102120000000E+02   1.125000000000E+02   1.125000000000E+02  -1.125000000000E+02  -1.125000000000E+02
   1.118570000000E+02   1.112390000000E+02   1.125000000000E+02  -1.125000000000E+02   2.747000000000E-03   2.250000000000E+02   2.099999934435E-01            6   1.110339999934E+02   1.118570000000E+02   1.104219999934E+02   1.112390000000E+02   1.125000000000E+02   1.125000000000E+02  -1.125000000000E+02  -1.125000000000E+02
   1.128980000000E+02   1.122740000000E+02   1.125000000000E+02  -1.125000000000E+02   2.773000000000E-03   2.250000000000E+02   2.099999934435E-01            6   1.120669999934E+02   1.128980000000E+02   1.114489999934E+02   1.122740000000E+02   1.125000000000E+02   1.125000000000E+02  -1.125000000000E+02  -1.125000000000E+02
   1.139460000000E+02   1.133160000000E+02   1.125000000000E+02  -1.125000000000E+02   2.799000000000E-03   2.250000000000E+02   2.099999934435E-01            6   1.131079999934E+02   1.139460000000E+02   1.124839999934E+02   1.133160000000E+02   1.125000000000E+02   1.125000000000E+02  -1.125000000000E+02  -1.125000000000E+02
   1.150030000000E+02   1.143670000000E+02   1.125000000000E+02  -1.125000000000E+02   2.825000000000E-03   2.250000000000E+02   2.099999934435E-01            6   1.141559999934E+02   1.150030000000E+02   1.135259999934E+02   1.143670000000E+02   1.125000000000E+02   1.125000000000E+02  -1.125000000000E+02  -1.125000000000E+02
   1.160670000000E+02   1.154250000000E+02   1.125000000000E+02  -1.125000000000E+02   2.851000000000E-03   2.250000000000E+02   2.099999934435E-01            6   1.152129999934E+02   1.160670000000E+02   1.145769999934E+02   1.154250000000E+02   1.125000000000E+02   1.125000000000E+02  -1.125000000000E+02  -1.125000000000E+02
   1.171390000000E+02   1.164910000000E+02   1.125000000000E+02  -1.125000000000E+02   2.877000000000E-03   2.250000000000E+02   2.099999934435E-01            7   1.162769999934E+02   1.171390000000E+02   1.156349999934E+02   1.164910000000E+02   1.125000000000E+02   1.125000000000E+02  -1.125000000000E+02  -1.125000000000E+02
   1.182180000000E+02   1.175640000000E+02   1.125000000000E+02  -1.125000000000E+02   2.904000000000E-03   2.250000000000E+02   2.099999934435E-01            7   1.173489999934E+02   1.182180000000E+02   1.167009999934E+02   1.175640000000E+02   1.125000000000E+02   1.125000000000E+02  -1.125000000000E+02  -1.125000000000E+02
   1.193060000000E+02   1.186460000000E+02   1.125000000000E+02  -1.125000000000E+02   2.930000000000E-03   2.250000000000E+02   2.099999934435E-01            7   1.184279999934E+02   1.193060000000E+02   1.177739999934E+02   1.186460000000E+02   1.125000000000E+02   1.125000000000E+02  -1.125000000000E+02  -1.125000000000E+02
   1.204020000000E+02   1.197360000000E+02   1.125000000000E+02  -1.125000000000E+02   2.957000000000E-03   2.250000000000E+02   2.099999934435E-01            7   1.195159999934E+02   1.204020000000E+02   1.188559999934E+02   1.197360000000E+02   1.125000000000E+02   1.125000000000E+02  -1.125000000000E+02  -1.125000000000E+02
   1.215060000000E+02   1.208340000000E+02   1.125000000000E+02  -1.125000000000E+02   2.984000000000E-03   2.250000000000E+02   2.099999934435E-01            7   1.206119999934E+02   1.215060000000E+02   1.199459999934E+02   1.208340000000E+02   1.125000000000E+02   1.125000000000E+02  -1.125000000000E+02  -1.125000000000E+02
   1.226180000000E+02   1.219400000000E+02   1.125000000000E+02  -1.125000000000E+02   3.012000000000E-03   2.250000000000E+02   2.099999934435E-01            7   1.217159999934E+02   1.226180000000E+02   1.210439999934E+02   1.219400000000E+02   1.125000000000E+02   1.125000000000E+02  -1.125000000000E+02  -1.125000000000E+02
   1.237380000000E+02   1.230540000000E+02   1.125000000000E+02  -1.125000000000E+02   3.039000000000E-03   2.250000000000E+02   2.099999934435E-01            7   1.228279999934E+02   1.237380000000E+02   1.221499999934E+02   1.230540000000E+02   1.125000000000E+02   1.125000000000E+02  -1.125000000000E+02  -1.125000000000E+02
   1.248670000000E+02   1.241770000000E+02   1.125000000000E+02  -1.125000000000E+02   3.067000000000E-03   2.250000000000E+02   2.099999934435E-01            7   1.239479999934E+02   1.248670000000E+02   1.232639999934E+02   1.241770000000E+02   1.125000000000E+02   1.125000000000E+02  -1.125000000000E+02  -1.125000000000E+02
   1.260040000000E+02   1.253080000000E+02   1.125000000000E+02  -1.125000000000E+02   3.095000000000E-03   2.250000000000E+02   2.099999934435E-01            7   1.250769999934E+02   1.260040000000E+02   1.243869999934E+02   1.253080000000E+02   1.125000000000E+02   1.125000000000E+02  -1.125000000000E+02  -1.125000000000E+02
   1.271490000000E+02   1.264470000000E+02   1.125000000000E+02  -1.125000000000E+02   3.123000000000E-03   2.250000000000E+02   2.099999934435E-01            7   1.262139999934E+02   1.271490000000E+02   1.255179999934E+02   1.264470000000E+02   1.125000000000E+02   1.125000000000E+02  -1.125000000000E+02  -1.125000000000E+02
   1.283030000000E+02   1.275950000000E+02   1.125000000000E+02  -1.125000000000E+02   3.151000000000E-03   2.250000000000E+02   2.099999934435E-01            7   1.273589999934E+02   1.283030000000E+02   1.266569999934E+02   1.275950000000E+02   1.125000000000E+02   1.125000000000E+02  -1.125000000000E+02  -1.125000000000E+02
   1.294660000000E+02   1.287500000000E+02   1.125000000000E+02  -1.125000000000E+02   3.180000000000E-03   2.250000000000E+02   2.099999934435E-01            7   1.285129999934E+02   1.294660000000E+02   1.278049999934E+02   1.287500000000E+02   1.125000000000E+02   1.125000000000E+02  -1.125000000000E+02  -1.125000000000E+02
   1.306370000000E+02   1.299150000000E+02   1.125000000000E+02  -1.125000000000E+02   3.209000000000E-03   2.250000000000E+02   2.099999934435E-01            7   1.296759999934E+02   1.306370000000E+02   1.289599999934E+02   1.299150000000E+02   1.125000000000E+02   1.125000000000E+02  -1.125000000000E+02  -1.125000000000E+02
   1.318170000000E+02   1.310890000000E+02   1.125000000000E+02  -1.125000000000E+02   3.238000000000E-03   2.250000000000E+02   2.099999934435E-01            8   1.308469999934E+02   1.318170000000E+02   1.301249999934E+02   1.310890000000E+02   1.125000000000E+02   1.125000000000E+02  -1.125000000000E+02  -1.125000000000E+02
   1.330060000000E+02   1.322700000000E+02   1.125000000000E+02  -1.125000000000E+02   3.267000000000E-03   2.250000000000E+02   2.099999934435E-01            8   1.320269999934E+02   1.330060000000E+02   1.312989999934E+02   1.322700000000E+02   1.125000000000E+02   1.125000000000E+02  -1.125000000000E+02  -1.125000000000E+02
   1.342030000000E+02   1.334610000000E+02   1.125000000000E+02  -1.125000000000E+02   3.296000000000E-03   2.250000000000E+02   2.099999934435E-01            8   1.332159999934E+02   1.342030000000E+02   1.324799999934E+02   1.334610000000E+02   1.125000000000E+02   1.125000000000E+02  -1.125000000000E+02  -1.125000000000E+02
   1.354090000000E+02   1.346610000000E+02   1.125000000000E+02  -1.125000000000E+02   3.326000000000E-03   2.250000000000E+02   2.099999934435E-01            8   1.344129999934E+02   1.354090000000E+02   1.336709999934E+02   1.346610000000E+02   1.125000000000E+02   1.125000000000E+02  -1.125000000000E+02  -1.125000000000E+02
   1.366250000000E+02   1.358690000000E+02   1.125000000000E+02  -1.125000000000E+02   3.356000000000E-03   2.250000000000E+02   2.099999934435E-01            8   1.356189999934E+02   1.366250000000E+02   1.348709999934E+02   1.358690000000E+02   1.125000000000E+02   1.125000000000E+02  -1.125000000000E+02  -1.125000000000E+02
   1.378490000000E+02   1.370870000000E+02   1.125000000000E+02  -1.125000000000E+02   3.386000000000E-03   2.250000000000E+02   2.099999934435E-01            8   1.368349999934E+02   1.378490000000E+02   1.360789999934E+02   1.370870000000E+02   1.125000000000E+02   1.125000000000E+02  -1.125000000000E+02  -1.125000000000E+02
   1.390820000000E+02   1.383140000000E+02   1.125000000000E+02  -1.125000000000E+02   3.416000000000E-03   2.250000000000E+02   2.099999934435E-01            8   1.380589999934E+02   1.390820000000E+02   1.372969999934E+02   1.383140000000E+02   1.125000000000E+02   1.125000000000E+02  -1.125000000000E+02  -1.125000000000E+02
   1.403250000000E+02   1.395490000000E+02   1.125000000000E+02  -1.125000000000E+02   3.447000000000E-03   2.250000000000E+02   2.099999934435E-01            8   1.392919999934E+02   1.403250000000E+02   1.385239999934E+02   1.395490000000E+02   1.125000000000E+02   1.125000000000E+02  -1.125000000000E+02  -1.125000000000E+02
   1.415760000000E+02   1.407940000000E+02   1.125000000000E+02  -1.125000000000E+02   3.477000000000E-03   2.250000000000E+02   2.099999934435E-01            8   1.405349999934E+02   1.415760000000E+02   1.397589999934E+02   1.407940000000E+02   1.125000000000E+02   1.125000000000E+02  -1.125000000000E+02  -1.125000000000E+02
   1.428370000000E+02   1.420470000000E+02   1.125000000000E+02  -1.125000000000E+02   3.508000000000E-03   2.250000000000E+02   2.099999934435E-01            8   1.417859999934E+02   1.428370000000E+02   1.410039999934E+02   1.420470000000E+02   1.125000000000E+02   1.125000000000E+02  -1.125000000000E+02  -1.125000000000E+02
   1.441070000000E+02   1.433110000000E+02   1.125000000000E+02  -1.125000000000E+02   3.540000000000E-03   2.250000000000E+02   2.099999934435E-01            8   1.430469999934E+02   1.441070000000E+02   1.422569999934E+02   1.433110000000E+02   1.125000000000E+02   1.125000000000E+02  -1.125000000000E+02  -1.125000000000E+02
   1.453870000000E+02   1.445830000000E+02   1.125000000000E+02  -1.125000000000E+02   3.571000000000E-03   2.250000000000E+02   2.099999934435E-01            8   1.443169999934E+02   1.453870000000E+02   1.435209999934E+02   1.445830000000E+02   1.125000000000E+02   1.125000000000E+02  -1.125000000000E+02  -1.125000000000E+02
   1.466760000000E+02   1.458660000000E+02   1.125000000000E+02  -1.125000000000E+02   3.603000000000E-03   2.250000000000E+02   2.099999934435E-01            8   1.455969999934E+02   1.466760000000E+02   1.447929999934E+02   1.458660000000E+02   1.125000000000E+02   1.125000000000E+02  -1.125000000000E+02  -1.125000000000E+02
   1.479750000000E+02   1.471570000000E+02   1.125000000000E+02  -1.125000000000E+02   3.635000000000E-03   2.250000000000E+02   2.099999934435E-01            8   1.468859999934E+02   1.479750000000E+02   1.460759999934E+02   1.471570000000E+02   1.125000000000E+02   1.125000000000E+02  -1.125000000000E+02  -1.125000000000E+02
   1.492840000000E+02   1.484580000000E+02   1.125000000000E+02  -1.125000000000E+02   3.667000000000E-03   2.250000000000E+02   2.099999934435E-01            8   1.481849999934E+02   1.492840000000E+02   1.473669999934E+02   1.484580000000E+02   1.125000000000E+02   1.125000000000E+02  -1.125000000000E+02  -1.125000000000E+02
   1.506010000000E+02   1.497690000000E+02   1.125000000000E+02  -1.125000000000E+02   3.699000000000E-03   2.250000000000E+02   2.099999934435E-01            9   1.494939999934E+02   1.506010000000E+02   1.486679999934E+02   1.497690000000E+02   1.125000000000E+02   1.125000000000E+02  -1.125000000000E+02  -1.125000000000E+02
   1.519290000000E+02   1.510890000000E+02   1.125000000000E+02  -1.125000000000E+02   3.732000000000E-03   2.250000000000E+02   2.099999934435E-01            9   1.508109999934E+02   1.519290000000E+02   1.499789999934E+02   1.510890000000E+02   1.125000000000E+02   1.125000000000E+02  -1.125000000000E+02  -1.125000000000E+02
   1.532670000000E+02   1.524190000000E+02   1.125000000000E+02  -1.125000000000E+02   3.765000000000E-03   2.250000000000E+02   2.099999934435E-01            9   1.521389999934E+02   1.532670000000E+02   1.512989999934E+02   1.524190000000E+02   1.125000000000E+02   1.125000000000E+02  -1.125000000000E+02  -1.125000000000E+02
   1.546140000000E+02   1.537600000000E+02   1.125000000000E+02  -1.125000000000E+02   3.798000000000E-03   2.250000000000E+02   2.099999934435E-01            9   1.534769999934E+02   1.546140000000E+02   1.526289999934E+02   1.537600000000E+02   1.125000000000E+02   1.125000000000E+02  -1.125000000000E+02  -1.125000000000E+02
   1.559720000000E+02   1.551100000000E+02   1.125000000000E+02  -1.125000000000E+02   3.831000000000E-03   2.250000000000E+02   2.099999934435E-01            9   1.548239999934E+02   1.559720000000E+02   1.539699999934E+02   1.551100000000E+02   1.125000000000E+02   1.125000000000E+02  -1.125000000000E+02  -1.125000000000E+02
   1.573400000000E+02   1.564700000000E+02   1.125000000000E+02  -1.125000000000E+02   3.865000000000E-03   2.250000000000E+02   2.099999934435E-01            9   1.561819999934E+02   1.573400000000E+02   1.553199999934E+02   1.564700000000E+02   1.125000000000E+02   1.125000000000E+02  -1.125000000000E+02  -1.125000000000E+02
   1.587180000000E+02   1.578400000000E+02   1.125000000000E+02  -1.125000000000E+02   3.898000000000E-03   2.250000000000E+02   2.099999934435E-01            9   1.575499999934E+02   1.587180000000E+02   1.566799999934E+02   1.578400000000E+02   1.125000000000E+02   1.125000000000E+02  -1.125000000000E+02  -1.125000000000E+02
   1.601050000000E+02   1.592210000000E+02   1.125000000000E+02  -1.125000000000E+02   3.933000000000E-03   2.250000000000E+02   2.099999934435E-01            9   1.589279999934E+02   1.601050000000E+02   1.580499999934E+02   1.592210000000E+02   1.125000000000E+02   1.125000000000E+02  -1.125000000000E+02  -1.125000000000E+02
   1.615030000000E+02   1.606110000000E+02   1.125000000000E+02  -1.125000000000E+02   3.967000000000E-03   2.250000000000E+02   2.099999934435E-01            9   1.603149999934E+02   1.615030000000E+02   1.594309999934E+02   1.606110000000E+02   1.125000000000E+02   1.125000000000E+02  -1.125000000000E+02  -1.125000000000E+02
   1.629120000000E+02   1.620120000000E+02   1.125000000000E+02  -1.125000000000E+02   4.002000000000E-03   2.250000000000E+02   2.099999934435E-01            9   1.617129999934E+02   1.629120000000E+02   1.608209999934E+02   1.620120000000E+02   1.125000000000E+02   1.125000000000E+02  -1.125000000000E+02  -1.125000000000E+02
   1.643310000000E+02   1.634230000000E+02   1.125000000000E+02  -1.125000000000E+02   4.036000000000E-03   2.250000000000E+02   2.099999934435E-01            9   1.631219999934E+02   1.643310000000E+02   1.622219999934E+02   1.634230000000E+02   1.125000000000E+02   1.125000000000E+02  -1.125000000000E+02  -1.125000000000E+02
   1.657610000000E+02   1.648450000000E+02   1.125000000000E+02  -1.125000000000E+02   4.071000000000E-03   2.250000000000E+02   2.099999934435E-01            9   1.645409999934E+02   1.657610000000E+02   1.636329999934E+02   1.648450000000E+02   1.125000000000E+02   1.125000000000E+02  -1.125000000000E+02  -1.125000000000E+02
   1.672010000000E+02   1.662770000000E+02   1.125000000000E+02  -1.125000000000E+02   4.107000000000E-03   2.250000000000E+02   2.099999934435E-01            9   1.659709999934E+02   1.672010000000E+02   1.650549999934E+02   1.662770000000E+02   1.125000000000E+02   1.125000000000E+02  -1.125000000000E+02  -1.125000000000E+02
   1.686520000000E+02   1.677200000000E+02   1.125000000000E+02  -1.125000000000E+02   4.143000000000E-03   2.250000000000E+02   2.099999934435E-01            9   1.674109999934E+02   1.686520000000E+02   1.664869999934E+02   1.677200000000E+02   1.125000000000E+02   1.125000000000E+02  -1.125000000000E+02  -1.125000000000E+02
   1.701140000000E+02   1.691740000000E+02   1.125000000000E+02  -1.125000000000E+02   4.178000000000E-03   2.250000000000E+02   2.099999934435E-01           10   1.688619999934E+02   1.701140000000E+02   1.679299999934E+02   1.691740000000E+02   1.125000000000E+02   1.125000000000E+02  -1.125000000000E+02  -1.125000000000E+02
   1.715860000000E+02   1.706380000000E+02   1.125000000000E+02  -1.125000000000E+02   4.215000000000E-03   2.250000000000E+02   2.099999934435E-01           10   1.703239999934E+02   1.715860000000E+02   1.693839999934E+02   1.706380000000E+02   1.125000000000E+02   1.125000000000E+02  -1.125000000000E+02  -1.125000000000E+02
   1.730690000000E+02   1.721130000000E+02   1.125000000000E+02  -1.125000000000E+02   4.251000000000E-03   2.250000000000E+02   2.099999934435E-01           10   1.717959999934E+02   1.730690000000E+02   1.708479999934E+02   1.721130000000E+02   1.125000000000E+02   1.125000000000E+02  -1.125000000000E+02  -1.125000000000E+02
   1.745630000000E+02   1.735990000000E+02   1.125000000000E+02  -1.125000000000E+02   4.288000000000E-03   2.250000000000E+02   2.099999934435E-01           10   1.732789999934E+02   1.745630000000E+02   1.723229999934E+02   1.735990000000E+02   1.125000000000E+02   1.125000000000E+02  -1.125000000000E+02  -1.125000000000E+02
   1.760700000000E+02   1.750960000000E+02   1.125000000000E+02  -1.125000000000E+02   4.325000000000E-03   2.250000000000E+02   2.099999934435E-01           10   1.747729999934E+02   1.760700000000E+02   1.738089999934E+02   1.750960000000E+02   1.125000000000E+02   1.125000000000E+02  -1.125000000000E+02  -1.125000000000E+02
   1.775860000000E+02   1.766040000000E+02   1.125000000000E+02  -1.125000000000E+02   4.362000000000E-03   2.250000000000E+02   2.099999934435E-01           10   1.762799999934E+02   1.775860000000E+02   1.753059999934E+02   1.766040000000E+02   1.125000000000E+02   1.125000000000E+02  -1.125000000000E+02  -1.125000000000E+02
   1.791140000000E+02   1.781240000000E+02   1.125000000000E+02  -1.125000000000E+02   4.399000000000E-03   2.250000000000E+02   2.099999934435E-01           10   1.777959999934E+02   1.791140000000E+02   1.768139999934E+02   1.781240000000E+02   1.125000000000E+02   1.125000000000E+02  -1.125000000000E+02  -1.125000000000E+02
   1.806530000000E+02   1.796550000000E+02   1.125000000000E+02  -1.125000000000E+02   4.437000000000E-03   2.250000000000E+02   2.099999934435E-01           10   1.793239999934E+02   1.806530000000E+02   1.783339999934E+02   1.796550000000E+02   1.125000000000E+02   1.125000000000E+02  -1.125000000000E+02  -1.125000000000E+02
   1.822030000000E+02   1.811970000000E+02   1.125000000000E+02  -1.125000000000E+02   4.475000000000E-03   2.250000000000E+02   2.099999934435E-01           10   1.808629999934E+02   1.822030000000E+02   1.798649999934E+02   1.811970000000E+02   1.125000000000E+02   1.125000000000E+02  -1.125000000000E+02  -1.125000000000E+02
   1.837660000000E+02   1.827500000000E+02   1.125000000000E+02  -1.125000000000E+02   4.514000000000E-03   2.250000000000E+02   2.099999934435E-01           10   1.824129999934E+02   1.837660000000E+02   1.814069999934E+02   1.827500000000E+02   1.125000000000E+02   1.125000000000E+02  -1.125000000000E+02  -1.125000000000E+02
   1.853390000000E+02   1.843150000000E+02   1.125000000000E+02  -1.125000000000E+02   4.552000000000E-03   2.250000000000E+02   2.099999934435E-01           10   1.839759999934E+02   1.853390000000E+02   1.829599999934E+02   1.843150000000E+02   1.125000000000E+02   1.125000000000E+02  -1.125000000000E+02  -1.125000000000E+02
   1.869240000000E+02   1.858920000000E+02   1.125000000000E+02  -1.125000000000E+02   4.591000000000E-03   2.250000000000E+02   2.099999934435E-01           10   1.855489999934E+02   1.869240000000E+02   1.845249999934E+02   1.858920000000E+02   1.125000000000E+02   1.125000000000E+02  -1.125000000000E+02  -1.125000000000E+02
   1.885210000000E+02   1.874790000000E+02   1.125000000000E+02  -1.125000000000E+02   4.631000000000E-03   2.250000000000E+02   2.099999934435E-01           10   1.871339999934E+02   1.885210000000E+02   1.861019999934E+02   1.874790000000E+02   1.125000000000E+02   1.125000000000E+02  -1.125000000000E+02  -1.125000000000E+02
   1.901300000000E+02   1.890800000000E+02   1.125000000000E+02  -1.125000000000E+02   4.670000000000E-03   2.250000000000E+02   2.099999934435E-01           10   1.887309999934E+02   1.901300000000E+02   1.876889999934E+02   1.890800000000E+02   1.125000000000E+02   1.125000000000E+02  -1.125000000000E+02  -1.125000000000E+02
   1.917510000000E+02   1.906910000000E+02   1.125000000000E+02  -1.125000000000E+02   4.710000000000E-03   2.250000000000E+02   2.099999934435E-01           10   1.903399999934E+02   1.917510000000E+02   1.892899999934E+02   1.906910000000E+02   1.125000000000E+02   1.125000000000E+02  -1.125000000000E+02  -1.125000000000E+02
