# Table 3 Detailed positions, widths and lengths of mirror plates
#
#
#Row01          L (m)     RH (m)     RM (m)       RP (m)       Width (m)
    1        0.101504    0.25661   0.258248     0.258794       0.037096
    2        0.101504    0.25738   0.259022      0.25957       0.037096
    3        0.101504    0.25815   0.259797     0.260347       0.037096
    4        0.101504    0.25892   0.260573     0.261123       0.037096
    5        0.101504    0.25969   0.261347       0.2619       0.037096
    6        0.101504    0.26046   0.262122     0.262677       0.037096
    7        0.101504    0.26123   0.262898     0.263453       0.037096
    8        0.101504      0.262   0.263672      0.26423       0.037096
    9        0.101504    0.26277   0.264447     0.265007       0.037096
   10        0.101504    0.26354   0.265223     0.265783       0.037096
   11        0.101504    0.26431   0.265998      0.26656       0.037096
   12        0.101504    0.26508   0.266772     0.267337       0.037096
   13        0.101504   0.265851   0.267548     0.268113       0.037096
   14        0.101504   0.266621   0.268323      0.26889       0.037096
   15        0.101504   0.267391   0.269097     0.269666       0.037096
   16        0.101504   0.268161   0.269873     0.270443       0.037096
   17        0.101504   0.268931   0.270648      0.27122       0.037096
   18        0.101504   0.269701   0.271422     0.271996       0.037096
   19        0.101504   0.270471   0.272197     0.272773       0.037096
   20        0.101504   0.271241   0.272973      0.27355       0.037096
   21        0.101504   0.272011   0.273747     0.274326       0.037096
   22        0.101504   0.272781   0.274522     0.275103       0.037096
   23        0.101504   0.273551   0.275298      0.27588       0.037096
   24        0.101504   0.274321   0.276072     0.276656       0.037096
   25        0.101504   0.275092   0.276847     0.277433       0.037096
   26        0.101504   0.275862   0.277623     0.278209       0.037096
   27        0.101504   0.276632   0.278398     0.278986       0.037096
   28        0.101504   0.277402   0.279172     0.279763       0.037096
   29        0.101504   0.278172   0.279948     0.280539       0.037096
   30        0.101504   0.278942   0.280723     0.281316       0.037096
   31        0.101504   0.279712   0.281497     0.282093       0.037096
   32        0.101504   0.280482   0.282273     0.282869       0.037096
   33        0.101504   0.281252   0.283048     0.283646       0.037096
   34        0.101504   0.282022   0.283822     0.284423       0.037096
   35        0.101504   0.284333   0.286148     0.286752       0.037096
   36        0.101504   0.285103   0.286923     0.287529       0.037096
   37        0.101504   0.285873   0.287697     0.288306       0.037096
   38        0.101504   0.286643   0.288472     0.289082       0.037096
   39        0.101504   0.287413   0.289248     0.289859       0.037096
   40        0.101504   0.288183   0.290022     0.290636       0.037096
   41        0.101504   0.288953   0.290797     0.291412       0.037096
   42        0.101504   0.289723   0.291573     0.292189       0.037096
   43        0.101504   0.290493   0.292347     0.292966       0.037096
   44        0.101504   0.291263   0.293122     0.293742       0.037096
   45        0.101504   0.292033   0.293898     0.294519       0.037096
     46      0.101504   0.292804   0.294672   0.295295    0.037096
     47      0.101504   0.293574   0.295447   0.296072    0.037096
     48      0.101504   0.294344   0.296223   0.296849    0.037096
     49      0.101504   0.295114   0.296998   0.297625    0.037096
     50      0.101504   0.295884   0.297772   0.298402    0.037096
     51      0.101504   0.296654   0.298548   0.299179    0.037096
     52      0.101504   0.297424   0.299323   0.299955    0.037096
     53      0.101504   0.298194   0.300097   0.300732    0.037096
     54      0.101504   0.298964   0.300872   0.301509    0.037096
     55      0.101504   0.299734   0.301648   0.302285    0.037096
     56      0.101504   0.300504   0.302422   0.303062    0.037096
     57      0.101504   0.301275   0.303197   0.303839    0.037096
     58      0.101504   0.302045   0.303973   0.304615    0.037096
     59      0.101504   0.302815   0.304748   0.305392    0.037096
     60      0.101504   0.303585   0.305522   0.306168    0.037096
     61      0.101504   0.304355   0.306298   0.306945    0.037096
     62      0.101504   0.305125   0.307073   0.307722    0.037096
     63      0.101504   0.305895   0.307847   0.308498    0.037096
     64      0.101504   0.306665   0.308623   0.309275    0.037096
     65      0.101504   0.307435   0.309398   0.310052    0.037096
     66      0.101504   0.308205   0.310172   0.310828    0.037096
     67      0.101504   0.308975   0.310948   0.311605    0.037096
     68      0.101504   0.309746   0.311723   0.312382    0.037096


#Row02          L (m)     RH (m)     RM (m)     RP (m)    Width (m)
    1        0.083388   0.318773   0.320443   0.320999    0.050159
    2        0.083388   0.319544   0.321217   0.321775    0.050159
    3        0.083388   0.320315   0.321993   0.322552    0.050159
    4        0.083388   0.321086   0.322768   0.323328    0.050159
    5        0.083388   0.321857   0.323542   0.324104    0.050159
    6        0.083388   0.322628   0.324317   0.324881    0.050159
    7        0.083388   0.323399   0.325093   0.325657    0.050159
    8        0.083388    0.32417   0.325867   0.326433    0.050159
    9        0.083388   0.324941   0.326642    0.32721    0.050159
   10        0.083388   0.325712   0.327418   0.327986    0.050159
   11        0.083388   0.326483   0.328193   0.328763    0.050159
   12        0.083388   0.327254   0.328967   0.329539    0.050159
   13        0.083388   0.328025   0.329743   0.330315    0.050159
   14        0.083388   0.328795   0.330518   0.331092    0.050159
   15        0.083388   0.329566   0.331292   0.331868    0.050159
   16        0.083388   0.330337   0.332068   0.332644    0.050159
   17        0.083388   0.331108   0.332843   0.333421    0.050159
   18        0.083388   0.331879   0.333617   0.334197    0.050159
   19        0.083388    0.33265   0.334393   0.334973    0.050159
   20        0.083388   0.333421   0.335168    0.33575    0.050159
   21        0.083388   0.334192   0.335942   0.336526    0.050159
   22        0.083388   0.334963   0.336718   0.337302    0.050159
   23        0.083388   0.335734   0.337493   0.338079    0.050159
     24      0.083388   0.336505   0.338267   0.338855    0.050159
     25      0.083388   0.337276   0.339042   0.339631    0.050159
     26      0.083388   0.338047   0.339818   0.340408    0.050159
     27      0.083388   0.338818   0.340593   0.341184    0.050159
     28      0.083388   0.339589   0.341367    0.34196    0.050159
     29      0.083388    0.34036   0.342143   0.342737    0.050159
     30      0.083388   0.341131   0.342918   0.343513    0.050159
     31      0.083388   0.341902   0.343692   0.344289    0.050159
     32      0.083388   0.342673   0.344468   0.345066    0.050159
     33      0.083388   0.343444   0.345243   0.345842    0.050159
     34      0.083388   0.344215   0.346017   0.346618    0.050159
     35      0.083388   0.346528   0.348343   0.348947    0.050159
     36      0.083388   0.347299   0.349118   0.349724    0.050159
     37      0.083388    0.34807   0.349892     0.3505    0.050159
     38      0.083388   0.348841   0.350668   0.351277    0.050159
     39      0.083388   0.349612   0.351443   0.352053    0.050159
     40      0.083388   0.350382   0.352217   0.352829    0.050159
     41      0.083388   0.351153   0.352993   0.353606    0.050159
     42      0.083388   0.351924   0.353768   0.354382    0.050159
     43      0.083388   0.352695   0.354542   0.355158    0.050159
     44      0.083388   0.353466   0.355317   0.355935    0.050159
     45      0.083388   0.354237   0.356093   0.356711    0.050159
     46      0.083388   0.355008   0.356867   0.357487    0.050159
     47      0.083388   0.355779   0.357642   0.358264    0.050159
     48      0.083388    0.35655   0.358418    0.35904    0.050159
     49      0.083388   0.357321   0.359193   0.359816    0.050159
     50      0.083388   0.358092   0.359967   0.360593    0.050159
     51      0.083388   0.358863   0.360743   0.361369    0.050159
     52      0.083388   0.359634   0.361518   0.362145    0.050159
     53      0.083388   0.360405   0.362292   0.362922    0.050159
     54      0.083388   0.361176   0.363068   0.363698    0.050159
     55      0.083388   0.361947   0.363843   0.364474    0.050159
     56      0.083388   0.362718   0.364617   0.365251    0.050159
     57      0.083388   0.363489   0.365393   0.366027    0.050159
     58      0.083388    0.36426   0.366168   0.366803    0.050159
     59      0.083388   0.365031   0.366943    0.36758    0.050159
     60      0.083388   0.365802   0.367717   0.368356    0.050159
     61      0.083388   0.366573   0.368493   0.369132    0.050159
     62      0.083388   0.367344   0.369268   0.369909    0.050159
     63      0.083388   0.368115   0.370042   0.370685    0.050159
     64      0.083388   0.368886   0.370818   0.371462    0.050159
     65      0.083388   0.369657   0.371593   0.372238    0.050159
     66      0.083388   0.370428   0.372367   0.373014    0.050159
     67      0.083388   0.371199   0.373143   0.373791    0.050159
     68      0.083388    0.37197   0.373918   0.374567    0.050159


#Row03          L (m)     RH (m)     RM (m)     RP (m)    Width (m)
    1        0.070762   0.380946   0.382638   0.383201    0.049839
      2      0.070762   0.381718   0.383412   0.383978   0.049839
      3      0.070762   0.382489   0.384188   0.384754   0.049839
      4      0.070762   0.383261   0.384963    0.38553   0.049839
      5      0.070762   0.384032   0.385737   0.386306   0.049839
      6      0.070762   0.384804   0.386513   0.387082   0.049839
      7      0.070762   0.385575   0.387288   0.387858   0.049839
      8      0.070762   0.386347   0.388062   0.388634   0.049839
      9      0.070762   0.387119   0.388838   0.389411   0.049839
     10      0.070762    0.38789   0.389613   0.390187   0.049839
     11      0.070762   0.388662   0.390388   0.390963   0.049839
     12      0.070762   0.389433   0.391162   0.391739   0.049839
     13      0.070762   0.390205   0.391938   0.392515   0.049839
     14      0.070762   0.390976   0.392713   0.393291   0.049839
     15      0.070762   0.391748   0.393487   0.394067   0.049839
     16      0.070762    0.39252   0.394263   0.394844   0.049839
     17      0.070762   0.393291   0.395038    0.39562   0.049839
     18      0.070762   0.394063   0.395812   0.396396   0.049839
     19      0.070762   0.394834   0.396588   0.397172   0.049839
     20      0.070762   0.395606   0.397363   0.397948   0.049839
     21      0.070762   0.396377   0.398137   0.398724   0.049839
     22      0.070762   0.397149   0.398913     0.3995   0.049839
     23      0.070762   0.397921   0.399688   0.400277   0.049839
     24      0.070762   0.398692   0.400462   0.401053   0.049839
     25      0.070762   0.399464   0.401238   0.401829   0.049839
     26      0.070762   0.400235   0.402013   0.402605   0.049839
     27      0.070762   0.401007   0.402788   0.403381   0.049839
     28      0.070762   0.401779   0.403563   0.404157   0.049839
     29      0.070762    0.40255   0.404338   0.404933   0.049839
     30      0.070762   0.403322   0.405113    0.40571   0.049839
     31      0.070762   0.404093   0.405887   0.406486   0.049839
     32      0.070762   0.404865   0.406663   0.407262   0.049839
     33      0.070762   0.405636   0.407438   0.408038   0.049839
     34      0.070762   0.406408   0.408212   0.408814   0.049839
     35      0.070762   0.408723   0.410538   0.411142   0.049839
     36      0.070762   0.409494   0.411313   0.411919   0.049839
     37      0.070762   0.410266   0.412087   0.412695   0.049839
     38      0.070762   0.411037   0.412863   0.413471   0.049839
     39      0.070762   0.411809   0.413638   0.414247   0.049839
     40      0.070762   0.412581   0.414412   0.415023   0.049839
     41      0.070762   0.413352   0.415188   0.415799   0.049839
     42      0.070762   0.414124   0.415963   0.416575   0.049839
     43      0.070762   0.414895   0.416737   0.417352   0.049839
     44      0.070762   0.415667   0.417513   0.418128   0.049839
     45      0.070762   0.416439   0.418288   0.418904   0.049839
     46      0.070762    0.41721   0.419062    0.41968   0.049839
     47      0.070762   0.417982   0.419837   0.420456   0.049839
     48      0.070762   0.418753   0.420613   0.421232   0.049839
     49      0.070762   0.419525   0.421388   0.422008   0.049839
     50      0.070762   0.420296   0.422162   0.422785   0.049839
     51      0.070762   0.421068   0.422938   0.423561    0.049839
     52      0.070762    0.42184   0.423713   0.424337    0.049839
     53      0.070762   0.422611   0.424487   0.425113    0.049839
     54      0.070762   0.423383   0.425263   0.425889    0.049839
     55      0.070762   0.424154   0.426038   0.426665    0.049839
     56      0.070762   0.424926   0.426812   0.427441    0.049839
     57      0.070762   0.425697   0.427588   0.428218    0.049839
     58      0.070762   0.426469   0.428363   0.428994    0.049839
     59      0.070762   0.427241   0.429138    0.42977    0.049839
     60      0.070762   0.428012   0.429913   0.430546    0.049839
     61      0.070762   0.428784   0.430688   0.431322    0.049839
     62      0.070762   0.429555   0.431463   0.432098    0.049839
     63      0.070762   0.430327   0.432238   0.432874    0.049839
     64      0.070762   0.431099   0.433013   0.433651    0.049839
     65      0.070762    0.43187   0.433788   0.434427    0.049839
     66      0.070762   0.432642   0.434562   0.435203    0.049839
     67      0.070762   0.433413   0.435338   0.435979    0.049839
     68      0.070762   0.434185   0.436113   0.436755    0.049839


#Row04          L (m)     RH (m)     RM (m)     RP (m)    Width (m)
    1         0.06146   0.443125   0.444833   0.445402    0.049614
    2         0.06146   0.443897   0.445607   0.446178    0.049614
    3         0.06146   0.444669   0.446383   0.446954    0.049614
    4         0.06146   0.445441   0.447158    0.44773    0.049614
    5         0.06146   0.446213   0.447932   0.448506    0.049614
    6         0.06146   0.446985   0.448708   0.449282    0.049614
    7         0.06146   0.447757   0.449483   0.450058    0.049614
    8         0.06146   0.448529   0.450257   0.450834    0.049614
    9         0.06146   0.449301   0.451033    0.45161    0.049614
   10         0.06146   0.450073   0.451808   0.452386    0.049614
   11         0.06146   0.450845   0.452583   0.453162    0.049614
   12         0.06146   0.451617   0.453358   0.453938    0.049614
   13         0.06146   0.452389   0.454133   0.454714    0.049614
   14         0.06146   0.453161   0.454908    0.45549    0.049614
   15         0.06146   0.453933   0.455683   0.456266    0.049614
   16         0.06146   0.454705   0.456458   0.457042    0.049614
   17         0.06146   0.455477   0.457233   0.457818    0.049614
   18         0.06146   0.456249   0.458007   0.458594    0.049614
   19         0.06146   0.457021   0.458783    0.45937    0.049614
   20         0.06146   0.457793   0.459558   0.460146    0.049614
   21         0.06146   0.458565   0.460332   0.460922    0.049614
   22         0.06146   0.459337   0.461108   0.461698    0.049614
   23         0.06146   0.460109   0.461883   0.462474    0.049614
   24         0.06146   0.460881   0.462657    0.46325    0.049614
   25         0.06146   0.461653   0.463433   0.464026    0.049614
   26         0.06146   0.462426   0.464208   0.464802    0.049614
   27         0.06146   0.463198   0.464983   0.465578    0.049614
   28         0.06146    0.46397   0.465758   0.466354    0.049614
     29       0.06146   0.464742   0.466533    0.46713    0.049614
     30       0.06146   0.465514   0.467308   0.467906    0.049614
     31       0.06146   0.466286   0.468083   0.468682    0.049614
     32       0.06146   0.467058   0.468858   0.469458    0.049614
     33       0.06146    0.46783   0.469633   0.470234    0.049614
     34       0.06146   0.468602   0.470407   0.471009    0.049614
     35       0.06146   0.470918   0.472733   0.473337    0.049614
     36       0.06146    0.47169   0.473508   0.474113    0.049614
     37       0.06146   0.472462   0.474282   0.474889    0.049614
     38       0.06146   0.473234   0.475058   0.475665    0.049614
     39       0.06146   0.474006   0.475833   0.476441    0.049614
     40       0.06146   0.474778   0.476607   0.477217    0.049614
     41       0.06146    0.47555   0.477383   0.477993    0.049614
     42       0.06146   0.476322   0.478158   0.478769    0.049614
     43       0.06146   0.477094   0.478932   0.479545    0.049614
     44       0.06146   0.477866   0.479708   0.480321    0.049614
     45       0.06146   0.478638   0.480483   0.481097    0.049614
     46       0.06146    0.47941   0.481257   0.481873    0.049614
     47       0.06146   0.480182   0.482033   0.482649    0.049614
     48       0.06146   0.480954   0.482808   0.483425    0.049614
     49       0.06146   0.481726   0.483583   0.484201    0.049614
     50       0.06146   0.482498   0.484358   0.484977    0.049614
     51       0.06146    0.48327   0.485133   0.485753    0.049614
     52       0.06146   0.484042   0.485908   0.486529    0.049614
     53       0.06146   0.484814   0.486682   0.487305    0.049614
     54       0.06146   0.485586   0.487458   0.488081    0.049614
     55       0.06146   0.486358   0.488233   0.488857    0.049614
     56       0.06146    0.48713   0.489007   0.489633    0.049614
     57       0.06146   0.487902   0.489783   0.490409    0.049614
     58       0.06146   0.488675   0.490558   0.491185    0.049614
     59       0.06146   0.489447   0.491333   0.491961    0.049614
     60       0.06146   0.490219   0.492108   0.492737    0.049614
     61       0.06146   0.490991   0.492883   0.493513    0.049614
     62       0.06146   0.491763   0.493658   0.494289    0.049614
     63       0.06146   0.492535   0.494433   0.495065    0.049614
     64       0.06146   0.493307   0.495208   0.495841    0.049614
     65       0.06146   0.494079   0.495983   0.496617    0.049614
     66       0.06146   0.494851   0.496758   0.497393    0.049614
     67       0.06146   0.495623   0.497533   0.498169    0.049614
     68       0.06146   0.496395   0.498308   0.498945    0.049614


#Row05          L (m)     RH (m)     RM (m)     RP (m)    Width (m)
    1        0.054321   0.505307   0.507027   0.507601    0.089363
    2        0.054321    0.50608   0.507803   0.508377    0.089363
    3        0.054321   0.506852   0.508577   0.509153    0.089363
    4        0.054321   0.507624   0.509352   0.509929    0.089363
    5        0.054321   0.508397   0.510127   0.510704    0.089363
    6        0.054321   0.509169   0.510902    0.51148    0.089363
      7      0.054321   0.509942   0.511677   0.512256   0.089363
      8      0.054321   0.510714   0.512452   0.513032   0.089363
      9      0.054321   0.511486   0.513227   0.513808   0.089363
     10      0.054321   0.512259   0.514002   0.514584   0.089363
     11      0.054321   0.513031   0.514777    0.51536   0.089363
     12      0.054321   0.513804   0.515552   0.516136   0.089363
     13      0.054321   0.514576   0.516327   0.516911   0.089363
     14      0.054321   0.515348   0.517102   0.517687   0.089363
     15      0.054321   0.516121   0.517877   0.518463   0.089363
     16      0.054321   0.516893   0.518652   0.519239   0.089363
     17      0.054321   0.517665   0.519427   0.520015   0.089363
     18      0.054321   0.518438   0.520202   0.520791   0.089363
     19      0.054321    0.51921   0.520978   0.521567   0.089363
     20      0.054321   0.519983   0.521752   0.522343   0.089363
     21      0.054321   0.520755   0.522527   0.523118   0.089363
     22      0.054321   0.521527   0.523303   0.523894   0.089363
     23      0.054321     0.5223   0.524077    0.52467   0.089363
     24      0.054321   0.523072   0.524852   0.525446   0.089363
     25      0.054321   0.523844   0.525628   0.526222   0.089363
     26      0.054321   0.524617   0.526402   0.526998   0.089363
     27      0.054321   0.525389   0.527177   0.527774   0.089363
     28      0.054321   0.526162   0.527953    0.52855   0.089363
     29      0.054321   0.526934   0.528727   0.529325   0.089363
     30      0.054321   0.527706   0.529502   0.530101   0.089363
     31      0.054321   0.528479   0.530278   0.530877   0.089363
     32      0.054321   0.529251   0.531052   0.531653   0.089363
     33      0.054321   0.530023   0.531827   0.532429   0.089363
     34      0.054321   0.530796   0.532603   0.533205   0.089363
     35      0.054321   0.533113   0.534927   0.535532   0.089363
     36      0.054321   0.533885   0.535702   0.536308   0.089363
     37      0.054321   0.534658   0.536478   0.537084   0.089363
     38      0.054321    0.53543   0.537252    0.53786   0.089363
     39      0.054321   0.536202   0.538027   0.538636   0.089363
     40      0.054321   0.536975   0.538802   0.539412   0.089363
     41      0.054321   0.537747   0.539577   0.540188   0.089363
     42      0.054321    0.53852   0.540352   0.540964   0.089363
     43      0.054321   0.539292   0.541127   0.541739   0.089363
     44      0.054321   0.540064   0.541902   0.542515   0.089363
     45      0.054321   0.540837   0.542677   0.543291   0.089363
     46      0.054321   0.541609   0.543452   0.544067   0.089363
     47      0.054321   0.542381   0.544227   0.544843   0.089363
     48      0.054321   0.543154   0.545002   0.545619   0.089363
     49      0.054321   0.543926   0.545777   0.546395   0.089363
     50      0.054321   0.544699   0.546552   0.547171   0.089363
     51      0.054321   0.545471   0.547328   0.547946   0.089363
     52      0.054321   0.546243   0.548102   0.548722   0.089363
     53      0.054321   0.547016   0.548877   0.549498   0.089363
     54      0.054321   0.547788   0.549652   0.550274   0.089363
     55      0.054321    0.54856   0.550427    0.55105   0.089363
     56      0.054321   0.549333   0.551202   0.551826    0.089363
     57      0.054321   0.550105   0.551978   0.552602    0.089363
     58      0.054321   0.550878   0.552752   0.553378    0.089363
     59      0.054321    0.55165   0.553527   0.554153    0.089363
     60      0.054321   0.552422   0.554303   0.554929    0.089363
     61      0.054321   0.553195   0.555077   0.555705    0.089363
     62      0.054321   0.553967   0.555852   0.556481    0.089363
     63      0.054321   0.554739   0.556628   0.557257    0.089363
     64      0.054321   0.555512   0.557402   0.558033    0.089363
     65      0.054321   0.556284   0.558177   0.558809    0.089363
     66      0.054321   0.557057   0.558953   0.559585    0.089363
     67      0.054321   0.557829   0.559727    0.56036    0.089363
     68      0.054321   0.558601   0.560502   0.561136    0.089363


#Row06          L (m)     RH (m)     RM (m)     RP (m)    Width (m)
    1        0.048671   0.567493   0.569222   0.569799    0.082476
    2        0.048671   0.568265   0.569998   0.570575    0.082476
    3        0.048671   0.569038   0.570772   0.571351    0.082476
    4        0.048671   0.569811   0.571547   0.572127    0.082476
    5        0.048671   0.570583   0.572323   0.572902    0.082476
    6        0.048671   0.571356   0.573097   0.573678    0.082476
    7        0.048671   0.572128   0.573872   0.574454    0.082476
    8        0.048671   0.572901   0.574648    0.57523    0.082476
    9        0.048671   0.573674   0.575422   0.576005    0.082476
   10        0.048671   0.574446   0.576197   0.576781    0.082476
   11        0.048671   0.575219   0.576972   0.577557    0.082476
   12        0.048671   0.575992   0.577747   0.578333    0.082476
   13        0.048671   0.576764   0.578522   0.579109    0.082476
   14        0.048671   0.577537   0.579297   0.579884    0.082476
   15        0.048671    0.57831   0.580072    0.58066    0.082476
   16        0.048671   0.579082   0.580847   0.581436    0.082476
   17        0.048671   0.579855   0.581622   0.582212    0.082476
   18        0.048671   0.580628   0.582397   0.582988    0.082476
   19        0.048671     0.5814   0.583173   0.583763    0.082476
   20        0.048671   0.582173   0.583947   0.584539    0.082476
   21        0.048671   0.582946   0.584722   0.585315    0.082476
   22        0.048671   0.583718   0.585498   0.586091    0.082476
   23        0.048671   0.584491   0.586272   0.586866    0.082476
   24        0.048671   0.585264   0.587047   0.587642    0.082476
   25        0.048671   0.586036   0.587823   0.588418    0.082476
   26        0.048671   0.586809   0.588597   0.589194    0.082476
   27        0.048671   0.587581   0.589372    0.58997    0.082476
   28        0.048671   0.588354   0.590148   0.590745    0.082476
   29        0.048671   0.589127   0.590922   0.591521    0.082476
   30        0.048671   0.589899   0.591697   0.592297    0.082476
   31        0.048671   0.590672   0.592473   0.593073    0.082476
   32        0.048671   0.591445   0.593247   0.593849    0.082476
   33        0.048671   0.592217   0.594022   0.594624    0.082476
     34      0.048671    0.59299   0.594798     0.5954    0.082476
     35      0.048671   0.595308   0.597122   0.597727    0.082476
     36      0.048671   0.596081   0.597897   0.598503    0.082476
     37      0.048671   0.596853   0.598673   0.599279    0.082476
     38      0.048671   0.597626   0.599447   0.600055    0.082476
     39      0.048671   0.598399   0.600222   0.600831    0.082476
     40      0.048671   0.599171   0.600998   0.601606    0.082476
     41      0.048671   0.599944   0.601772   0.602382    0.082476
     42      0.048671   0.600717   0.602547   0.603158    0.082476
     43      0.048671   0.601489   0.603323   0.603934    0.082476
     44      0.048671   0.602262   0.604097   0.604709    0.082476
     45      0.048671   0.603034   0.604872   0.605485    0.082476
     46      0.048671   0.603807   0.605647   0.606261    0.082476
     47      0.048671    0.60458   0.606422   0.607037    0.082476
     48      0.048671   0.605352   0.607197   0.607813    0.082476
     49      0.048671   0.606125   0.607972   0.608588    0.082476
     50      0.048671   0.606898   0.608747   0.609364    0.082476
     51      0.048671    0.60767   0.609522    0.61014    0.082476
     52      0.048671   0.608443   0.610297   0.610916    0.082476
     53      0.048671   0.609216   0.611072   0.611692    0.082476
     54      0.048671   0.609988   0.611848   0.612467    0.082476
     55      0.048671   0.610761   0.612622   0.613243    0.082476
     56      0.048671   0.611534   0.613397   0.614019    0.082476
     57      0.048671   0.612306   0.614173   0.614795    0.082476
     58      0.048671   0.613079   0.614947    0.61557    0.082476
     59      0.048671   0.613852   0.615722   0.616346    0.082476
     60      0.048671   0.614624   0.616498   0.617122    0.082476
     61      0.048671   0.615397   0.617272   0.617898    0.082476
     62      0.048671    0.61617   0.618047   0.618674    0.082476
     63      0.048671   0.616942   0.618823   0.619449    0.082476
     64      0.048671   0.617715   0.619597   0.620225    0.082476
     65      0.048671   0.618487   0.620372   0.621001    0.082476
     66      0.048671    0.61926   0.621148   0.621777    0.082476
     67      0.048671   0.620033   0.621922   0.622553    0.082476
     68      0.048671   0.620805   0.622697   0.623328    0.082476


#Row07          L (m)     RH (m)     RM (m)     RP (m)    Width (m)
    1        0.044087    0.62968   0.631417   0.631997    0.077572
    2        0.044087   0.630453   0.632193   0.632773    0.077572
    3        0.044087   0.631225   0.632967   0.633548    0.077572
    4        0.044087   0.631998   0.633742   0.634324    0.077572
    5        0.044087   0.632771   0.634518     0.6351    0.077572
    6        0.044087   0.633544   0.635292   0.635875    0.077572
    7        0.044087   0.634317   0.636067   0.636651    0.077572
    8        0.044087    0.63509   0.636843   0.637427    0.077572
    9        0.044087   0.635863   0.637617   0.638203    0.077572
   10        0.044087   0.636636   0.638392   0.638978    0.077572
   11        0.044087   0.637408   0.639168   0.639754    0.077572
     12      0.044087   0.638181   0.639942    0.64053   0.077572
     13      0.044087   0.638954   0.640717   0.641305   0.077572
     14      0.044087   0.639727   0.641492   0.642081   0.077572
     15      0.044087     0.6405   0.642267   0.642857   0.077572
     16      0.044087   0.641273   0.643042   0.643632   0.077572
     17      0.044087   0.642046   0.643817   0.644408   0.077572
     18      0.044087   0.642819   0.644592   0.645184   0.077572
     19      0.044087   0.643591   0.645368    0.64596   0.077572
     20      0.044087   0.644364   0.646142   0.646735   0.077572
     21      0.044087   0.645137   0.646917   0.647511   0.077572
     22      0.044087    0.64591   0.647693   0.648287   0.077572
     23      0.044087   0.646683   0.648467   0.649063   0.077572
     24      0.044087   0.647456   0.649242   0.649838   0.077572
     25      0.044087   0.648229   0.650018   0.650614   0.077572
     26      0.044087   0.649002   0.650792    0.65139   0.077572
     27      0.044087   0.649774   0.651567   0.652165   0.077572
     28      0.044087   0.650547   0.652343   0.652941   0.077572
     29      0.044087    0.65132   0.653117   0.653717   0.077572
     30      0.044087   0.652093   0.653892   0.654492   0.077572
     31      0.044087   0.652866   0.654668   0.655268   0.077572
     32      0.044087   0.653639   0.655442   0.656044   0.077572
     33      0.044087   0.654412   0.656217    0.65682   0.077572
     34      0.044087   0.655185   0.656993   0.657595   0.077572
     35      0.044087   0.657503   0.659317   0.659922   0.077572
     36      0.044087   0.658276   0.660092   0.660698   0.077572
     37      0.044087   0.659049   0.660868   0.661474   0.077572
     38      0.044087   0.659822   0.661642    0.66225   0.077572
     39      0.044087   0.660595   0.662417   0.663025   0.077572
     40      0.044087   0.661367   0.663193   0.663801   0.077572
     41      0.044087    0.66214   0.663967   0.664577   0.077572
     42      0.044087   0.662913   0.664742   0.665352   0.077572
     43      0.044087   0.663686   0.665518   0.666128   0.077572
     44      0.044087   0.664459   0.666292   0.666904   0.077572
     45      0.044087   0.665232   0.667067    0.66768   0.077572
     46      0.044087   0.666005   0.667843   0.668455   0.077572
     47      0.044087   0.666778   0.668617   0.669231   0.077572
     48      0.044087    0.66755   0.669392   0.670007   0.077572
     49      0.044087   0.668323   0.670168   0.670782   0.077572
     50      0.044087   0.669096   0.670942   0.671558   0.077572
     51      0.044087   0.669869   0.671718   0.672334   0.077572
     52      0.044087   0.670642   0.672492    0.67311   0.077572
     53      0.044087   0.671415   0.673267   0.673885   0.077572
     54      0.044087   0.672188   0.674042   0.674661   0.077572
     55      0.044087   0.672961   0.674817   0.675437   0.077572
     56      0.044087   0.673733   0.675592   0.676212   0.077572
     57      0.044087   0.674506   0.676368   0.676988   0.077572
     58      0.044087   0.675279   0.677142   0.677764   0.077572
     59      0.044087   0.676052   0.677917   0.678539   0.077572
     60      0.044087   0.676825   0.678693   0.679315   0.077572
     61      0.044087   0.677598   0.679467   0.680091    0.077572
     62      0.044087   0.678371   0.680242   0.680867    0.077572
     63      0.044087   0.679144   0.681018   0.681642    0.077572
     64      0.044087   0.679916   0.681792   0.682418    0.077572
     65      0.044087   0.680689   0.682567   0.683194    0.077572
     66      0.044087   0.681462   0.683343   0.683969    0.077572
     67      0.044087   0.682235   0.684117   0.684745    0.077572
     68      0.044087   0.683008   0.684892   0.685521    0.077572


#Row08          L (m)     RH (m)     RM (m)     RP (m)    Width (m)
    1        0.040294   0.691868   0.693612   0.694194    0.086892
    2        0.040294   0.692641   0.694388    0.69497    0.086892
    3        0.040294   0.693414   0.695162   0.695745    0.086892
    4        0.040294   0.694187   0.695937   0.696521    0.086892
    5        0.040294    0.69496   0.696713   0.697297    0.086892
    6        0.040294   0.695733   0.697487   0.698072    0.086892
    7        0.040294   0.696507   0.698262   0.698848    0.086892
    8        0.040294    0.69728   0.699038   0.699624    0.086892
    9        0.040294   0.698053   0.699812   0.700399    0.086892
   10        0.040294   0.698826   0.700587   0.701175    0.086892
   11        0.040294   0.699599   0.701363   0.701951    0.086892
   12        0.040294   0.700372   0.702137   0.702726    0.086892
   13        0.040294   0.701145   0.702912   0.703502    0.086892
   14        0.040294   0.701918   0.703688   0.704278    0.086892
   15        0.040294   0.702691   0.704462   0.705053    0.086892
   16        0.040294   0.703464   0.705237   0.705829    0.086892
   17        0.040294   0.704237   0.706013   0.706604    0.086892
   18        0.040294    0.70501   0.706787    0.70738    0.086892
   19        0.040294   0.705783   0.707563   0.708156    0.086892
   20        0.040294   0.706556   0.708337   0.708931    0.086892
   21        0.040294   0.707329   0.709112   0.709707    0.086892
   22        0.040294   0.708102   0.709888   0.710483    0.086892
   23        0.040294   0.708875   0.710662   0.711258    0.086892
   24        0.040294   0.709648   0.711437   0.712034    0.086892
   25        0.040294   0.710422   0.712213    0.71281    0.086892
   26        0.040294   0.711195   0.712987   0.713585    0.086892
   27        0.040294   0.711968   0.713762   0.714361    0.086892
   28        0.040294   0.712741   0.714538   0.715137    0.086892
   29        0.040294   0.713514   0.715312   0.715912    0.086892
   30        0.040294   0.714287   0.716087   0.716688    0.086892
   31        0.040294    0.71506   0.716863   0.717464    0.086892
   32        0.040294   0.715833   0.717637   0.718239    0.086892
   33        0.040294   0.716606   0.718412   0.719015    0.086892
   34        0.040294   0.717379   0.719188    0.71979    0.086892
   35        0.040294   0.719698   0.721512   0.722117    0.086892
   36        0.040294   0.720471   0.722287   0.722893    0.086892
   37        0.040294   0.721244   0.723063   0.723669    0.086892
   38        0.040294   0.722017   0.723837   0.724444    0.086892
     39      0.040294    0.72279   0.724612    0.72522    0.086892
     40      0.040294   0.723564   0.725388   0.725996    0.086892
     41      0.040294   0.724337   0.726162   0.726771    0.086892
     42      0.040294    0.72511   0.726937   0.727547    0.086892
     43      0.040294   0.725883   0.727713   0.728323    0.086892
     44      0.040294   0.726656   0.728487   0.729098    0.086892
     45      0.040294   0.727429   0.729262   0.729874    0.086892
     46      0.040294   0.728202   0.730038    0.73065    0.086892
     47      0.040294   0.728975   0.730812   0.731425    0.086892
     48      0.040294   0.729748   0.731587   0.732201    0.086892
     49      0.040294   0.730521   0.732363   0.732977    0.086892
     50      0.040294   0.731294   0.733137   0.733752    0.086892
     51      0.040294   0.732067   0.733912   0.734528    0.086892
     52      0.040294    0.73284   0.734688   0.735303    0.086892
     53      0.040294   0.733613   0.735462   0.736079    0.086892
     54      0.040294   0.734386   0.736238   0.736855    0.086892
     55      0.040294   0.735159   0.737013    0.73763    0.086892
     56      0.040294   0.735932   0.737787   0.738406    0.086892
     57      0.040294   0.736706   0.738563   0.739182    0.086892
     58      0.040294   0.737479   0.739337   0.739957    0.086892
     59      0.040294   0.738252   0.740112   0.740733    0.086892
     60      0.040294   0.739025   0.740888   0.741509    0.086892
     61      0.040294   0.739798   0.741662   0.742284    0.086892
     62      0.040294   0.740571   0.742437    0.74306    0.086892
     63      0.040294   0.741344   0.743213   0.743836    0.086892
     64      0.040294   0.742117   0.743987   0.744611    0.086892
     65      0.040294    0.74289   0.744762   0.745387    0.086892
     66      0.040294   0.743663   0.745538   0.746163    0.086892
     67      0.040294   0.744436   0.746312   0.746938    0.086892
     68      0.040294   0.745209   0.747087   0.747714    0.086892


#Row09          L (m)     RH (m)     RM (m)     RP (m)    Width (m)
    1        0.037104   0.754058   0.755807   0.756391    0.082053
    2        0.037104   0.754831   0.756583   0.757167    0.082053
    3        0.037104   0.755604   0.757357   0.757942    0.082053
    4        0.037104   0.756377   0.758132   0.758718    0.082053
    5        0.037104   0.757151   0.758908   0.759493    0.082053
    6        0.037104   0.757924   0.759682   0.760269    0.082053
    7        0.037104   0.758697   0.760457   0.761044    0.082053
    8        0.037104    0.75947   0.761233    0.76182    0.082053
    9        0.037104   0.760243   0.762007   0.762596    0.082053
   10        0.037104   0.761017   0.762782   0.763371    0.082053
   11        0.037104    0.76179   0.763558   0.764147    0.082053
   12        0.037104   0.762563   0.764332   0.764922    0.082053
   13        0.037104   0.763336   0.765107   0.765698    0.082053
   14        0.037104    0.76411   0.765883   0.766474    0.082053
   15        0.037104   0.764883   0.766657   0.767249    0.082053
   16        0.037104   0.765656   0.767432   0.768025    0.082053
     17      0.037104   0.766429   0.768208     0.7688   0.082053
     18      0.037104   0.767202   0.768982   0.769576   0.082053
     19      0.037104   0.767976   0.769758   0.770352   0.082053
     20      0.037104   0.768749   0.770533   0.771127   0.082053
     21      0.037104   0.769522   0.771307   0.771903   0.082053
     22      0.037104   0.770295   0.772083   0.772678   0.082053
     23      0.037104   0.771068   0.772858   0.773454   0.082053
     24      0.037104   0.771842   0.773632    0.77423   0.082053
     25      0.037104   0.772615   0.774408   0.775005   0.082053
     26      0.037104   0.773388   0.775182   0.775781   0.082053
     27      0.037104   0.774161   0.775957   0.776556   0.082053
     28      0.037104   0.774934   0.776733   0.777332   0.082053
     29      0.037104   0.775708   0.777507   0.778108   0.082053
     30      0.037104   0.776481   0.778282   0.778883   0.082053
     31      0.037104   0.777254   0.779058   0.779659   0.082053
     32      0.037104   0.778027   0.779832   0.780434   0.082053
     33      0.037104   0.778801   0.780607    0.78121   0.082053
     34      0.037104   0.779574   0.781383   0.781986   0.082053
     35      0.037104   0.781893   0.783707   0.784312   0.082053
     36      0.037104   0.782667   0.784482   0.785088   0.082053
     37      0.037104    0.78344   0.785258   0.785864   0.082053
     38      0.037104   0.784213   0.786032   0.786639   0.082053
     39      0.037104   0.784986   0.786807   0.787415   0.082053
     40      0.037104   0.785759   0.787583    0.78819   0.082053
     41      0.037104   0.786533   0.788357   0.788966   0.082053
     42      0.037104   0.787306   0.789132   0.789742   0.082053
     43      0.037104   0.788079   0.789908   0.790517   0.082053
     44      0.037104   0.788852   0.790682   0.791293   0.082053
     45      0.037104   0.789625   0.791457   0.792068   0.082053
     46      0.037104   0.790399   0.792233   0.792844   0.082053
     47      0.037104   0.791172   0.793007    0.79362   0.082053
     48      0.037104   0.791945   0.793782   0.794395   0.082053
     49      0.037104   0.792718   0.794558   0.795171   0.082053
     50      0.037104   0.793492   0.795332   0.795946   0.082053
     51      0.037104   0.794265   0.796108   0.796722   0.082053
     52      0.037104   0.795038   0.796883   0.797498   0.082053
     53      0.037104   0.795811   0.797657   0.798273   0.082053
     54      0.037104   0.796584   0.798432   0.799049   0.082053
     55      0.037104   0.797358   0.799208   0.799824   0.082053
     56      0.037104   0.798131   0.799982     0.8006   0.082053
     57      0.037104   0.798904   0.800758   0.801376   0.082053
     58      0.037104   0.799677   0.801533   0.802151   0.082053
     59      0.037104    0.80045   0.802307   0.802927   0.082053
     60      0.037104   0.801224   0.803083   0.803702   0.082053
     61      0.037104   0.801997   0.803858   0.804478   0.082053
     62      0.037104    0.80277   0.804632   0.805254   0.082053
     63      0.037104   0.803543   0.805408   0.806029   0.082053
     64      0.037104   0.804317   0.806182   0.806805   0.082053
     65      0.037104    0.80509   0.806957    0.80758   0.082053
     66      0.037104   0.805863   0.807733   0.808356    0.082053
     67      0.037104   0.806636   0.808507   0.809132    0.082053
     68      0.037104   0.807409   0.809282   0.809907    0.082053


#Row10          L (m)     RH (m)     RM (m)     RP (m)    Width (m)
    1        0.034383   0.816248   0.818002   0.818587    0.090205
    2        0.034383   0.817021   0.818778   0.819363    0.090205
    3        0.034383   0.817795   0.819552   0.820139    0.090205
    4        0.034383   0.818568   0.820327   0.820914    0.090205
    5        0.034383   0.819342   0.821103    0.82169    0.090205
    6        0.034383   0.820115   0.821877   0.822465    0.090205
    7        0.034383   0.820888   0.822652   0.823241    0.090205
    8        0.034383   0.821662   0.823428   0.824016    0.090205
    9        0.034383   0.822435   0.824202   0.824792    0.090205
   10        0.034383   0.823208   0.824977   0.825567    0.090205
   11        0.034383   0.823982   0.825753   0.826343    0.090205
   12        0.034383   0.824755   0.826527   0.827119    0.090205
   13        0.034383   0.825528   0.827302   0.827894    0.090205
   14        0.034383   0.826302   0.828078    0.82867    0.090205
   15        0.034383   0.827075   0.828852   0.829445    0.090205
   16        0.034383   0.827848   0.829627   0.830221    0.090205
   17        0.034383   0.828622   0.830403   0.830996    0.090205
   18        0.034383   0.829395   0.831177   0.831772    0.090205
   19        0.034383   0.830168   0.831953   0.832547    0.090205
   20        0.034383   0.830942   0.832728   0.833323    0.090205
   21        0.034383   0.831715   0.833502   0.834099    0.090205
   22        0.034383   0.832488   0.834278   0.834874    0.090205
   23        0.034383   0.833262   0.835053    0.83565    0.090205
   24        0.034383   0.834035   0.835827   0.836425    0.090205
   25        0.034383   0.834808   0.836603   0.837201    0.090205
   26        0.034383   0.835582   0.837378   0.837976    0.090205
   27        0.034383   0.836355   0.838152   0.838752    0.090205
   28        0.034383   0.837128   0.838928   0.839527    0.090205
   29        0.034383   0.837902   0.839703   0.840303    0.090205
   30        0.034383   0.838675   0.840477   0.841079    0.090205
   31        0.034383   0.839448   0.841253   0.841854    0.090205
   32        0.034383   0.840222   0.842027    0.84263    0.090205
   33        0.034383   0.840995   0.842802   0.843405    0.090205
   34        0.034383   0.841769   0.843578   0.844181    0.090205
   35        0.034383   0.844089   0.845902   0.846507    0.090205
   36        0.034383   0.844862   0.846677   0.847283    0.090205
   37        0.034383   0.845635   0.847453   0.848059    0.090205
   38        0.034383   0.846409   0.848227   0.848834    0.090205
   39        0.034383   0.847182   0.849002    0.84961    0.090205
   40        0.034383   0.847955   0.849778   0.850385    0.090205
   41        0.034383   0.848729   0.850552   0.851161    0.090205
   42        0.034383   0.849502   0.851327   0.851936    0.090205
   43        0.034383   0.850275   0.852103   0.852712    0.090205
     44      0.034383   0.851049   0.852877   0.853487    0.090205
     45      0.034383   0.851822   0.853652   0.854263    0.090205
     46      0.034383   0.852595   0.854428   0.855038    0.090205
     47      0.034383   0.853369   0.855202   0.855814    0.090205
     48      0.034383   0.854142   0.855977    0.85659    0.090205
     49      0.034383   0.854915   0.856753   0.857365    0.090205
     50      0.034383   0.855689   0.857527   0.858141    0.090205
     51      0.034383   0.856462   0.858302   0.858916    0.090205
     52      0.034383   0.857235   0.859078   0.859692    0.090205
     53      0.034383   0.858009   0.859852   0.860467    0.090205
     54      0.034383   0.858782   0.860628   0.861243    0.090205
     55      0.034383   0.859555   0.861403   0.862018    0.090205
     56      0.034383   0.860329   0.862177   0.862794    0.090205
     57      0.034383   0.861102   0.862953    0.86357    0.090205
     58      0.034383   0.861875   0.863728   0.864345    0.090205
     59      0.034383   0.862649   0.864502   0.865121    0.090205
     60      0.034383   0.863422   0.865278   0.865896    0.090205
     61      0.034383   0.864196   0.866053   0.866672    0.090205
     62      0.034383   0.864969   0.866827   0.867447    0.090205
     63      0.034383   0.865742   0.867603   0.868223    0.090205
     64      0.034383   0.866516   0.868378   0.868998    0.090205
     65      0.034383   0.867289   0.869152   0.869774    0.090205
     66      0.034383   0.868062   0.869928    0.87055    0.090205
     67      0.034383   0.868836   0.870703   0.871325    0.090205
     68      0.034383   0.869609   0.871477   0.872101    0.090205


#Row11          L (m)     RH (m)     RM (m)     RP (m)    Width (m)
    1        0.032036   0.878439   0.880197   0.880784    0.085538
    2        0.032036   0.879213   0.880973   0.881559    0.085538
    3        0.032036   0.879986   0.881747   0.882335    0.085538
    4        0.032036    0.88076   0.882522    0.88311    0.085538
    5        0.032036   0.881533   0.883298   0.883886    0.085538
    6        0.032036   0.882306   0.884072   0.884661    0.085538
    7        0.032036    0.88308   0.884847   0.885437    0.085538
    8        0.032036   0.883853   0.885623   0.886212    0.085538
    9        0.032036   0.884627   0.886397   0.886988    0.085538
   10        0.032036     0.8854   0.887172   0.887763    0.085538
   11        0.032036   0.886174   0.887948   0.888539    0.085538
   12        0.032036   0.886947   0.888722   0.889315    0.085538
   13        0.032036   0.887721   0.889497    0.89009    0.085538
   14        0.032036   0.888494   0.890273   0.890866    0.085538
   15        0.032036   0.889268   0.891047   0.891641    0.085538
   16        0.032036   0.890041   0.891822   0.892417    0.085538
   17        0.032036   0.890815   0.892598   0.893192    0.085538
   18        0.032036   0.891588   0.893372   0.893968    0.085538
   19        0.032036   0.892361   0.894148   0.894743    0.085538
   20        0.032036   0.893135   0.894923   0.895519    0.085538
   21        0.032036   0.893908   0.895697   0.896294    0.085538
     22      0.032036   0.894682   0.896473    0.89707   0.085538
     23      0.032036   0.895455   0.897248   0.897845   0.085538
     24      0.032036   0.896229   0.898022   0.898621   0.085538
     25      0.032036   0.897002   0.898798   0.899396   0.085538
     26      0.032036   0.897776   0.899573   0.900172   0.085538
     27      0.032036   0.898549   0.900347   0.900947   0.085538
     28      0.032036   0.899323   0.901123   0.901723   0.085538
     29      0.032036   0.900096   0.901898   0.902498   0.085538
     30      0.032036   0.900869   0.902672   0.903274   0.085538
     31      0.032036   0.901643   0.903448   0.904049   0.085538
     32      0.032036   0.902416   0.904223   0.904825   0.085538
     33      0.032036    0.90319   0.904997     0.9056   0.085538
     34      0.032036   0.903963   0.905773   0.906376   0.085538
     35      0.032036   0.906284   0.908098   0.908702   0.085538
     36      0.032036   0.907057   0.908872   0.909478   0.085538
     37      0.032036   0.907831   0.909648   0.910253   0.085538
     38      0.032036   0.908604   0.910422   0.911029   0.085538
     39      0.032036   0.909378   0.911197   0.911804   0.085538
     40      0.032036   0.910151   0.911973    0.91258   0.085538
     41      0.032036   0.910924   0.912747   0.913355   0.085538
     42      0.032036   0.911698   0.913522   0.914131   0.085538
     43      0.032036   0.912471   0.914298   0.914907   0.085538
     44      0.032036   0.913245   0.915072   0.915682   0.085538
     45      0.032036   0.914018   0.915847   0.916458   0.085538
     46      0.032036   0.914792   0.916623   0.917233   0.085538
     47      0.032036   0.915565   0.917397   0.918009   0.085538
     48      0.032036   0.916339   0.918172   0.918784   0.085538
     49      0.032036   0.917112   0.918948    0.91956   0.085538
     50      0.032036   0.917886   0.919722   0.920335   0.085538
     51      0.032036   0.918659   0.920498   0.921111   0.085538
     52      0.032036   0.919433   0.921273   0.921886   0.085538
     53      0.032036   0.920206   0.922047   0.922662   0.085538
     54      0.032036   0.920979   0.922822   0.923437   0.085538
     55      0.032036   0.921753   0.923598   0.924213   0.085538
     56      0.032036   0.922526   0.924372   0.924988   0.085538
     57      0.032036     0.9233   0.925148   0.925764   0.085538
     58      0.032036   0.924073   0.925923   0.926539   0.085538
     59      0.032036   0.924847   0.926697   0.927315   0.085538
     60      0.032036    0.92562   0.927473    0.92809   0.085538
     61      0.032036   0.926394   0.928248   0.928866   0.085538
     62      0.032036   0.927167   0.929022   0.929641   0.085538
     63      0.032036   0.927941   0.929798   0.930417   0.085538
     64      0.032036   0.928714   0.930573   0.931192   0.085538
     65      0.032036   0.929487   0.931347   0.931968   0.085538
     66      0.032036   0.930261   0.932123   0.932743   0.085538
     67      0.032036   0.931034   0.932898   0.933519   0.085538
     68      0.032036   0.931808   0.933672   0.934294   0.085538



#Row12         L (m)     RH (m)     RM (m)     RP (m)    Width (m)
    1        0.02999   0.940631   0.942392    0.94298    0.092783
    2        0.02999   0.941404   0.943168   0.943756    0.092783
    3        0.02999   0.942178   0.943943   0.944531    0.092783
    4        0.02999   0.942951   0.944717   0.945306    0.092783
    5        0.02999   0.943725   0.945493   0.946082    0.092783
    6        0.02999   0.944499   0.946267   0.946857    0.092783
    7        0.02999   0.945272   0.947042   0.947633    0.092783
    8        0.02999   0.946046   0.947818   0.948408    0.092783
    9        0.02999   0.946819   0.948592   0.949184    0.092783
   10        0.02999   0.947593   0.949367   0.949959    0.092783
   11        0.02999   0.948366   0.950143   0.950735    0.092783
   12        0.02999    0.94914   0.950917    0.95151    0.092783
   13        0.02999   0.949913   0.951692   0.952286    0.092783
   14        0.02999   0.950687   0.952468   0.953061    0.092783
   15        0.02999   0.951461   0.953242   0.953837    0.092783
   16        0.02999   0.952234   0.954017   0.954612    0.092783
   17        0.02999   0.953008   0.954793   0.955388    0.092783
   18        0.02999   0.953781   0.955567   0.956163    0.092783
   19        0.02999   0.954555   0.956343   0.956939    0.092783
   20        0.02999   0.955328   0.957118   0.957714    0.092783
   21        0.02999   0.956102   0.957892    0.95849    0.092783
   22        0.02999   0.956875   0.958668   0.959265    0.092783
   23        0.02999   0.957649   0.959443   0.960041    0.092783
   24        0.02999   0.958423   0.960217   0.960816    0.092783
   25        0.02999   0.959196   0.960993   0.961592    0.092783
   26        0.02999    0.95997   0.961768   0.962367    0.092783
   27        0.02999   0.960743   0.962542   0.963143    0.092783
   28        0.02999   0.961517   0.963318   0.963918    0.092783
   29        0.02999    0.96229   0.964093   0.964694    0.092783
   30        0.02999   0.963064   0.964867   0.965469    0.092783
   31        0.02999   0.963838   0.965643   0.966245    0.092783
   32        0.02999   0.964611   0.966418    0.96702    0.092783
   33        0.02999   0.965385   0.967192   0.967795    0.092783
   34        0.02999   0.966158   0.967968   0.968571    0.092783
   35        0.02999   0.968479   0.970293   0.970897    0.092783
   36        0.02999   0.969252   0.971067   0.971673    0.092783
   37        0.02999   0.970026   0.971843   0.972448    0.092783
   38        0.02999     0.9708   0.972618   0.973224    0.092783
   39        0.02999   0.971573   0.973392   0.973999    0.092783
   40        0.02999   0.972347   0.974168   0.974775    0.092783
   41        0.02999    0.97312   0.974943    0.97555    0.092783
   42        0.02999   0.973894   0.975717   0.976326    0.092783
   43        0.02999   0.974667   0.976493   0.977101    0.092783
   44        0.02999   0.975441   0.977267   0.977877    0.092783
   45        0.02999   0.976214   0.978042   0.978652    0.092783
   46        0.02999   0.976988   0.978818   0.979428    0.092783
   47        0.02999   0.977762   0.979592   0.980203    0.092783
   48        0.02999   0.978535   0.980367   0.980979    0.092783
     49       0.02999   0.979309   0.981143   0.981754    0.092783
     50       0.02999   0.980082   0.981917    0.98253    0.092783
     51       0.02999   0.980856   0.982692   0.983305    0.092783
     52       0.02999   0.981629   0.983468   0.984081    0.092783
     53       0.02999   0.982403   0.984242   0.984856    0.092783
     54       0.02999   0.983177   0.985018   0.985632    0.092783
     55       0.02999    0.98395   0.985793   0.986407    0.092783
     56       0.02999   0.984724   0.986567   0.987182    0.092783
     57       0.02999   0.985497   0.987343   0.987958    0.092783
     58       0.02999   0.986271   0.988118   0.988733    0.092783
     59       0.02999   0.987044   0.988892   0.989509    0.092783
     60       0.02999   0.987818   0.989668   0.990284    0.092783
     61       0.02999   0.988591   0.990443    0.99106    0.092783
     62       0.02999   0.989365   0.991217   0.991835    0.092783
     63       0.02999   0.990139   0.991993   0.992611    0.092783
     64       0.02999   0.990912   0.992768   0.993386    0.092783
     65       0.02999   0.991686   0.993542   0.994162    0.092783
     66       0.02999   0.992459   0.994318   0.994937    0.092783
     67       0.02999   0.993233   0.995093   0.995713    0.092783
     68       0.02999   0.994006   0.995867   0.996488    0.092783


#Row13          L (m)     RH (m)     RM (m)     RP (m)    Width (m)
    1        0.028191   1.002823   1.004587   1.005176    0.088327
    2        0.028191   1.003596   1.005362   1.005952    0.088327
    3        0.028191    1.00437   1.006138   1.006727    0.088327
    4        0.028191   1.005144   1.006913   1.007502    0.088327
    5        0.028191   1.005917   1.007688   1.008278    0.088327
    6        0.028191   1.006691   1.008463   1.009053    0.088327
    7        0.028191   1.007465   1.009237   1.009829    0.088327
    8        0.028191   1.008238   1.010012   1.010604    0.088327
    9        0.028191   1.009012   1.010788    1.01138    0.088327
   10        0.028191   1.009786   1.011563   1.012155    0.088327
   11        0.028191   1.010559   1.012338   1.012931    0.088327
   12        0.028191   1.011333   1.013112   1.013706    0.088327
   13        0.028191   1.012106   1.013887   1.014481    0.088327
   14        0.028191    1.01288   1.014662   1.015257    0.088327
   15        0.028191   1.013654   1.015438   1.016032    0.088327
   16        0.028191   1.014427   1.016213   1.016808    0.088327
   17        0.028191   1.015201   1.016988   1.017583    0.088327
   18        0.028191   1.015975   1.017762   1.018359    0.088327
   19        0.028191   1.016748   1.018537   1.019134    0.088327
   20        0.028191   1.017522   1.019312    1.01991    0.088327
   21        0.028191   1.018296   1.020088   1.020685    0.088327
   22        0.028191   1.019069   1.020863   1.021461    0.088327
   23        0.028191   1.019843   1.021638   1.022236    0.088327
   24        0.028191   1.020617   1.022412   1.023011    0.088327
   25        0.028191    1.02139   1.023187   1.023787    0.088327
   26        0.028191   1.022164   1.023962   1.024562    0.088327
     27      0.028191   1.022938   1.024738   1.025338    0.088327
     28      0.028191   1.023711   1.025513   1.026113    0.088327
     29      0.028191   1.024485   1.026288   1.026889    0.088327
     30      0.028191   1.025258   1.027062   1.027664    0.088327
     31      0.028191   1.026032   1.027837    1.02844    0.088327
     32      0.028191   1.026806   1.028612   1.029215    0.088327
     33      0.028191   1.027579   1.029388   1.029991    0.088327
     34      0.028191   1.028353   1.030163   1.030766    0.088327
     35      0.028191   1.030674   1.032488   1.033092    0.088327
     36      0.028191   1.031448   1.033262   1.033868    0.088327
     37      0.028191   1.032221   1.034037   1.034643    0.088327
     38      0.028191   1.032995   1.034813   1.035419    0.088327
     39      0.028191   1.033769   1.035588   1.036194    0.088327
     40      0.028191   1.034542   1.036363    1.03697    0.088327
     41      0.028191   1.035316   1.037138   1.037745    0.088327
     42      0.028191    1.03609   1.037912   1.038521    0.088327
     43      0.028191   1.036863   1.038687   1.039296    0.088327
     44      0.028191   1.037637   1.039463   1.040071    0.088327
     45      0.028191   1.038411   1.040238   1.040847    0.088327
     46      0.028191   1.039184   1.041013   1.041622    0.088327
     47      0.028191   1.039958   1.041788   1.042398    0.088327
     48      0.028191   1.040731   1.042562   1.043173    0.088327
     49      0.028191   1.041505   1.043337   1.043949    0.088327
     50      0.028191   1.042279   1.044113   1.044724    0.088327
     51      0.028191   1.043052   1.044888     1.0455    0.088327
     52      0.028191   1.043826   1.045663   1.046275    0.088327
     53      0.028191     1.0446   1.046437    1.04705    0.088327
     54      0.028191   1.045373   1.047212   1.047826    0.088327
     55      0.028191   1.046147   1.047987   1.048601    0.088327
     56      0.028191   1.046921   1.048763   1.049377    0.088327
     57      0.028191   1.047694   1.049538   1.050152    0.088327
     58      0.028191   1.048468   1.050313   1.050928    0.088327
     59      0.028191   1.049242   1.051087   1.051703    0.088327
     60      0.028191   1.050015   1.051862   1.052479    0.088327
     61      0.028191   1.050789   1.052637   1.053254    0.088327
     62      0.028191   1.051563   1.053413    1.05403    0.088327
     63      0.028191   1.052336   1.054188   1.054805    0.088327
     64      0.028191    1.05311   1.054963    1.05558    0.088327
     65      0.028191   1.053883   1.055737   1.056356    0.088327
     66      0.028191   1.054657   1.056512   1.057131    0.088327
     67      0.028191   1.055431   1.057287   1.057907    0.088327
     68      0.028191   1.056204   1.058063   1.058682    0.088327


#Row14          L (m)     RH (m)     RM (m)     RP (m)    Width (m)
    1        0.026597   1.065015   1.066782   1.067372    0.094845
    2        0.026597   1.065789   1.067557   1.068147    0.094845
    3        0.026597   1.066563   1.068333   1.068923    0.094845
    4        0.026597   1.067336   1.069107   1.069698    0.094845
      5      0.026597    1.06811   1.069882   1.070474   0.094845
      6      0.026597   1.068884   1.070657   1.071249   0.094845
      7      0.026597   1.069657   1.071432   1.072024   0.094845
      8      0.026597   1.070431   1.072207     1.0728   0.094845
      9      0.026597   1.071205   1.072983   1.073575   0.094845
     10      0.026597   1.071979   1.073757   1.074351   0.094845
     11      0.026597   1.072752   1.074532   1.075126   0.094845
     12      0.026597   1.073526   1.075307   1.075902   0.094845
     13      0.026597     1.0743   1.076082   1.076677   0.094845
     14      0.026597   1.075073   1.076857   1.077452   0.094845
     15      0.026597   1.075847   1.077633   1.078228   0.094845
     16      0.026597   1.076621   1.078407   1.079003   0.094845
     17      0.026597   1.077395   1.079182   1.079779   0.094845
     18      0.026597   1.078168   1.079957   1.080554   0.094845
     19      0.026597   1.078942   1.080732    1.08133   0.094845
     20      0.026597   1.079716   1.081507   1.082105   0.094845
     21      0.026597    1.08049   1.082282   1.082881   0.094845
     22      0.026597   1.081263   1.083057   1.083656   0.094845
     23      0.026597   1.082037   1.083832   1.084431   0.094845
     24      0.026597   1.082811   1.084607   1.085207   0.094845
     25      0.026597   1.083584   1.085382   1.085982   0.094845
     26      0.026597   1.084358   1.086157   1.086758   0.094845
     27      0.026597   1.085132   1.086932   1.087533   0.094845
     28      0.026597   1.085906   1.087707   1.088308   0.094845
     29      0.026597   1.086679   1.088482   1.089084   0.094845
     30      0.026597   1.087453   1.089257   1.089859   0.094845
     31      0.026597   1.088227   1.090032   1.090635   0.094845
     32      0.026597      1.089   1.090807    1.09141   0.094845
     33      0.026597   1.089774   1.091582   1.092186   0.094845
     34      0.026597   1.090548   1.092357   1.092961   0.094845
     35      0.026597   1.092869   1.094682   1.095287   0.094845
     36      0.026597   1.093643   1.095457   1.096063   0.094845
     37      0.026597   1.094417   1.096232   1.096838   0.094845
     38      0.026597    1.09519   1.097008   1.097614   0.094845
     39      0.026597   1.095964   1.097782   1.098389   0.094845
     40      0.026597   1.096738   1.098557   1.099164   0.094845
     41      0.026597   1.097512   1.099332    1.09994   0.094845
     42      0.026597   1.098285   1.100107   1.100715   0.094845
     43      0.026597   1.099059   1.100882   1.101491   0.094845
     44      0.026597   1.099833   1.101658   1.102266   0.094845
     45      0.026597   1.100606   1.102432   1.103042   0.094845
     46      0.026597    1.10138   1.103207   1.103817   0.094845
     47      0.026597   1.102154   1.103982   1.104592   0.094845
     48      0.026597   1.102928   1.104757   1.105368   0.094845
     49      0.026597   1.103701   1.105532   1.106143   0.094845
     50      0.026597   1.104475   1.106308   1.106919   0.094845
     51      0.026597   1.105249   1.107082   1.107694   0.094845
     52      0.026597   1.106023   1.107857    1.10847   0.094845
     53      0.026597   1.106796   1.108632   1.109245   0.094845
     54      0.026597    1.10757   1.109407    1.11002    0.094845
     55      0.026597   1.108344   1.110182   1.110796    0.094845
     56      0.026597   1.109117   1.110957   1.111571    0.094845
     57      0.026597   1.109891   1.111732   1.112347    0.094845
     58      0.026597   1.110665   1.112507   1.113122    0.094845
     59      0.026597   1.111439   1.113282   1.113897    0.094845
     60      0.026597   1.112212   1.114057   1.114673    0.094845
     61      0.026597   1.112986   1.114832   1.115448    0.094845
     62      0.026597    1.11376   1.115607   1.116224    0.094845
     63      0.026597   1.114534   1.116382   1.116999    0.094845
     64      0.026597   1.115307   1.117157   1.117775    0.094845
     65      0.026597   1.116081   1.117932    1.11855    0.094845
     66      0.026597   1.116855   1.118707   1.119325    0.094845
     67      0.026597   1.117628   1.119482   1.120101    0.094845
     68      0.026597   1.118402   1.120257   1.120876    0.094845


#Row15          L (m)     RH (m)     RM (m)     RP (m)    Width (m)
    1        0.025175   1.127208   1.128977   1.129568    0.090609
    2        0.025175   1.127981   1.129752   1.130343    0.090609
    3        0.025175   1.128755   1.130527   1.131119    0.090609
    4        0.025175   1.129529   1.131302   1.131894    0.090609
    5        0.025175   1.130303   1.132077   1.132669    0.090609
    6        0.025175   1.131077   1.132852   1.133445    0.090609
    7        0.025175    1.13185   1.133627    1.13422    0.090609
    8        0.025175   1.132624   1.134402   1.134995    0.090609
    9        0.025175   1.133398   1.135177   1.135771    0.090609
   10        0.025175   1.134172   1.135952   1.136546    0.090609
   11        0.025175   1.134946   1.136727   1.137322    0.090609
   12        0.025175   1.135719   1.137502   1.138097    0.090609
   13        0.025175   1.136493   1.138277   1.138873    0.090609
   14        0.025175   1.137267   1.139052   1.139648    0.090609
   15        0.025175   1.138041   1.139827   1.140423    0.090609
   16        0.025175   1.138815   1.140602   1.141199    0.090609
   17        0.025175   1.139588   1.141377   1.141974    0.090609
   18        0.025175   1.140362   1.142152    1.14275    0.090609
   19        0.025175   1.141136   1.142927   1.143525    0.090609
   20        0.025175    1.14191   1.143702     1.1443    0.090609
   21        0.025175   1.142684   1.144477   1.145076    0.090609
   22        0.025175   1.143457   1.145252   1.145851    0.090609
   23        0.025175   1.144231   1.146027   1.146627    0.090609
   24        0.025175   1.145005   1.146802   1.147402    0.090609
   25        0.025175   1.145779   1.147577   1.148177    0.090609
   26        0.025175   1.146553   1.148352   1.148953    0.090609
   27        0.025175   1.147326   1.149127   1.149728    0.090609
   28        0.025175     1.1481   1.149902   1.150504    0.090609
   29        0.025175   1.148874   1.150677   1.151279    0.090609
   30        0.025175   1.149648   1.151452   1.152054    0.090609
   31        0.025175   1.150422   1.152227    1.15283    0.090609
     32      0.025175   1.151195   1.153002   1.153605    0.090609
     33      0.025175   1.151969   1.153777   1.154381    0.090609
     34      0.025175   1.152743   1.154552   1.155156    0.090609
     35      0.025175   1.155064   1.156877   1.157482    0.090609
     36      0.025175   1.155838   1.157652   1.158258    0.090609
     37      0.025175   1.156612   1.158427   1.159033    0.090609
     38      0.025175   1.157386   1.159202   1.159808    0.090609
     39      0.025175    1.15816   1.159977   1.160584    0.090609
     40      0.025175   1.158933   1.160752   1.161359    0.090609
     41      0.025175   1.159707   1.161527   1.162135    0.090609
     42      0.025175   1.160481   1.162302    1.16291    0.090609
     43      0.025175   1.161255   1.163077   1.163685    0.090609
     44      0.025175   1.162029   1.163852   1.164461    0.090609
     45      0.025175   1.162802   1.164627   1.165236    0.090609
     46      0.025175   1.163576   1.165402   1.166012    0.090609
     47      0.025175    1.16435   1.166177   1.166787    0.090609
     48      0.025175   1.165124   1.166952   1.167562    0.090609
     49      0.025175   1.165897   1.167727   1.168338    0.090609
     50      0.025175   1.166671   1.168502   1.169113    0.090609
     51      0.025175   1.167445   1.169277   1.169889    0.090609
     52      0.025175   1.168219   1.170052   1.170664    0.090609
     53      0.025175   1.168993   1.170827   1.171439    0.090609
     54      0.025175   1.169766   1.171602   1.172215    0.090609
     55      0.025175    1.17054   1.172377    1.17299    0.090609
     56      0.025175   1.171314   1.173152   1.173766    0.090609
     57      0.025175   1.172088   1.173927   1.174541    0.090609
     58      0.025175   1.172862   1.174702   1.175316    0.090609
     59      0.025175   1.173635   1.175477   1.176092    0.090609
     60      0.025175   1.174409   1.176252   1.176867    0.090609
     61      0.025175   1.175183   1.177027   1.177643    0.090609
     62      0.025175   1.175957   1.177802   1.178418    0.090609
     63      0.025175   1.176731   1.178577   1.179194    0.090609
     64      0.025175   1.177504   1.179352   1.179969    0.090609
     65      0.025175   1.178278   1.180127   1.180744    0.090609
     66      0.025175   1.179052   1.180902    1.18152    0.090609
     67      0.025175   1.179826   1.181677   1.182295    0.090609
     68      0.025175     1.1806   1.182452   1.183071    0.090609


#Row16          L (m)     RH (m)     RM (m)     RP (m)    Width (m)
    1        0.023898   1.189401   1.191172   1.191763     0.08708
    2        0.023898   1.190174   1.191947   1.192539     0.08708
    3        0.023898   1.190948   1.192722   1.193314     0.08708
    4        0.023898   1.191722   1.193497    1.19409     0.08708
    5        0.023898   1.192496   1.194272   1.194865     0.08708
    6        0.023898    1.19327   1.195047    1.19564     0.08708
    7        0.023898   1.194044   1.195822   1.196416     0.08708
    8        0.023898   1.194818   1.196597   1.197191     0.08708
    9        0.023898   1.195592   1.197372   1.197967     0.08708
     10      0.023898   1.196365   1.198147   1.198742   0.08708
     11      0.023898   1.197139   1.198922   1.199517   0.08708
     12      0.023898   1.197913   1.199697   1.200293   0.08708
     13      0.023898   1.198687   1.200472   1.201068   0.08708
     14      0.023898   1.199461   1.201247   1.201843   0.08708
     15      0.023898   1.200235   1.202022   1.202619   0.08708
     16      0.023898   1.201008   1.202797   1.203394   0.08708
     17      0.023898   1.201782   1.203572    1.20417   0.08708
     18      0.023898   1.202556   1.204347   1.204945   0.08708
     19      0.023898    1.20333   1.205122    1.20572   0.08708
     20      0.023898   1.204104   1.205897   1.206496   0.08708
     21      0.023898   1.204878   1.206672   1.207271   0.08708
     22      0.023898   1.205652   1.207447   1.208046   0.08708
     23      0.023898   1.206425   1.208222   1.208822   0.08708
     24      0.023898   1.207199   1.208997   1.209597   0.08708
     25      0.023898   1.207973   1.209772   1.210373   0.08708
     26      0.023898   1.208747   1.210547   1.211148   0.08708
     27      0.023898   1.209521   1.211322   1.211923   0.08708
     28      0.023898   1.210295   1.212097   1.212699   0.08708
     29      0.023898   1.211069   1.212872   1.213474   0.08708
     30      0.023898   1.211842   1.213647   1.214249   0.08708
     31      0.023898   1.212616   1.214422   1.215025   0.08708
     32      0.023898    1.21339   1.215197     1.2158   0.08708
     33      0.023898   1.214164   1.215972   1.216576   0.08708
     34      0.023898   1.214938   1.216747   1.217351   0.08708
     35      0.023898   1.217259   1.219072   1.219677   0.08708
     36      0.023898   1.218033   1.219847   1.220453   0.08708
     37      0.023898   1.218807   1.220622   1.221228   0.08708
     38      0.023898   1.219581   1.221397   1.222003   0.08708
     39      0.023898   1.220355   1.222172   1.222779   0.08708
     40      0.023898   1.221129   1.222947   1.223554   0.08708
     41      0.023898   1.221903   1.223722   1.224329   0.08708
     42      0.023898   1.222676   1.224497   1.225105   0.08708
     43      0.023898    1.22345   1.225272    1.22588   0.08708
     44      0.023898   1.224224   1.226047   1.226656   0.08708
     45      0.023898   1.224998   1.226822   1.227431   0.08708
     46      0.023898   1.225772   1.227597   1.228206   0.08708
     47      0.023898   1.226546   1.228372   1.228982   0.08708
     48      0.023898    1.22732   1.229147   1.229757   0.08708
     49      0.023898   1.228093   1.229922   1.230532   0.08708
     50      0.023898   1.228867   1.230697   1.231308   0.08708
     51      0.023898   1.229641   1.231472   1.232083   0.08708
     52      0.023898   1.230415   1.232247   1.232859   0.08708
     53      0.023898   1.231189   1.233022   1.233634   0.08708
     54      0.023898   1.231963   1.233797   1.234409   0.08708
     55      0.023898   1.232737   1.234572   1.235185   0.08708
     56      0.023898   1.233511   1.235347    1.23596   0.08708
     57      0.023898   1.234284   1.236122   1.236736   0.08708
     58      0.023898   1.235058   1.236897   1.237511   0.08708
     59      0.023898   1.235832   1.237672   1.238286     0.08708
     60      0.023898   1.236606   1.238447   1.239062     0.08708
     61      0.023898    1.23738   1.239222   1.239837     0.08708
     62      0.023898   1.238154   1.239997   1.240612     0.08708
     63      0.023898   1.238928   1.240772   1.241388     0.08708
     64      0.023898   1.239701   1.241547   1.242163     0.08708
     65      0.023898   1.240475   1.242322   1.242939     0.08708
     66      0.023898   1.241249   1.243097   1.243714     0.08708
     67      0.023898   1.242023   1.243872   1.244489     0.08708
     68      0.023898   1.242797   1.244647   1.245265     0.08708


#Row17          L (m)     RH (m)     RM (m)     RP (m)    Width (m)
    1        0.022746   1.251594   1.253367   1.253959     0.09251
    2        0.022746   1.252368   1.254142   1.254734     0.09251
    3        0.022746   1.253142   1.254917    1.25551     0.09251
    4        0.022746   1.253916   1.255692   1.256285     0.09251
    5        0.022746   1.254689   1.256467    1.25706     0.09251
    6        0.022746   1.255463   1.257242   1.257836     0.09251
    7        0.022746   1.256237   1.258017   1.258611     0.09251
    8        0.022746   1.257011   1.258792   1.259386     0.09251
    9        0.022746   1.257785   1.259567   1.260162     0.09251
   10        0.022746   1.258559   1.260342   1.260937     0.09251
   11        0.022746   1.259333   1.261117   1.261713     0.09251
   12        0.022746   1.260107   1.261892   1.262488     0.09251
   13        0.022746   1.260881   1.262667   1.263263     0.09251
   14        0.022746   1.261655   1.263442   1.264039     0.09251
   15        0.022746   1.262429   1.264217   1.264814     0.09251
   16        0.022746   1.263202   1.264992   1.265589     0.09251
   17        0.022746   1.263976   1.265767   1.266365     0.09251
   18        0.022746    1.26475   1.266542    1.26714     0.09251
   19        0.022746   1.265524   1.267317   1.267916     0.09251
   20        0.022746   1.266298   1.268092   1.268691     0.09251
   21        0.022746   1.267072   1.268867   1.269466     0.09251
   22        0.022746   1.267846   1.269642   1.270242     0.09251
   23        0.022746    1.26862   1.270417   1.271017     0.09251
   24        0.022746   1.269394   1.271192   1.271792     0.09251
   25        0.022746   1.270168   1.271967   1.272568     0.09251
   26        0.022746   1.270942   1.272742   1.273343     0.09251
   27        0.022746   1.271716   1.273517   1.274118     0.09251
   28        0.022746   1.272489   1.274292   1.274894     0.09251
   29        0.022746   1.273263   1.275067   1.275669     0.09251
   30        0.022746   1.274037   1.275842   1.276445     0.09251
   31        0.022746   1.274811   1.276617    1.27722     0.09251
   32        0.022746   1.275585   1.277392   1.277995     0.09251
   33        0.022746   1.276359   1.278167   1.278771     0.09251
   34        0.022746   1.277133   1.278942   1.279546     0.09251
   35        0.022746   1.279455   1.281267   1.281872     0.09251
   36        0.022746   1.280229   1.282042   1.282647     0.09251
     37      0.022746   1.281002   1.282817   1.283423     0.09251
     38      0.022746   1.281776   1.283592   1.284198     0.09251
     39      0.022746    1.28255   1.284367   1.284974     0.09251
     40      0.022746   1.283324   1.285142   1.285749     0.09251
     41      0.022746   1.284098   1.285917   1.286524     0.09251
     42      0.022746   1.284872   1.286692     1.2873     0.09251
     43      0.022746   1.285646   1.287467   1.288075     0.09251
     44      0.022746    1.28642   1.288242    1.28885     0.09251
     45      0.022746   1.287194   1.289017   1.289626     0.09251
     46      0.022746   1.287968   1.289792   1.290401     0.09251
     47      0.022746   1.288742   1.290567   1.291176     0.09251
     48      0.022746   1.289515   1.291342   1.291952     0.09251
     49      0.022746   1.290289   1.292117   1.292727     0.09251
     50      0.022746   1.291063   1.292892   1.293503     0.09251
     51      0.022746   1.291837   1.293667   1.294278     0.09251
     52      0.022746   1.292611   1.294442   1.295053     0.09251
     53      0.022746   1.293385   1.295217   1.295829     0.09251
     54      0.022746   1.294159   1.295992   1.296604     0.09251
     55      0.022746   1.294933   1.296767   1.297379     0.09251
     56      0.022746   1.295707   1.297542   1.298155     0.09251
     57      0.022746   1.296481   1.298317    1.29893     0.09251
     58      0.022746   1.297255   1.299092   1.299705     0.09251
     59      0.022746   1.298029   1.299867   1.300481     0.09251
     60      0.022746   1.298802   1.300642   1.301256     0.09251
     61      0.022746   1.299576   1.301417   1.302031     0.09251
     62      0.022746    1.30035   1.302192   1.302807     0.09251
     63      0.022746   1.301124   1.302967   1.303582     0.09251
     64      0.022746   1.301898   1.303742   1.304358     0.09251
     65      0.022746   1.302672   1.304517   1.305133     0.09251
     66      0.022746   1.303446   1.305292   1.305908     0.09251
     67      0.022746    1.30422   1.306067   1.306684     0.09251
     68      0.022746   1.304994   1.306842   1.307459     0.09251


#Row18         L (m)      RH (m)     RM (m)     RP (m)    Width (m)
    1         0.0217    1.313787   1.315562   1.316155    0.089107
    2         0.0217    1.314561   1.316337    1.31693    0.089107
    3         0.0217    1.315335   1.317112   1.317705    0.089107
    4         0.0217    1.316109   1.317887   1.318481    0.089107
    5         0.0217    1.316883   1.318662   1.319256    0.089107
    6         0.0217    1.317657   1.319437   1.320031    0.089107
    7         0.0217    1.318431   1.320212   1.320807    0.089107
    8         0.0217    1.319205   1.320987   1.321582    0.089107
    9         0.0217    1.319979   1.321762   1.322357    0.089107
   10         0.0217    1.320753   1.322537   1.323133    0.089107
   11         0.0217    1.321527   1.323312   1.323908    0.089107
   12         0.0217    1.322301   1.324087   1.324683    0.089107
   13         0.0217    1.323075   1.324862   1.325459    0.089107
   14         0.0217    1.323849   1.325637   1.326234    0.089107
     15      0.0217   1.324623   1.326412   1.327009   0.089107
     16      0.0217   1.325397   1.327187   1.327785   0.089107
     17      0.0217   1.326171   1.327962    1.32856   0.089107
     18      0.0217   1.326944   1.328737   1.329335   0.089107
     19      0.0217   1.327718   1.329512   1.330111   0.089107
     20      0.0217   1.328492   1.330287   1.330886   0.089107
     21      0.0217   1.329266   1.331062   1.331662   0.089107
     22      0.0217    1.33004   1.331837   1.332437   0.089107
     23      0.0217   1.330814   1.332612   1.333212   0.089107
     24      0.0217   1.331588   1.333387   1.333987   0.089107
     25      0.0217   1.332362   1.334162   1.334763   0.089107
     26      0.0217   1.333136   1.334937   1.335538   0.089107
     27      0.0217    1.33391   1.335712   1.336314   0.089107
     28      0.0217   1.334684   1.336487   1.337089   0.089107
     29      0.0217   1.335458   1.337262   1.337864   0.089107
     30      0.0217   1.336232   1.338037    1.33864   0.089107
     31      0.0217   1.337006   1.338812   1.339415   0.089107
     32      0.0217    1.33778   1.339587    1.34019   0.089107
     33      0.0217   1.338554   1.340362   1.340966   0.089107
     34      0.0217   1.339328   1.341137   1.341741   0.089107
     35      0.0217    1.34165   1.343462   1.344067   0.089107
     36      0.0217   1.342424   1.344237   1.344842   0.089107
     37      0.0217   1.343198   1.345012   1.345618   0.089107
     38      0.0217   1.343972   1.345787   1.346393   0.089107
     39      0.0217   1.344746   1.346562   1.347168   0.089107
     40      0.0217    1.34552   1.347337   1.347944   0.089107
     41      0.0217   1.346294   1.348112   1.348719   0.089107
     42      0.0217   1.347068   1.348887   1.349494   0.089107
     43      0.0217   1.347841   1.349662    1.35027   0.089107
     44      0.0217   1.348616   1.350437   1.351045   0.089107
     45      0.0217   1.349389   1.351212    1.35182   0.089107
     46      0.0217   1.350163   1.351987   1.352596   0.089107
     47      0.0217   1.350937   1.352762   1.353371   0.089107
     48      0.0217   1.351711   1.353537   1.354146   0.089107
     49      0.0217   1.352485   1.354312   1.354922   0.089107
     50      0.0217   1.353259   1.355087   1.355697   0.089107
     51      0.0217   1.354033   1.355862   1.356473   0.089107
     52      0.0217   1.354807   1.356637   1.357248   0.089107
     53      0.0217   1.355581   1.357412   1.358023   0.089107
     54      0.0217   1.356355   1.358187   1.358799   0.089107
     55      0.0217   1.357129   1.358962   1.359574   0.089107
     56      0.0217   1.357903   1.359737   1.360349   0.089107
     57      0.0217   1.358677   1.360512   1.361125   0.089107
     58      0.0217   1.359451   1.361287     1.3619   0.089107
     59      0.0217   1.360225   1.362062   1.362675   0.089107
     60      0.0217   1.360999   1.362837   1.363451   0.089107
     61      0.0217   1.361773   1.363612   1.364226   0.089107
     62      0.0217   1.362547   1.364387   1.365001   0.089107
     63      0.0217   1.363321   1.365162   1.365777   0.089107
     64        0.0217   1.364095   1.365937   1.366552    0.089107
     65        0.0217   1.364869   1.366712   1.367327    0.089107
     66        0.0217   1.365643   1.367487   1.368103    0.089107
     67        0.0217   1.366417   1.368262   1.368878    0.089107
     68        0.0217   1.367191   1.369037   1.369653    0.089107


#Row19          L (m)     RH (m)     RM (m)     RP (m)    Width (m)
    1        0.020748   1.375981   1.377757    1.37835     0.09412
    2        0.020748   1.376755   1.378532   1.379125     0.09412
    3        0.020748   1.377529   1.379307   1.379901     0.09412
    4        0.020748   1.378303   1.380082   1.380676     0.09412
    5        0.020748   1.379077   1.380857   1.381451     0.09412
    6        0.020748   1.379851   1.381632   1.382227     0.09412
    7        0.020748   1.380625   1.382407   1.383002     0.09412
    8        0.020748   1.381399   1.383182   1.383777     0.09412
    9        0.020748   1.382173   1.383957   1.384553     0.09412
   10        0.020748   1.382947   1.384732   1.385328     0.09412
   11        0.020748   1.383721   1.385507   1.386103     0.09412
   12        0.020748   1.384495   1.386282   1.386879     0.09412
   13        0.020748   1.385269   1.387057   1.387654     0.09412
   14        0.020748   1.386043   1.387832   1.388429     0.09412
   15        0.020748   1.386817   1.388607   1.389205     0.09412
   16        0.020748   1.387591   1.389382    1.38998     0.09412
   17        0.020748   1.388365   1.390157   1.390755     0.09412
   18        0.020748   1.389139   1.390932   1.391531     0.09412
   19        0.020748   1.389913   1.391707   1.392306     0.09412
   20        0.020748   1.390687   1.392482   1.393081     0.09412
   21        0.020748   1.391461   1.393257   1.393857     0.09412
   22        0.020748   1.392235   1.394032   1.394632     0.09412
   23        0.020748   1.393009   1.394807   1.395407     0.09412
   24        0.020748   1.393783   1.395582   1.396183     0.09412
   25        0.020748   1.394557   1.396357   1.396958     0.09412
   26        0.020748   1.395331   1.397132   1.397733     0.09412
   27        0.020748   1.396105   1.397907   1.398509     0.09412
   28        0.020748   1.396879   1.398682   1.399284     0.09412
   29        0.020748   1.397653   1.399457   1.400059     0.09412
   30        0.020748   1.398427   1.400232   1.400835     0.09412
   31        0.020748   1.399201   1.401007    1.40161     0.09412
   32        0.020748   1.399975   1.401782   1.402385     0.09412
   33        0.020748   1.400749   1.402557   1.403161     0.09412
   34        0.020748   1.401523   1.403332   1.403936     0.09412
   35        0.020748   1.403845   1.405657   1.406262     0.09412
   36        0.020748   1.404619   1.406432   1.407037     0.09412
   37        0.020748   1.405393   1.407207   1.407813     0.09412
   38        0.020748   1.406167   1.407982   1.408588     0.09412
   39        0.020748   1.406941   1.408757   1.409363     0.09412
   40        0.020748   1.407715   1.409532   1.410139     0.09412
   41        0.020748   1.408489   1.410307   1.410914     0.09412
     42      0.020748   1.409263   1.411082   1.411689     0.09412
     43      0.020748   1.410037   1.411857   1.412465     0.09412
     44      0.020748   1.410811   1.412632    1.41324     0.09412
     45      0.020748   1.411585   1.413407   1.414015     0.09412
     46      0.020748   1.412359   1.414182   1.414791     0.09412
     47      0.020748   1.413133   1.414957   1.415566     0.09412
     48      0.020748   1.413907   1.415732   1.416341     0.09412
     49      0.020748   1.414681   1.416507   1.417116     0.09412
     50      0.020748   1.415455   1.417282   1.417892     0.09412
     51      0.020748   1.416229   1.418057   1.418667     0.09412
     52      0.020748   1.417003   1.418832   1.419443     0.09412
     53      0.020748   1.417777   1.419607   1.420218     0.09412
     54      0.020748   1.418551   1.420382   1.420993     0.09412
     55      0.020748   1.419325   1.421157   1.421768     0.09412
     56      0.020748   1.420099   1.421932   1.422544     0.09412
     57      0.020748   1.420873   1.422707   1.423319     0.09412
     58      0.020748   1.421647   1.423482   1.424095     0.09412
     59      0.020748   1.422421   1.424257    1.42487     0.09412
     60      0.020748   1.423195   1.425032   1.425645     0.09412
     61      0.020748   1.423969   1.425807    1.42642     0.09412
     62      0.020748   1.424743   1.426582   1.427196     0.09412
     63      0.020748   1.425517   1.427357   1.427971     0.09412
     64      0.020748   1.426291   1.428132   1.428746     0.09412
     65      0.020748   1.427065   1.428907   1.429522     0.09412
     66      0.020748   1.427839   1.429682   1.430297     0.09412
     67      0.020748   1.428613   1.430457   1.431072     0.09412
     68      0.020748   1.429387   1.431232   1.431848     0.09412

#Row20          L (m)     RH (m)     RM (m)     RP (m)    Width (m)
    1        0.019876   1.438174   1.439952   1.440545    0.090845
    2        0.019876   1.438948   1.440727   1.441321    0.090845
    3        0.019876   1.439722   1.441502   1.442096    0.090845
    4        0.019876   1.440496   1.442277   1.442871    0.090845
    5        0.019876    1.44127   1.443052   1.443647    0.090845
    6        0.019876   1.442044   1.443827   1.444422    0.090845
    7        0.019876   1.442819   1.444602   1.445197    0.090845
    8        0.019876   1.443593   1.445377   1.445973    0.090845
    9        0.019876   1.444367   1.446152   1.446748    0.090845
   10        0.019876   1.445141   1.446927   1.447523    0.090845
   11        0.019876   1.445915   1.447702   1.448299    0.090845
   12        0.019876   1.446689   1.448477   1.449074    0.090845
   13        0.019876   1.447463   1.449252   1.449849    0.090845
   14        0.019876   1.448237   1.450027   1.450625    0.090845
   15        0.019876   1.449011   1.450802     1.4514    0.090845
   16        0.019876   1.449785   1.451577   1.452175    0.090845
   17        0.019876   1.450559   1.452352   1.452951    0.090845
   18        0.019876   1.451333   1.453127   1.453726    0.090845
   19        0.019876   1.452107   1.453902   1.454501    0.090845
   20        0.019876   1.452881   1.454677   1.455276    0.090845
     21      0.019876   1.453655   1.455452   1.456052   0.090845
     22      0.019876   1.454429   1.456227   1.456827   0.090845
     23      0.019876   1.455203   1.457002   1.457602   0.090845
     24      0.019876   1.455977   1.457777   1.458378   0.090845
     25      0.019876   1.456751   1.458552   1.459153   0.090845
     26      0.019876   1.457526   1.459327   1.459928   0.090845
     27      0.019876     1.4583   1.460102   1.460704   0.090845
     28      0.019876   1.459074   1.460877   1.461479   0.090845
     29      0.019876   1.459848   1.461652   1.462254   0.090845
     30      0.019876   1.460622   1.462427    1.46303   0.090845
     31      0.019876   1.461396   1.463202   1.463805   0.090845
     32      0.019876    1.46217   1.463977    1.46458   0.090845
     33      0.019876   1.462944   1.464752   1.465356   0.090845
     34      0.019876   1.463718   1.465527   1.466131   0.090845
     35      0.019876    1.46604   1.467852   1.468457   0.090845
     36      0.019876   1.466814   1.468627   1.469232   0.090845
     37      0.019876   1.467588   1.469402   1.470007   0.090845
     38      0.019876   1.468362   1.470177   1.470783   0.090845
     39      0.019876   1.469136   1.470952   1.471558   0.090845
     40      0.019876    1.46991   1.471727   1.472333   0.090845
     41      0.019876   1.470685   1.472502   1.473109   0.090845
     42      0.019876   1.471459   1.473277   1.473884   0.090845
     43      0.019876   1.472233   1.474052   1.474659   0.090845
     44      0.019876   1.473007   1.474827   1.475435   0.090845
     45      0.019876   1.473781   1.475602    1.47621   0.090845
     46      0.019876   1.474555   1.476377   1.476985   0.090845
     47      0.019876   1.475329   1.477152   1.477761   0.090845
     48      0.019876   1.476103   1.477927   1.478536   0.090845
     49      0.019876   1.476877   1.478702   1.479311   0.090845
     50      0.019876   1.477651   1.479477   1.480087   0.090845
     51      0.019876   1.478425   1.480252   1.480862   0.090845
     52      0.019876   1.479199   1.481027   1.481637   0.090845
     53      0.019876   1.479973   1.481802   1.482413   0.090845
     54      0.019876   1.480747   1.482577   1.483188   0.090845
     55      0.019876   1.481521   1.483352   1.483963   0.090845
     56      0.019876   1.482295   1.484127   1.484739   0.090845
     57      0.019876   1.483069   1.484902   1.485514   0.090845
     58      0.019876   1.483843   1.485677   1.486289   0.090845
     59      0.019876   1.484618   1.486452   1.487064   0.090845
     60      0.019876   1.485392   1.487227    1.48784   0.090845
     61      0.019876   1.486166   1.488002   1.488615   0.090845
     62      0.019876    1.48694   1.488777    1.48939   0.090845
     63      0.019876   1.487714   1.489552   1.490166   0.090845
     64      0.019876   1.488488   1.490327   1.490941   0.090845
     65      0.019876   1.489262   1.491102   1.491716   0.090845
     66      0.019876   1.490036   1.491877   1.492492   0.090845
     67      0.019876    1.49081   1.492652   1.493267   0.090845
     68      0.019876   1.491584   1.493427   1.494042   0.090845


