# Format: McCode with text headers
# URL: http://www.mccode.org
# Creator: McStas 3.0-dev - Oct. 05, 2021
# Instrument: PSI_DMC.instr
# Ncount: 2500
# Trace: no
# Gravitation: no
# Seed: 1000
# Directory: 1e4
# Nodes: 8
# Param: lambda=2.566
# Param: R=0.87
# Param: R_curve=0.87
# Param: filename=Na2Ca3Al2F14.laz
# Param: D_PHI=6
# Param: SHIFT=0
# Param: PACK=0.7
# Param: Dw=0.8
# Param: BARNS=1
# Date: Tue Oct  5 15:36:16 2021 (1633440976)
# type: array_2d(80, 80)
# Source: PSI_DMC (PSI_DMC.instr)
# component: PSD_sample
# position: 1.95808 0 51.0371
# title: PSD monitor
# Ncount: 20000
# filename: PSD_sample.dat
# statistics: X0=0.000278425; dX=1.29172; Y0=0.139494; dY=1.64871;
# signal: Min=0; Max=80303.3; Mean=1821.34;
# values: 1.16566e+07 394421 3957
# xvar: X 
# yvar: Y 
# xlabel: X position [cm]
# ylabel: Y position [cm]
# zvar: I
# zlabel: Signal per bin
# xylimits: -5 5 -7 7
# variables: I I_err N
# Data [PSD_sample/PSD_sample.dat] I:
0 0 0 0 0 0 0 0 0 0 0 0 0 0 0 0 0 0 0 0 0 0 0 0 0 0 0 0 0 0 0 0 0 0 0 0 0 0 0 0 0 0 0 0 0 0 0 0 0 0 0 0 0 0 0 0 0 0 0 0 0 0 0 0 0 0 0 0 0 0 0 0 0 0 0 0 0 0 0 0 
0 0 0 0 0 0 0 0 0 0 0 0 0 0 0 0 0 0 0 0 0 0 0 0 0 0 0 0 0 0 0 0 0 0 0 0 0 0 0 0 0 0 0 0 0 0 0 0 0 0 0 0 0 0 0 0 0 0 0 0 0 0 0 0 0 0 0 0 0 0 0 0 0 0 0 0 0 0 0 0 
0 0 0 0 0 0 0 0 0 0 0 0 0 0 0 0 0 0 0 0 0 0 0 0 0 0 0 0 0 0 0 0 0 0 0 0 0 0 0 0 0 0 0 0 0 0 0 0 0 0 0 0 0 0 0 0 0 0 0 0 0 0 0 0 0 0 0 0 0 0 0 0 0 0 0 0 0 0 0 0 
0 0 0 0 0 0 0 0 0 0 0 0 0 0 0 0 0 0 0 0 0 0 0 0 0 0 0 0 0 0 0 0 0 0 0 0 0 0 0 7.598683882e-38 0 0 0 0 0 0 0 0 0 0 0 0 1.287936588e-37 0 0 0 0 0 0 0 0 0 0 0 0 0 0 0 0 0 0 0 0 0 0 0 0 0 0 0 
0 0 0 0 0 0 0 0 0 0 0 0 0 0 0 0 0 0 0 0 0 0 0 0 0 0 0 0 0 0 0 1.978333937e-44 0 0 0 0 0 1.352499735e-12 0 0 0 0 0 0 0 0 0 0 0 4.987466428e-52 0 2.524416313e-21 0 0 0 0 0 0 0 0 0 0 0 6.846763095e-26 0 0 0 0 0 0 0 0 0 0 0 0 0 0 0 0 
0 0 0 0 0 0 0 0 0 0 1.718798816e-114 0 0 0 0 0 0 0 0 0 4.251502423e-67 0 0 0 0 0 0 0 0 0 2.460829209e-23 0 0 0 0 0 0 0 0 0 0 0 0 0 0 0 0 0 0 9.974932857e-52 0 0 0 0 0 0 0 0 0 0 0 0 0 0 0 0 0 0 0 0 0 0 0 0 0 0 0 0 0 0 
0 0 0 0 0 0 0 0 0 0 0 0 0 0 0 0 0 0 0 0 0 1.31512797e-42 0 0 0 0 0 0 0 0 0 0 0 5.496863783e-16 0.952699802 0 2.995226322e-23 0 0 0 0 3.282073792e-41 0 0 0 0 0 0 0 4.987466428e-52 0 0 0 0 0 0 0 1.775555233e-107 0 0 0 0 0 0 0 0 0 0 0 0 0 0 0 0 0 0 0 0 0 0 
0 0 0 0 0 0 0 0 0 0 0 0 0 0 0 0 0 0 0 0 4.251502423e-67 6.7357715e-24 0 0 0 0 0 0 0 0 0 1.978333937e-44 0 0 0 0 0 3.967496327e-07 0 7.598683882e-38 0 0 0 0 0 5.837744877e-33 0 0 0 0 0 0 0 0 0 0 0 0 0 0 0 0 0 0 0 0 0 0 7.591870569e-26 0 0 0 0 0 0 0 0 0 0 0 
0 0 0 0 2.098849337e-111 0 0 0 0 0 0 4.435181732e-15 0 0 0 0 0 0 0 0 0 0 2.951200214e-43 0 0 0 0 0 0 0 0 0 0 0 0 0 0 0 0 0 0 0 0 0 0 5.837744877e-33 1.188751624e-21 0 0 0 6.881120358e-15 2.440143581e-51 1.287936588e-37 0 0 0 0 1.775555233e-107 0 0 0 0 0 6.846763095e-26 0 0 0 0 7.591870569e-26 0 0 0 0 0 0 0 0 0 0 0 
0 0 0 0 2.098849337e-111 0 0 0 0 0 0 0 0 0 0 0 0 0 0 0 0 3.36788575e-24 2.951200214e-43 0 0 0 0 0 0 0 0 0 0 5.496863783e-16 0 0 0 0 0 0 0 3.282073792e-41 0 0 0 0 5.943758119e-22 0 0 4.987466428e-52 0 2.385205765e-12 0 0 0 0 6.897266076e-23 0 0 0 0 0 0 6.846763095e-26 2.921333474e-103 0 0 7.591870569e-26 0 0 0 0 0 0 0 0 0 0 0 0 
0 0 0 0 0 0 0 0 0 0 1.718798816e-114 4.435181732e-15 0 0 0 0 0 0 0 0 4.251502423e-67 3.36788575e-24 1.430931786e-11 0 0 0 2.300542994e-36 0 0 0 1.571717249e-26 3.956667874e-44 0 0 0 7.901898581e-28 0 3.967496327e-07 1.352499735e-12 2.522924734e-24 0 3.282073792e-41 0 0 0 5.837744877e-33 1.188751624e-21 0 0 3.039124414e-22 0 139.1015049 2.972774208e-36 0 0 6.897266076e-23 0 0 0 2.079859614e-25 0 0 0 0 1.460666737e-103 0 0 0 0 0 0 0 0 0 0 0 0 0 0 0 
0 0 0 0 0 0 0 0 0 2.316930591e-118 0 0 0 0 0 0 0 0 0 0 0 6.575639852e-43 1.430931786e-11 0 0 0 0 0 0 0 0 0 0 0 0.952699802 0 0 3.967496327e-07 0 2.25653485e-13 0 3.282073792e-41 0 0 0 0 0 0 0 0 0 0 1.287936588e-37 0 0 6.897266076e-23 0 0 0 0 0 0 0 0 0 0 0 0 0 0 0 0 0 0 0 0 0 0 0 0 
0 0 0 0 0 0 0 0 0 0 0 0 2.129396219e-47 0 0 0 0 0 0 0 0 4.983997242e-41 5.902400429e-43 2.142338822e-30 0 0 2.300542994e-36 0 0 0 2.460829209e-23 1.978333937e-44 0 1.649059135e-15 0 0 2.995226322e-23 3.967496327e-07 1.352499735e-12 5.2780581e-07 7.782161328e-142 3.282073792e-41 0 0 0 0 0 0 2.19802266e-153 4.987466428e-52 0 4.880287161e-51 1.287936588e-37 0 0 6.897266076e-23 0 0 0 2.079859614e-25 0 0 0 0 1.460666737e-103 0 0 0 0 0 0 0 0 0 0 0 0 0 0 0 
0 0 0 0 0 0 0 0 0 1.158465296e-118 0 0 0 0 0 0 0 0 0 0 1.275450727e-66 6.575639852e-43 1.430931786e-11 0 0 3.169706131e-63 4.601085988e-36 0 0 0 3528.898841 1.978333937e-44 0 0 0 0 0 3.967496327e-07 1.352499735e-12 5.2780581e-07 0 9.207298186e-25 0 0 0 0 9.183010704e-13 0 4.844238883e-20 4.987466428e-52 6.881120358e-15 2.440143581e-51 5.048832627e-21 0 0 0 7.329029179e-55 1.775555233e-107 0 0 0 0 0 6.846763095e-26 1.460666737e-103 0 0 7.591870569e-26 0 0 0 0 2.092654008e-207 0 0 0 0 0 0 0 
0 0 0 0 4.197698674e-111 0 0 0 0 0 0 0 2.129396219e-47 0 0 0 0 0 0 0 4.196200392e-12 6.7357715e-24 1.430931786e-11 2.142338822e-30 0 0 0 0.000806262699 0 0 2.459257492e-23 1.978333937e-44 0 5.496863783e-16 3.166690498 7.901898581e-28 2.995226322e-23 3.914989968e-30 0 2.096981483e-12 0 3.282073792e-41 0 0 0 5.837744877e-33 0 22236.96433 0 0 0 2.440143581e-51 2.524416313e-21 0 0 2.069179823e-22 7.329029179e-55 0 0 2.079859614e-25 0 0 0 6.846763095e-26 0 0 0 0 0 6.581844231e-71 0 6.444248981e-18 2.092654008e-207 0 0 0 0 0 0 0 
0 0 0 0 4.197698674e-111 0 0 0 0 0 4.435181732e-15 0 2.129396219e-47 0 0 0 0 0 0 0 4.196200392e-12 3.36788575e-24 5.13744614e-121 0 0 0 0 0 0 4.149861464e-10 2.459257492e-23 1.978333937e-44 0 0 0 7.901898581e-28 8.985678966e-23 0 4.057499205e-12 0 4.097098624e-23 3.282073792e-41 0 0 0 1.167548975e-32 9.183010704e-13 0 4.844238883e-20 9.996036338e-07 6.881120358e-15 139.1015049 6.203135733e-36 0 0 0 238.7765773 0 0 2.308681923e-33 0 0 0 0 0 0 0 7.591870569e-26 0 0 0 0 4.185308016e-207 0 0 0 0 0 0 0 
0 0 0 0 0 0 0 0 0 1.158465296e-118 3.437597631e-114 0 0 0 0 0 0 0 0 0 4.251502423e-67 0 2.951200214e-43 0 0 0 2.300542994e-36 153.0604474 0 0.5033840153 1.571717249e-26 1.978333937e-44 0 1.099372757e-15 6.03069119e-07 0 0 1.957494984e-30 0 2.096981483e-12 2.594053776e-142 6.564147585e-41 0 0 0 0 9.183010715e-13 0 0 4895.072849 6.881120358e-15 0 0 0 0 4.217388498e-48 0 0 0 2.079859614e-25 0 0 0 0 2.921333474e-103 0 0 7.591870569e-26 0 0 0 0 0 0 0 0 0 0 0 0 
0 0 0 0 5.400179726e-91 0 0 0 0 1.158465296e-118 0 0 2.129396219e-47 0 0 0 0 0 0 0 0 2.459120422e-41 1.430931786e-11 0 0 0 0 0 0 4.149861464e-10 1.571717249e-26 3.956667874e-44 0 6.561138867e-36 2.522581788 0 5.990452644e-23 0 0.0002068153901 2.25653485e-13 0 0 0 0 0 0 9.183010704e-13 0 4169.244135 0 0 2.440143581e-51 0 0 0 4.217388498e-48 1.775555233e-107 0 0 0 8.731755602e-138 0 6.846763095e-26 0 3.456790673e-05 0 0 7.591870569e-26 0 8.226933197e-62 0 0 0 0 0 0 0 0 0 0 
0 0 0 0 1.080035945e-90 0 0 0 2.335691591e-06 2.316930591e-118 4.435181732e-15 0 0 0 0 0 0 0 0 1.258860118e-11 1.805895225e-55 0 4.292795357e-11 0 0 25869.37512 2.300542994e-36 1885.729973 0 0 1.571717249e-26 1.978333937e-44 0 0.952699802 1.261290894 7.901898581e-28 3.967496327e-07 3.914989968e-30 1.727874969e-46 5.27807907e-07 0 3.282073792e-41 0 0 0 0 11118.48216 0 3.039124414e-22 1.000616952e-06 0 278.2030097 7.57324894e-21 0 0 0 7.329029179e-55 0 0.5023062603 1.154340961e-33 0 0 6.846763095e-26 0 0 0 0 7.591870569e-26 0 8.22693319e-62 0 0 6.277962025e-207 0 0 0 0 0 0 0 
0 0 0 0 2.16007189e-90 0 0 0 0 1.158465296e-118 4.435181732e-15 0 2.129396219e-47 0 0 0 0 9.631895427e-23 0 0 0 13605.75272 1.701572328e-157 2.142338822e-30 8.206997717e-09 0 4.601085988e-36 12824.65074 3.048662345e-13 0 3528.898841 1.978333937e-44 5.496863783e-16 199.9922329 1.261290894 1.580379716e-27 3.967496327e-07 108.6921121 1.727874969e-46 5.278055843e-07 4.097098624e-23 0.1230634444 0 0 0 5.837744877e-33 11118.48216 0 1.062051023e-07 5.349279315e-24 2.064336107e-14 24296.24682 2953.947117 0 0 4.217388498e-48 238.7765773 0 0.2511531301 4.159719205e-25 8.731755602e-138 0 0 0 2.921333474e-103 0 0 0 8.22693319e-62 0 0 0 0 0 0 0 0 0 0 0 
0 0 0 0 0 0 0 0 0 3.559316492e-97 8.870363465e-15 0 2.129396219e-47 0 0 0 0 0 0 0 0 12557.17063 3.403144657e-157 10517.16933 0 9.509118393e-63 0 1962.261003 0 4.149861464e-10 4.918514984e-23 0 1.978333937e-44 1.905399604 1.261291497 16681.3153 3.967496327e-07 108.6921121 2.70499947e-12 5.278076813e-07 4.513069699e-13 9.207298186e-25 0 0 16588.17965 0 9315.820359 46.96435477 4169.244135 9790.145698 0 2.440143581e-51 2.524416313e-21 0 0 6.897266076e-23 3.551110467e-107 0 0.5023062603 1.154340961e-33 1.74635112e-137 0 6.846763095e-26 0 0 0 0 7.591870569e-26 0 0 1.401166795e-49 6.444248981e-18 0 0 0 0 0 0 0 0 
0 0 0 0 2.098849337e-111 0 0 0 0 3.559316492e-97 4.435181732e-15 0 2.129396219e-47 0 0 0 0 0 0 4.196200392e-12 0 12557.17063 0 4.284677644e-30 8025.428277 12934.68756 0 3847.99017 3.048662345e-13 400.1330532 3528.898841 0 1.978333937e-44 1.502203438e-117 1.206138238e-06 1.827439766e-23 3.967496327e-07 1.957494984e-30 1.352499735e-12 5.278055843e-07 2.25653485e-13 1.841459637e-24 216.2482823 0 16588.17965 87.85157684 11118.48216 11074.31656 1.062051023e-07 1.000616952e-06 0 2860.43257 5.945548415e-36 0 0 6.897266076e-23 477.5531546 0 0 1.160265323e-13 3.559365542e-165 0 6.846763095e-26 0 3.456790673e-05 0 0 7.591870569e-26 1.645386638e-61 0 1.401166795e-49 0 2.092654008e-207 0 0 0 0 0 0 0 
0 0 0 0 5.400179726e-91 0 0 0 0 0 1.718798816e-114 0 0 0 0 0 0 0 0 8.392400785e-12 0 33490.09075 5.13744614e-121 923.9318676 79.82430287 0 2.300542994e-36 76.5302237 3.048662345e-13 399.1262851 2.459257492e-23 0 5.496863783e-16 0 3.908490005 7.901898581e-28 0 0 0 5.278097783e-07 4.097098624e-23 0.1230634444 2.727659032e-10 0 16588.17965 17346.12608 2.813538937e-38 46.96435477 4169.244135 10030.44288 139.1015049 27017.57789 2.524416313e-21 0 0 6.897266076e-23 24488.33432 0 0 1.160265323e-13 3.559365542e-165 3.066005626e-82 6.846763095e-26 0 6.913581346e-05 0 0 0 8.22693319e-62 0 0 1.288849796e-17 2.092654008e-207 0 0 0 0 0 0 0 
0 0 0 0 5.400179726e-91 0 0 0 0 1.158465296e-118 7.153467551e-69 0 2.129396219e-47 0 0 0 0 9.631895427e-23 0 4.196200392e-12 0 6278.585314 1.430931786e-11 923.9318676 8.206997717e-09 12934.68756 0 0.000806262699 3.048662345e-13 0 2.460829209e-23 0 1.978333937e-44 199.9922329 6.03069119e-07 16681.3153 3.967496327e-07 108.6921121 0.0002068153901 5.278055843e-07 4.097098624e-23 9.207298186e-25 0 27095.92283 4.863048533e-61 0 5.627077874e-38 11074.31656 4169.244135 10030.44288 0 4.770411529e-12 0 0 0.1856606174 7465.80164 238.7765773 0.01147210086 0.2511531301 0 2.619526681e-137 1.533002813e-82 0 0 3.456790673e-05 0 0 0 0 6.581844231e-71 1.401166795e-49 6.444248981e-18 0 0 0 0 0 0 0 0 
0 0 0 0 2.098849337e-111 0 0 0 0 0 4.435181732e-15 0 0 0 0 0 0 0 0 4.196200392e-12 0.09756136445 6278.585314 2.142338822e-30 0 39.91215143 25869.37512 2.300542994e-36 25649.30148 3.048662345e-13 398.6229011 3528.898841 0 0 12111.73235 6.03069119e-07 7.901898581e-28 0 108.6921121 0 2.096981483e-12 0 0 5.455318065e-10 13547.96142 16588.67306 87.85157684 9.183010704e-13 11121.28092 6.078248828e-22 240.2971797 278.2030097 2.385205765e-12 2953.947117 0 0.1856606174 0 10831.36618 0 0 1.160265323e-13 3.559365542e-165 0 0 0 40.4639643 0 0 0 0 0 0 6.444248981e-18 0 0 0 4.93887361e-143 0 0 0 0 
0 0 0 0 5.400179726e-91 0 0 0 2.335691591e-06 0 1.718798816e-114 0 2.129396219e-47 0 0 0 0 0 0 0 0 39768.67606 2.142338822e-30 923.9318676 39.91215143 3.661738141e-19 0 0 3.048662345e-13 400.1330532 7057.797682 0 0 199.9922329 1.323599556 33362.63061 12369.17794 108.6921121 17430.35262 2.096981483e-12 2.25653485e-13 0 432.4965647 0 0.01647955004 17229.65156 11118.48216 5631.08699 3.186153068e-07 1.000616952e-06 6.881120358e-15 12148.12341 5.722792105e-110 0 0.09283030869 8.434776997e-48 1.775555233e-107 0 0 1.160265323e-13 3.559365542e-165 1.533002813e-82 0 0 0 0 0 0.1084054584 0 1.974553269e-70 0 1.288849796e-17 2.092654008e-207 0 0 4.93887361e-143 0 0 0 0 
0 0 0 0 0 0 0 0 2.335691591e-06 7.118632984e-97 3.437597631e-114 0 0 0 0 0 0 9.631895427e-23 0 0 3.611790449e-55 6278.585314 1.027489228e-120 923.9318676 39.91215143 8843.734738 0 1809.200556 0 0 3528.898841 0 1.978333937e-44 6.561138867e-36 0.0623092649 1.827518785e-23 0 108.6921121 2.047964147e-44 1.055613266e-06 2.594053776e-142 9.207298186e-25 216.2482823 13993.87384 33176.86919 175.7031537 20434.30252 5537.158281 4.874630127e-20 15234.84244 12227.85094 2.385205765e-12 5.722792105e-110 0.3554405823 0.1856606174 0 11070.14275 0 0.2511531301 2.320530646e-13 0 1.533002813e-82 0 0 0.0001037037202 0 0 0.1084054584 0 6.581844231e-71 0 0 0 0 0 4.93887361e-143 0 0 0 0 
0 0 0 0 0 0 0 0 2.335691591e-06 0 4.435181732e-15 0 2.129396219e-47 0 0 0 0 9.631895427e-23 0 0 0.09756136445 13605.75272 5.13744614e-121 923.9318676 39.91215143 12934.68756 0 9961.765269 0 4.149861464e-10 3528.898841 0 1.978333937e-44 1.502203438e-117 1.827439766e-23 16681.3153 11427.27435 0 0.0002068153901 8.446489721e-23 2.25653485e-13 0.1230634444 2.727659032e-10 0 16588.65658 0 11118.48216 46.96435477 4169.246255 9790.145697 6.881120358e-15 32460.24002 2953.947117 0 0.09283030869 4.217388498e-48 3.551110467e-107 0.01147210086 0 0 3.559365542e-165 8.731755602e-138 0 0 3.456790673e-05 0 0 0.2168109168 8.22693319e-62 6.581844231e-71 0 6.444248981e-18 0 0 0 4.93887361e-143 0 0 0 0 
4.55847953e-121 0 0 0 0 0 0 0 0 3.559316492e-97 7.153467551e-69 0 0 0 5.046213249e-43 0 0 9.631895427e-23 8282.481997 0 1.805895225e-55 0 2.142338822e-30 10517.16933 8065.340429 21779.1089 4.834640242e-64 12901.18096 3.048662345e-13 3011.519914 0 0 0 399.9844658 3.654879533e-23 302.4794265 0 0 0.0002068153901 2.096981483e-12 0 1.841459637e-24 216.2482823 27541.83526 16588.19613 69006.45783 11118.48216 46.96435477 0.002119770783 30589.83347 0 2721.331065 5907.894234 0 0.09283030869 7465.80164 10002.71272 24488.34579 0 0 7.118731084e-165 3.066005626e-82 0 0 40.4639643 0 0 0 1.645386638e-61 0 1.401166795e-49 0 0 0 0 4.93887361e-143 0 0 0 0 
0 0 0 8.269680448e-58 0 0 0 0 0 3.559316492e-97 0 0 0 0 1.240034152e-86 0 0 9.631895427e-23 8282.481997 0 0.09756136445 2.536889015e-144 923.9318676 0 0 21778.7656 16246.74028 1809.200556 0 399.6296691 9.863348264e-164 0 0 399.9844658 33380.34528 16681.3153 27629.11833 108.6921121 0.05791602442 0 1.088905138e-08 0.1230634444 0 0 16588.65658 0 29837.97446 46.96435477 1.062051023e-07 5015.221438 139.1015049 2.385205765e-12 2953.947117 0 0 24285.96824 11070.14275 12244.17863 0.2511531301 10356.79604 0 1.533002813e-82 7.816929021e-20 0 40.4639643 0 0 0 0 6.581844231e-71 2.802333591e-49 0 0 0 0 0 0 0 0 0 
4.55847953e-121 0 0 0 0 0 0 0 4.671383182e-06 3.559316492e-97 1.43069351e-68 0 0 0 0 100.7643792 0 9.631895427e-23 8282.481997 0 0.09756136445 13605.75272 1847.863735 0 8105.25258 1.098521442e-18 0 12824.65074 3.048662345e-13 6820.28563 3528.898841 17057.3154 0 6.561138867e-36 1.469616103 16983.79473 24738.35589 108.6921121 34601.94245 4.097098624e-23 1.088905138e-08 11569.10271 216.2482823 44281.82587 0.4769261666 0 16311.78543 11074.31656 1.062051023e-07 15354.99103 0 5.722792105e-110 2953.947117 0.3554405823 0 0 21072.85548 12244.16716 0 0 0 1.533002813e-82 0 0.004207143977 40.4639643 0 0 0 0 6.581844231e-71 1.401166795e-49 6.444248981e-18 0 0 0 4.93887361e-143 0 0 0 0 
0 0 0 0 0 0 0 0 2.335691591e-06 3.559316492e-97 0 0 0 5.046213249e-43 2.480068304e-86 100.7643792 0 9.631895427e-23 0 0 1.805895225e-55 13605.75272 923.9318676 10517.16933 8065.340429 2.98025862e-12 0 24457.69495 0 3011.519914 2.459257492e-23 34280.60451 0 0 33380.40759 151.2397133 24738.35589 0 0.0004136307803 0 2.594053776e-142 0 216.2482823 55083.67051 16588.17965 51717.57763 2.813538937e-38 105.3642089 4169.244135 1.013317936e-09 6113.925472 14869.45448 0 0 0 7465.80164 32494.09853 12244.16716 0 10356.79604 0 0 1.563385804e-19 0 80.92796317 0 0 0.2168109168 0 0 1.401166795e-49 0 0 0 0 0 0 0 0 0 
4.55847953e-121 0 0 8.269680448e-58 0 0 0 0 2.335691591e-06 0 0 0 0 1.00924265e-42 0 7172.705108 0 0 0 0 0.1951227289 3.890409303e-15 923.9318676 0 8025.428277 0.6865992013 4.530472828e-41 39091.54544 0 398.6229011 0 1.414056514e-12 1.978333937e-44 28037.83024 16691.70457 0 12369.17794 0 0.05750239364 1.704902084e-61 0 11568.85658 432.4965647 13547.96142 0.9538523332 17229.68452 41939.39122 0 8338.488271 15191.94403 9.996036338e-07 2721.331065 2953.947117 0.3554405823 0 2.419916788 20834.0789 12244.1901 0 31070.38813 0 0 0 0 40.4639643 0 0 0 8.22693319e-62 0 0 0 0 0 0 0 0 0 0 0 
0 0 0 0 0 0 0 0 0 0 7.153467551e-69 0 0 0 1.240034152e-86 14446.17459 0 0 0 0 0 3.890409303e-15 462.1100717 10517.16933 11587.18203 12934.68756 4.834640242e-64 16305.12943 16794.20599 6023.039828 0 0 0 0 0.06230866183 0 46519.68275 0 0.02895801221 16609.21767 1.088905138e-08 0.3691903331 5.09360856e-09 30733.86445 0 34487.92607 9315.820359 0 0.002119770783 16014.93436 17008.74021 28062.4068 2953.947117 15261.43283 0.09283030869 3.360492437e-10 21072.85548 0 0 31070.38813 1.08852249e-50 8.731755602e-138 7.816929021e-20 0 40.4639643 0 0 0.1084054584 0 0 1.401166795e-49 0 0 0 0 0 0 0 0 0 
0 0 0 8.269680448e-58 0 0 0 0 2.335691591e-06 3.559316492e-97 1.43069351e-68 2.662822226e-78 0 5.046213249e-43 1.240034152e-86 50.38218959 0 1.926379085e-22 0 1.424851695e-165 0.1951227289 13605.75272 1.701572328e-157 0 16050.85655 0.3432996006 4.392229254e-08 12824.65074 0 3410.142815 0 17223.2891 1448.161681 12109.82695 1.407306838 151.2397133 10890.66343 0.000168541181 2.047964147e-44 8.194197248e-23 0 0 4.820842656e-09 13993.87384 0.4769261666 34487.92607 9315.820359 58.39985415 0.004239753976 31084.41616 0 0 0 0.7108811647 0 0 0 0.01147210086 0.5023062603 0 1.08852249e-50 0 7.816929021e-20 0.008414287953 0 0 0 0 0 0 0 0 0 0 0 4.93887361e-143 0 0 0 0 
4.55847953e-121 0 0 1.65393609e-57 0 0 0 0 0 3.559316492e-97 0 0 0 0 0 7172.705108 0 0 8282.481997 511.6532826 0.1951227289 18924.36871 9.60215661e-54 21034.33866 17782.90143 5.96051724e-12 16246.74028 8152.564715 0 3011.519914 3528.898841 0 0 0 16691.64226 33400.01006 10890.66343 108.6921121 0 5.114706252e-61 0 0 0 30733.86445 13548.43834 17258.2745 9315.820359 164.9732851 1.062051023e-07 15972.03595 35489.61813 14869.45448 1.504276304e-31 0.3554405823 0 19609.99572 238.7765773 0.01147210086 0 0 1.08852249e-50 1.533002813e-82 1.563385804e-19 40.46817144 0 0 0 0.1084054584 0 0 0 0 0 0 0 9.87774722e-143 0 0 0 0 
0 0 0 8.269680448e-58 0 0 0 0 0 0 0 1.331411113e-78 0 5.046213249e-43 0 7172.705108 0 0 0 0 0 17781.63661 231.0550358 0 31102.12834 2.98025862e-12 4.530472828e-41 1809.200556 0 14997.59425 34169.09043 17223.2891 15021.1336 27836.8853 2.814613676 16681.3153 15259.94039 0 0.02875119682 16609.21767 1.088905138e-08 23354.08451 2.727659032e-10 12074.783 13756.81097 0 28916.36812 14837.96105 0 16646.37048 6113.925471 0 0 16369.85224 0 7465.80164 10831.36618 12244.16716 0 0 5898.730619 0 0 0.004207143977 0 0 0 0.1084054584 0 0 0 0 0 0 0 0 0 0 0 0 
4.55847953e-121 0 0 0 0 0 0 0 0 0 7.153467551e-69 2.662822226e-78 0 1.00924265e-42 2.480068304e-86 50.38218959 0 4212.780355 16564.96399 5.367832278 0 12463.02062 231.0550358 21034.33866 29370.08346 0.6865992013 32493.48056 12824.65074 3.048662345e-13 3011.519914 34169.09043 17223.2891 2.034792631e-99 55673.77061 1.407306838 302.4794265 0 26115.16246 17430.35241 33486.45957 1.088905138e-08 23137.71316 0 13993.87384 13547.96142 17258.30746 41608.80239 58.39985415 0.004239541566 390.0459605 17008.74021 12227.85094 2953.947117 0 0 12141.77416 10002.71272 0 0 0 1.08852249e-50 0 7.816929021e-20 0.008414287953 0 0 0 0.1084054584 0 0 0 0 0 1.609294177e-98 0 0 0 0 0 0 
0 0 0 0 0 0 0 0 0 0 0 0 0 5.046213249e-43 0 0 0 4212.780355 8282.481997 2.897570307e-11 0 37389.06185 4051.762382 0 0 0 4.834640242e-64 12824.65074 0 3011.519914 34114.63081 1.414056514e-12 0 31854.10117 33381.75259 186.8972696 30519.88077 37005.82589 0.02875119682 13447.59307 0 4.820842656e-09 0 45554.76422 0 0 16223.93386 118.0089303 4169.244135 15892.47213 57154.71026 13192.95232 0 0 0 33443.91066 0 0.01147210086 2.026421474e-55 0 1.08852249e-50 0 0 0 0 0 0 0 0 0 1.401166795e-49 0 0 0 0 0 0 0 0 0 
4.55847953e-121 0 0 0 0 0 0 0 0 0 0 0 0 0 0 0 7172.705108 8425.56071 0 298.124542 0 17781.63661 0 10517.16933 17782.90143 2.98025862e-12 16246.74028 1809.19975 0 1.732828635e-103 9.863348264e-164 34446.5782 2.00201212e-84 43763.93589 1.277180488e-27 339.8588804 41947.15512 25791.03817 14924.64059 0 0 0 32555.35078 57629.55528 27513.62195 17258.29098 25539.75421 59.60907617 0.002119770783 31637.50911 34716.108 13192.95232 1.504276304e-31 0 0 25978.10902 10002.71272 1.538899132e-21 0 20713.59209 1.08852249e-50 0 7.816929021e-20 0 74.19313766 0 0 0 0 0 0 0 0 0 0 0 0 0 0 0 
4.55847953e-121 0 0 8.269680448e-58 0 0 0 0 0 0 0 1.331411113e-78 0 0 2.480068304e-86 0 7172.705108 0 8282.481997 1.424851695e-165 0 0 0 0 15774.9505 0.3432996027 16246.74028 1.448038133e-06 16794.20599 35845.18407 9.863348264e-164 17223.2891 15021.1336 0 33381.75259 0 23796.45229 0 29875.82625 63543.27031 1.088905138e-08 29006.07469 0.004800175989 24149.57406 12707.59604 34516.549 16223.93386 59.60907617 20597.06914 62350.89779 32200.68424 19306.87779 1.504276304e-31 45782.52128 1.564627587e-21 6372.953129 0 0 2.026421474e-55 0 0 0 0 40.46817144 0 0 0 0 0 0 0 0 0 4.82788253e-98 0 4.93887361e-143 0 0 0 0 
0 0 0 8.269680448e-58 0 0 0 0 0 0 0 1.331411113e-78 0 5.046213249e-43 0 0 7172.705108 0 0 298.124542 511.6532826 12463.02062 4.801078305e-54 0 11587.18203 2.98025862e-12 0.3432996006 0.0008077107371 16794.20599 0 0 0 30042.2672 0 12203.58365 0 22854.54869 15826.32318 14977.81698 34039.54133 16835.3291 4.820842656e-09 13993.87384 12074.783 6.788375743e-68 0 16223.93386 2.418444026 0 16646.37048 0 13192.95232 1.504276304e-31 15260.72195 7.823137935e-22 12741.06642 0 0 0 0 0 0 7.816929021e-20 0.004207143977 0 0 0 0 0 0 0 0 0 3.218588353e-98 0 0 0 0 0 0 
0 0 0 8.269680448e-58 0 1.714636483e-101 0 0 0 0 0 0 0 0 0 0 0 4212.792159 0 5.795140613e-11 0 3.890409303e-15 231.0550358 0 21344.65519 0 16246.74028 1.806555447e-21 0 14598.97135 34223.55006 0 15021.1336 0 11909.83472 1.183762726e-91 0 10890.66343 32122.8332 50531.51921 33670.6582 29006.07469 32555.36038 0.008067568264 12707.66479 0.4769261666 25384.86854 58.46384766 14836.75183 48041.26877 0 13192.95232 1.504276304e-31 16369.4968 7.823137935e-22 12141.77416 0 0 2.026421474e-55 0 5898.730619 0 0 0 0 1.163314386e-162 0 0 0 0 0 0 0 0 0 0 0 0 0 0 
0 0 0 8.269680448e-58 0 3.429272965e-101 0 0 2.335691591e-06 0 0 7.153467553e-69 0 0 0 0 7172.705108 0.0236082093 8282.481997 9685.373977 511.6532826 5318.615991 2719.046299 352.9512807 21344.65519 0 4.788260198e-06 1.806555447e-21 16794.20599 29197.94271 3.013055236e-125 17223.2891 1448.161681 0 36620.79649 37.37945392 0 45673.49708 26.60256921 47755.15864 2.066582774e-40 17437.21811 32555.35558 0 26464.40701 17258.2745 0 3.120463984e-26 16427.825 32512.64904 11218.43123 13192.95232 3.008552608e-31 0 3.360492437e-10 19609.99572 10002.71272 12244.16716 7173.959004 0 1.08852249e-50 104.1765302 0 0 0 0 0 0 0 0 0 0 0 3.218588353e-98 0 0 0 0 0 0 
0 0 0 0 0 1.714636483e-101 0 0 0 0 0 2.662822404e-78 0 0 0 50.38218959 0 4212.780355 0 10286.99089 1023.306565 12463.02062 231.0550358 352.9512807 11587.18203 0 18929.88571 0 0.07104339213 14598.97631 17111.77503 17223.2891 0 15927.05058 23821.07675 77.9211163 0 43375.55071 17171.61879 65738.56406 0.043827052 17437.21811 16277.68019 0.1209455217 39172.00305 0 12692.43427 1.273215517 14836.75183 32538.8426 34716.108 13192.95232 1.504276304e-31 0 3.360492437e-10 24878.00076 10002.71272 0 5987.745047 0 0 52.08826511 0 1.700921107e-22 0 0 0 0 0 0 0 0 0 1.609294177e-98 0 0 0 0 0 0 
4.55847953e-121 0 0 0 0 1.714636483e-101 0 0 0 0 0 0 0 0 0 0 0 4212.780355 8282.481997 5.367832278 511.6532826 0 4.075142839e-14 10517.16933 13945.24161 0 4.707969657e-08 1.806555447e-21 0.07104339213 14598.97135 17111.77503 17223.2891 1448.161681 0 24407.16729 40.54166239 26687.21473 36573.00966 32122.8332 33922.30154 33670.6582 17437.21811 0 12074.90394 13756.81097 0 28916.36914 0 46101.32653 16256.32452 75980.24665 0 0 32738.99361 0 0 10002.71272 0 20335.66305 0 5898.730619 0 0 1.700921107e-22 74.19313766 0 0 0 0 0 0 0 0 3.218588353e-98 0 0 0 0 0 0 
0 0 0 0 0 0 0 0 0 0 0 0 0 0 0 0 0 4212.780355 0 10579.7476 0 17781.63661 2256.936227 8060.857135 9757.47315 89.3740554 2.104936015e-09 1.806555447e-21 16794.20599 6647.251276 3.013055236e-125 0 17917.45696 15927.05058 12203.58365 40.54166239 26687.21473 28583.86826 0.0154007199 1.630908751e-06 1.088905138e-08 17437.21811 0 28814.79399 12707.59604 0 22008.25463 0.06399350413 31264.57471 31127.31456 15191.94403 13192.95232 0 0 0 12141.77416 10002.71272 1.538899132e-21 5987.745047 0 5898.730619 0 5700.348114 0 0 0 0 0 0 0 0 0 0 0 0 0 0 0 0 0 
4.55847953e-121 0 0 0 2.126007831e-180 0 0 0 0 0 0 0 0 0 0 0 7172.705108 8425.56071 0 1.424851695e-165 0 17781.63661 4051.762382 15062.86043 32931.83722 0 3052.617486 0 16794.20599 0.004957789179 2.976762627e-134 1.414056514e-12 2896.323361 0 4.967396937e-137 37.37945392 53374.42947 14470.71525 49267.84941 80303.27242 0 11568.85658 16277.67539 28814.78168 13756.87973 0 16656.60617 3.120463984e-26 7.589195892e-29 2.283101091e-20 1606.885623 13192.95232 0 46890.9407 3.360492437e-10 20202.02823 1.850698431e-152 0 13161.70405 0 5898.730619 52.08826511 5700.348114 0.004207143977 0 1.163314386e-162 0 0 0 0 0 0 0 1.609294177e-98 0 0 0 0 0 0 
0 0 0 0 0 0 0 0 0 0 0 0 0 0 0 0 0 0 0 19381.48362 511.6532826 0 4051.762382 15416.11116 0 89.3740554 3052.617486 16246.74028 33588.48302 6647.236403 51335.32509 0 1448.161681 0 12203.58365 81.08332478 7.035175761e-100 46125.83755 10457.89323 0 16835.3291 2.311875985e-20 0 0 13756.81097 0 16659.01754 0 32855.64576 1.141550733e-20 9762.081986 0.1639382929 0 31630.21875 2.34694138e-21 2.49345635e-27 0 1.538899132e-21 0 0 5898.734171 52.08826511 5700.348114 1.700921107e-22 0 0 0 0 0 0 0 0 0 0 0 0 0 0 0 0 
4.55847953e-121 0 0 0 0 0 0 0 0 0 0 0 0 0 0 2.378461352e-110 0 0 0 9690.741809 511.6532826 5318.615991 4.075142839e-14 7354.954573 0 0 4.392229254e-08 16246.74028 18603.01619 0.004957789179 0 12780.54284 31490.42888 0 0 0 11427.27435 22462.33225 35840.3059 46666.02841 5.054947327e-11 29006.07469 16277.68499 16740.01099 13756.87973 0 33313.21235 3.120463984e-26 14836.75183 15892.47213 18615.62583 0.1639382929 1.504276304e-31 16369.4968 3.360492437e-10 4.986912699e-27 0 0.01147210086 14347.91801 0 0 52.08826511 2.866221957e-50 1.700921107e-22 0 0 0 0 1.241579874e-10 0 0 0 0 1.609294177e-98 0 0 0 0 0 0 
0 0 0 0 0 1.714636483e-101 0 0 0 0 0 0 0 0 0 50.38218959 0 0 0 899.7414584 511.6532826 4.219556996e-105 4051.762382 7354.954573 4187.768464 0 3052.617486 0 0 21246.21271 3.013055236e-125 0 4.004024239e-84 0 10.04555139 2.741540472e-11 0 23061.86267 40333.70408 80186.03263 61575.6534 0 0 0.2745776054 12707.59604 0 12692.43427 1.209222013 31264.57471 33605.14589 11368.96761 0.1639382929 0 31630.21875 0 7.480369049e-27 1.850698431e-152 3.077798265e-21 17963.23514 0 0 0 17101.04434 1.700921107e-22 0 1.163314386e-162 0 0 0 0 0 0 0 1.609294177e-98 0 0 0 0 0 0 
0 0 0 0 0 3.429272965e-101 0 0 0 0 0 0 0 0 1.240034152e-86 0 0 0.0236082093 0 9685.373977 0 5318.615991 0 0.2994530574 7.668252398e-08 0 1.052468007e-09 0 16794.27703 6647.236403 8.93028788e-134 4.069585262e-99 0 0 12203.58365 81.08332478 1.530533525e-24 15828.98047 14497.34862 46431.54883 0 17437.21811 0.004800175717 0.1290130899 0.06875556498 0 1.839019515e-06 3.120463984e-26 31264.57471 1.92202981e-27 1606.885623 0.3278765857 1.504276304e-31 0 0 0 0 1.538899132e-21 14347.91801 0 2.533958025e-48 5950.818884 11400.69623 1.700921107e-22 74.19313766 1.163314386e-162 0 0 0 0 0 0 0 3.218588353e-98 0 0 0 0 0 0 
0 0 0 0 2.126007831e-180 0 0 0 0 0 6.321893532e-167 1.785175261e-85 0 0 1.594279934e-106 0 0 0 0 0 511.6532826 5318.615991 2.03757142e-14 353.5501869 8375.536927 357.4962216 3052.617491 16246.74028 1808.810206 21246.21767 1.153499465e-13 25561.08569 0 0 12203.58365 1.370770236e-11 1.530533525e-24 0.1817127433 17171.61879 16491.97789 27904.95137 4.820842656e-09 0 0.008067568264 0.13751113 0 12692.43427 4.486173039e-18 7.589195892e-29 33605.14589 26770.8222 0 0 16369.4968 2.49345635e-27 6368.113296 0 0 7173.959004 0.0568854195 2.533958025e-48 5950.818884 0 1.700921107e-22 0 1.163314386e-162 0 0 4.13859958e-11 0 0 0 0 0 0 0 0 0 0 0 
0 0 0 0 0 1.714636483e-101 0 0 0 0 0 1.785175261e-85 0 0 1.594279934e-106 0 0 0.02360835779 0 0 9.072039401e-19 4.219556996e-105 0 0 4187.768464 89.3740554 1.508379802e-09 0 0 6647.236446 17111.77503 0 16469.29528 0 10.04555139 28.93364799 3.51758788e-100 15828.79878 0.0154007199 16491.97788 16835.37293 2.311875985e-20 0.004800175717 0.1536320837 12707.59604 0 2.412383661 3.120463984e-26 14836.75183 4369.047741 1606.885623 0 0 16369.4968 0 0 1.850698431e-152 0 0.0568854195 5987.745047 0.003552387874 0 1.259186781e-30 1.700921107e-22 148.3862753 1.163314386e-162 0 0 4.13859958e-11 0 0 0 0 0 0 0 0 0 0 0 
0 0 0 0 0 0 3.713373653e-149 0 0 0 0 0 0 0 0 0 0 0.01180410465 0 9690.741809 6.280430562e-08 4.219556996e-105 4.075142839e-14 353.2507338 4187.768464 89.3740554 3052.617486 0 0.07104339213 5.78053056e-21 3.013055242e-125 12780.54284 15021.1336 0 10.04555139 81.08332478 4.591600574e-24 4.951196412 44801.08502 16877.24192 13952.47569 17437.21811 0 0.01230957032 12707.66479 0 4.82374449 1.203201045e-14 16427.82288 0 1606.885623 0.1639382929 0 15260.72195 0 0 1.850698431e-152 1.538899132e-21 0.0568854195 5987.745047 0.003552387874 0 2.518373561e-31 0 74.19313766 2.326628771e-162 0 0 0 0 0 0 0 3.218588353e-98 0 0 0 0 0 0 
0 0 0 0 2.126007831e-180 1.714636483e-101 3.713373653e-149 0 0 0 0 1.785175261e-85 0 0 0 2.378461352e-110 0 0.01180440163 0 0 0 5318.615991 0 0 4187.768464 178.7481108 3052.617486 0 0 7.559483461e-08 1.153499465e-13 0 0 0 20.09110277 1.370770236e-11 3.51758788e-100 9.380549852e-06 26.60256921 43772.42804 13952.51951 0 0.004800175717 7.343397993e-08 13756.87973 0 7.235107158 7.732517419e-159 0 2912.698494 0 0 0 7.823137935e-22 0 0 0 1.538899132e-21 7174.015889 0 0.003552387874 5950.818884 2.866221957e-50 0 0 2.326628771e-162 0 0 4.13859958e-11 0 0 0 0 1.609294177e-98 0 0 0 0 0 0 
0 0 0 0 2.126007831e-180 0 3.08959565e-100 0 0 0 0 0 0 0 1.594279934e-106 4.756922703e-110 0 0.01180440163 0 5.367832278 9.072039401e-19 4.219556996e-105 0 0 6.901335705e-90 0 3052.617486 0 0.07104339213 7.560002198e-08 3.013055236e-125 38341.62853 0 0 3.386688222e-24 28.93364799 15826.32318 0.3630508884 1.744786172e-100 4.892754802e-06 0.04382705205 2.311875985e-20 0 0.133255092 12707.59604 0 49972.2309 3.120463984e-26 16427.82288 1456.349247 1606.885623 0.1639382929 0 0 0 3.147978599e-09 1.850698431e-152 3.077798265e-21 0.0568854195 5987.745047 0.003552387874 52.08826511 2.518373561e-31 0 0 0 0 0 0 0 0 0 0 0 0 0 0 0 0 0 
0 0 0 0 4.252015662e-180 0 3.08959565e-100 0 0 0 0 1.785175261e-85 0 0 0 4.756922703e-110 0 1.484889761e-07 0 19376.11579 3.140215281e-08 0 3.276131166e-43 0 0 0 3052.617486 0 1808.810206 8.609049656e-05 2.976762627e-134 25561.08569 0 0 3.386688222e-24 28.93364799 15826.32318 2.65711896 0.000209581988 16491.97787 16835.3291 0 0 0.1209455951 0.06875556498 2.613094647e-34 2.411362668 0.06399350413 4.705680761e-199 1.877518768e-27 4.451104207e-29 0.3278765857 0 0 1.535962526e-29 3.147978599e-09 9.968749138e-16 0 0 0 0 5898.730619 11400.69623 0 148.3862753 0 0 0 0 0 0 0 0 0 0 0 0 0 0 0 
0 0 0 0 2.126007831e-180 0 3.713373653e-149 0 0 0 0 1.785175261e-85 0 0 0 2.378461352e-110 0 1.484889761e-07 0 0 9.072039401e-19 0 0 7354.954573 7.668252398e-08 0 0 0 0.07104339213 6647.236403 3.013055236e-125 0 0 0 3.386688222e-24 1.370770236e-11 28.93364799 2.475602895 15224.51443 1.802849096e-40 16877.2419 17437.21811 0 0.01230957032 0.06875556498 2.613094647e-34 16656.60617 1.337209021 0 0 0 0 0 6.766825753e-17 3.484686889e-39 0 1.850698431e-152 0 0.0568854195 0 0.007104775749 5.06791605e-48 0 1.700921107e-22 0 0 0 0 8.27719916e-11 0 0 0 0 1.609294177e-98 0 0 0 0 0 0 
0 0 0 0 0 0 0 0 0 0 0 0 0 0 0 0 0 8.321942316e-136 0 0 1.81440788e-18 4.219556996e-105 2.03757142e-14 14709.90915 3.458606764e-08 0 1.915454917e-05 0 1808.952292 8.601489913e-05 3.013055236e-125 2.034792631e-99 0 0 30.13665416 40.54166239 15826.32318 1.264553468e-09 17171.61879 3.261817503e-06 27905.08286 4.623751969e-20 0 7.343397993e-08 7.550743749e-12 0 6.062494317e-42 2.406850708e-14 0 1.877518768e-27 0.1639382929 0 0 7.823137935e-22 6.969373778e-39 9.443935797e-09 1.850698431e-152 0 0 0 0.003552387874 0 2.518373561e-31 0 74.19313766 0 0 0 0 0 0 0 0 0 0 0 0 0 0 0 
0 0 0 0 2.126007831e-180 0 0 0 0 0 6.321893532e-167 0 0 0 0 4.756922703e-110 0 8.321942316e-136 0 0 6.280430562e-08 0 0.2994530574 0 0 0 0 0 3617.620411 4.308304959e-05 0 1.153499465e-13 0 0 10.04555139 1.370770236e-11 28.93364799 2.657118959 26.60256921 8.564514512e-11 0.04382705205 16277.67539 0 0.1209455217 0 5.226189295e-34 0 0.1919805124 0 1456.349247 0 0 0 6.766825753e-17 1.535962526e-29 0 0 0 4.59983701e-20 0 0.003552387874 2.533958025e-48 2.518373561e-31 74.19313766 0 0 0 0 0 0 0 0 0 0 0 0 0 0 0 0 
0 0 0 0 2.126007831e-180 0 0 0 0 0 0 1.785175261e-85 0 0 0 0 0 1.664388463e-135 0 0 9.072039401e-19 4.219556996e-105 3.276131166e-43 0 8.419291269e-08 0 4.789768578e-06 0 0 2.593682194e-12 0 5.848851848e-30 2.00201212e-84 0 4.967396937e-137 1.183762726e-91 15826.32318 0.000168541181 0.0006287472285 3.603740559e-05 0 0 0 0.1209455951 1.51014875e-11 0 0 1.614405517e-39 0 1.877518768e-27 1606.885623 0 0 1.353365151e-16 3.071925054e-29 6.295957198e-09 2.990624741e-15 0 4.59983701e-20 0 0 2.533958025e-48 2.866221957e-50 0 0 0 0 0 4.13859958e-11 0 0 0 0 0 0 0 0 0 0 0 
0 0 0 0 0 0 7.426747307e-149 3.08959565e-100 0 0 0 1.785175261e-85 0 0 0 0 0 8.321942316e-136 0 0 9.072039401e-19 0 0 0 0 0 9.576520397e-06 0 0 5.187364388e-12 3.013055236e-125 0 0 0 9.934793875e-137 1.370770236e-11 57.86729597 9.379285298e-06 1.264553468e-09 1.201245901e-05 0 0 0 7.343397993e-08 0 2.613094647e-34 6.062494317e-42 0.06399350413 0 0 8.902208414e-29 0 0 0 0 3.147978599e-09 9.968749138e-16 0 0.0568854195 0 0 0 3.584190803e-99 0 0 0 0 0 0 0 0 0 0 0 0 0 0 0 0 0 
0 0 0 0 0 0 7.426747307e-149 0 0 0 6.321893532e-167 0 0 0 0 0 0 1.484889761e-07 0 0 3.140215281e-08 0 0 0 8.419291269e-08 0 1.508379802e-09 0 5426.430617 8.601489913e-05 0 2.30699893e-13 12780.54284 0 3.386688222e-24 1.370770236e-11 0 1.530533525e-24 0.0006287459639 1.201245901e-05 5.054947327e-11 0 0 9.535472339e-39 7.550743749e-12 3.513462671e-45 16656.60617 1.20409828e-14 0 1.877518768e-27 0 0 0 6.766825753e-17 0 0 1.850698431e-152 0 0.113770839 0 0 0 2.866221957e-50 0 0 0 0 0 0 0 0 0 0 0 0 0 0 0 0 0 
0 0 0 0 0 0 3.713373653e-149 0 0 0 6.321893532e-167 1.785175261e-85 0 0 0 0 0 8.321942316e-136 0 0 9.420645843e-08 0 353.2507338 0 4187.768464 0 3.016759603e-09 0 0 2.593682194e-12 0 5.848851848e-30 0 0 4.954060169e-89 1.183762726e-91 0 0.1815254436 5.048072797e-42 5.709676341e-11 1.081655077e-41 4.623751969e-20 0 0.01230957032 1.51014875e-11 0 2.413400977 2.406402091e-14 0 0 0 0 0 6.766825753e-17 0 0 9.968749138e-16 0 4.59983701e-20 0 0 2.533958025e-48 2.866221957e-50 0 0 0 0 0 4.13859958e-11 0 0 0 0 0 0 0 0 0 0 0 
0 0 0 0 0 0 0 3.08959565e-100 0 0 6.321893532e-167 1.785175261e-85 0 0 0 0 0 0 0 0 0 0 0.2994530574 0 4.209645634e-08 0 4.791276958e-06 0 1.941902378e-33 6647.236403 0 1.153499465e-13 0 0 4.954060169e-89 1.183762726e-91 28.93364799 2.475593516 2.524036399e-42 0 27904.9952 0 0 0 1.51014875e-11 5.226189295e-34 0.00101915438 0 0 0 1606.885623 0 0 6.766825753e-17 3.071925052e-29 3.147978599e-09 9.968749138e-16 0 4.59983701e-20 0 0 0 3.584190803e-99 0 0 0 0 0 0 0 0 0 0 0 0 0 0 0 0 0 
0 0 0 0 2.126007831e-180 0 0 3.08959565e-100 0 0 6.321893532e-167 0 0 0 0 0 0 1.484889761e-07 0 0 0 0 3.276131166e-43 0 4187.768464 0 0 0 1808.881249 6647.236489 0 1.153499465e-13 0 0 9.908120338e-89 0 0 0.1815254436 2.524036399e-42 0 0 2.311875985e-20 0 0 1.823630418e-39 7.550743749e-12 0.00101915438 4.486173008e-18 0 0 4.451104207e-29 0 0 0 3.484686889e-39 3.071925052e-29 9.968749138e-16 0 0 0 0 0 0 0 0 0 0 0 0 0 0 0 0 0 0 0 0 0 0 0 
0 0 0 0 0 0 0 3.08959565e-100 0 0 6.321893532e-167 0 0 0 1.594279934e-106 0 0 0 0 0 0 0 0 0 0 0 0 1.508379802e-09 1.941902378e-33 7.559483461e-08 0 1.153499465e-13 0 0 0 0 28.93364799 0.1815254436 0 2.402491803e-05 0 5.054947327e-11 0 9.535472339e-39 0 3.513462671e-45 16656.60617 1.203201045e-14 0 0 4.451104207e-29 0 0 0 0 1.535962526e-29 0 0 0 0 0.003552387874 0 0 0 0 0 0 0 0 0 0 0 0 0 0 0 0 0 0 0 
0 0 0 0 0 0 0 0 0 0 1.264378706e-166 0 0 0 3.188559867e-106 0 0 0 0 0 0 0 0.2994530574 0 0 0 0 0 0 7.559483461e-08 0 1.153499465e-13 0 0 4.954060169e-89 0 0 0 0 1.536037353e-40 0 0 0 0 0 0 0 1.203649663e-14 0 0 0 0 0 6.766825753e-17 0 0 0 0 0.0568854195 0 0 0 2.866221957e-50 0 0 0 0 0 0 0 0 0 0 0 0 0 0 0 0 0 
0 0 0 0 0 0 0 0 0 0 0 0 0 0 0 0 0 0 0 0 3.693935867e-38 0 0 0 6.901335705e-90 0 0 0 0 0 0 5.848851848e-30 0 0 4.967396937e-137 0 0 1.160689589e-36 0 2.854838171e-11 0 0 0 0 1.823630418e-39 3.513462671e-45 0.00101915438 4.486173008e-18 0 0 1606.885623 0 0 0 0 1.535962526e-29 1.850698431e-152 0 0 0 0 0 0 0 0 0 0 0 0 0 0 0 0 0 0 0 0 0 0 0 
0 0 0 0 0 0 0 0 0 0 0 0 0 0 4.782839801e-106 0 0 0 0 0 1.846967934e-38 0 3.276131166e-43 0 0 0 0 0 1.941902378e-33 0 0 1.153499465e-13 0 0 0 0 0 0 0.000209581988 0 0 0 0 0 0 2.613094648e-34 0 4.486173008e-18 0 0 0 0 0 0 0 0 1.993749828e-15 0 0 0 0 0 0 0 0 0 0 0 0 0 0 0 0 0 0 0 0 0 0 0 
0 0 0 0 0 0 3.713373653e-149 0 0 6.321893532e-167 0 0 0 0 0 0 0 8.321942316e-136 0 0 1.846967934e-38 0 0 0 0 0 0 0 0 0 0 5.848851848e-30 0 0 0 0 28.93364799 0 2.524036399e-42 0 0 0 0 0 0 2.613094647e-34 0 3.023043851e-40 0 0 0 0 6.766825753e-17 0 0 0 0 0 0 0 0 0 0 0 0 0 0 0 0 0 0 0 0 0 0 0 0 0 0 0 
0 0 0 0 0 0 0 0 0 0 0 0 0 0 1.594279934e-106 0 0 0 0 0 0 0 0 0 0 0 0 0 0 0 0 0 0 0 0 0 0 0 0 0 0 0 0 0 0 3.513462671e-45 0 4.486173008e-18 0 0 0 0 0 0 0 3.147978599e-09 0 0 0 0 0 0 0 0 0 0 0 0 0 0 0 0 0 0 0 0 0 0 0 0 
0 0 0 0 0 0 0 0 0 0 0 0 0 0 0 0 0 0 0 0 1.846967934e-38 0 0 0 0 0 0 0 3.883804756e-33 0 0 0 0 0 0 0 0 1.160689589e-36 0 0 0 0 0 9.535472339e-39 0 2.613094647e-34 0 4.486173008e-18 0 0 0 0 0 0 0 0 0 0 0 0 0 0 0 0 0 0 0 0 0 0 0 0 0 0 0 0 0 0 0 0 
0 0 0 0 0 0 0 0 0 0 0 0 0 0 0 0 0 0 0 0 0 0 0 0 0 0 0 0 3.883804756e-33 7.559483461e-08 0 5.848851848e-30 0 0 4.954060169e-89 0 0 0 0 0 0 2.311875985e-20 0 0 0 0 0 0 0 0 0 0 0 0 0 0 0 0 0 0 0 0 0 0 0 0 0 0 0 0 0 0 0 0 0 0 0 0 0 0 
0 0 0 0 0 0 0 0 0 0 0 0 0 0 0 0 0 0 0 0 1.846967934e-38 0 0 0 0 0 0 0 0 0 0 0 0 0 9.908120338e-89 0 0 0 0 0 0 0 0 0 0 3.513462671e-45 0 0 0 0 0 0 6.766825753e-17 0 0 0 0 0 0 0 0 0 0 0 0 0 0 0 0 0 0 0 0 0 0 0 0 0 0 0 
0 0 0 0 0 0 0 0 0 0 0 0 0 0 0 0 0 0 0 0 0 0 0.2994530574 0 0 0 0 0 0 0 0 0 0 0 0 0 0 0 0 0 0 0 0 0 0 3.513462671e-45 0 0 0 0 0 0 0 0 0 0 0 0 0 0 0 0 0 0 0 0 0 0 0 0 0 0 0 0 0 0 0 0 0 0 
0 0 0 0 0 0 0 0 0 0 0 0 0 0 0 0 0 0 0 0 0 0 0 0 0 0 0 0 0 0 0 0 0 0 0 0 0 0 0 0 0 0 0 0 0 0 0 0 0 0 0 0 0 0 0 0 0 0 0 0 0 0 0 0 0 0 0 0 0 0 0 0 0 0 0 0 0 0 0 0 
0 0 0 0 0 0 0 0 0 0 0 0 0 0 0 0 0 0 0 0 0 0 0 0 0 0 0 0 0 0 0 0 0 0 0 0 0 0 0 0 0 0 0 0 0 0 0 0 0 0 0 0 0 0 0 0 0 0 0 0 0 0 0 0 0 0 0 0 0 0 0 0 0 0 0 0 0 0 0 0 
0 0 0 0 0 0 0 0 0 0 0 0 0 0 0 0 0 0 0 0 0 0 0 0 0 0 0 0 0 0 0 0 0 0 0 0 0 0 0 0 0 0 0 0 0 0 0 0 0 0 0 0 0 0 0 0 0 0 0 0 0 0 0 0 0 0 0 0 0 0 0 0 0 0 0 0 0 0 0 0 
# Errors [PSD_sample/PSD_sample.dat] I_err:
0 0 0 0 0 0 0 0 0 0 0 0 0 0 0 0 0 0 0 0 0 0 0 0 0 0 0 0 0 0 0 0 0 0 0 0 0 0 0 0 0 0 0 0 0 0 0 0 0 0 0 0 0 0 0 0 0 0 0 0 0 0 0 0 0 0 0 0 0 0 0 0 0 0 0 0 0 0 0 0 
0 0 0 0 0 0 0 0 0 0 0 0 0 0 0 0 0 0 0 0 0 0 0 0 0 0 0 0 0 0 0 0 0 0 0 0 0 0 0 0 0 0 0 0 0 0 0 0 0 0 0 0 0 0 0 0 0 0 0 0 0 0 0 0 0 0 0 0 0 0 0 0 0 0 0 0 0 0 0 0 
0 0 0 0 0 0 0 0 0 0 0 0 0 0 0 0 0 0 0 0 0 0 0 0 0 0 0 0 0 0 0 0 0 0 0 0 0 0 0 0 0 0 0 0 0 0 0 0 0 0 0 0 0 0 0 0 0 0 0 0 0 0 0 0 0 0 0 0 0 0 0 0 0 0 0 0 0 0 0 0 
0 0 0 0 0 0 0 0 0 0 0 0 0 0 0 0 0 0 0 0 0 0 0 0 0 0 0 0 0 0 0 0 0 0 0 0 0 0 0 7.598683882e-38 0 0 0 0 0 0 0 0 0 0 0 0 1.287936588e-37 0 0 0 0 0 0 0 0 0 0 0 0 0 0 0 0 0 0 0 0 0 0 0 0 0 0 0 
0 0 0 0 0 0 0 0 0 0 0 0 0 0 0 0 0 0 0 0 0 0 0 0 0 0 0 0 0 0 0 1.978333937e-44 0 0 0 0 0 1.352499735e-12 0 0 0 0 0 0 0 0 0 0 0 4.987466428e-52 0 2.524416313e-21 0 0 0 0 0 0 0 0 0 0 0 6.846763095e-26 0 0 0 0 0 0 0 0 0 0 0 0 0 0 0 0 
0 0 0 0 0 0 0 0 0 0 1.718798816e-114 0 0 0 0 0 0 0 0 0 4.251502423e-67 0 0 0 0 0 0 0 0 0 3.011321897e-23 0 0 0 0 0 0 0 0 0 0 0 0 0 0 0 0 0 0 7.053342665e-52 0 0 0 0 0 0 0 0 0 0 0 0 0 0 0 0 0 0 0 0 0 0 0 0 0 0 0 0 0 0 
0 0 0 0 0 0 0 0 0 0 0 0 0 0 0 0 0 0 0 0 0 9.29935906e-43 0 0 0 0 0 0 0 0 0 0 0 5.496863783e-16 0.952699802 0 2.995226322e-23 0 0 0 0 3.282073792e-41 0 0 0 0 0 0 0 4.987466428e-52 0 0 0 0 0 0 0 1.775555233e-107 0 0 0 0 0 0 0 0 0 0 0 0 0 0 0 0 0 0 0 0 0 0 
0 0 0 0 0 0 0 0 0 0 0 0 0 0 0 0 0 0 0 0 4.251502423e-67 5.144530461e-24 0 0 0 0 0 0 0 0 0 1.978333937e-44 0 0 0 0 0 3.967496327e-07 0 7.598683882e-38 0 0 0 0 0 5.837744877e-33 0 0 0 0 0 0 0 0 0 0 0 0 0 0 0 0 0 0 0 0 0 0 7.591870569e-26 0 0 0 0 0 0 0 0 0 0 0 
0 0 0 0 2.098849337e-111 0 0 0 0 0 0 4.435181732e-15 0 0 0 0 0 0 0 0 0 0 2.951200214e-43 0 0 0 0 0 0 0 0 0 0 0 0 0 0 0 0 0 0 0 0 0 0 5.837744877e-33 8.405743344e-22 0 0 0 6.881120358e-15 2.440143581e-51 1.287936588e-37 0 0 0 0 1.775555233e-107 0 0 0 0 0 6.846763095e-26 0 0 0 0 7.591870569e-26 0 0 0 0 0 0 0 0 0 0 0 
0 0 0 0 2.098849337e-111 0 0 0 0 0 0 0 0 0 0 0 0 0 0 0 0 3.36788575e-24 2.951200214e-43 0 0 0 0 0 0 0 0 0 0 5.496863783e-16 0 0 0 0 0 0 0 4.019703045e-41 0 0 0 0 5.943758119e-22 0 0 4.987466428e-52 0 2.385205765e-12 0 0 0 0 6.897266076e-23 0 0 0 0 0 0 6.846763095e-26 2.065694709e-103 0 0 7.591870569e-26 0 0 0 0 0 0 0 0 0 0 0 0 
0 0 0 0 0 0 0 0 0 0 1.718798816e-114 4.435181732e-15 0 0 0 0 0 0 0 0 4.251502423e-67 4.1248008e-24 1.752526366e-11 0 0 0 2.300542994e-36 0 0 0 1.571717249e-26 2.797786685e-44 0 0 0 7.901898581e-28 0 3.967496327e-07 1.352499735e-12 3.089939129e-24 0 3.282073792e-41 0 0 0 5.837744877e-33 8.405743344e-22 0 0 3.039124414e-22 0 139.1015049 2.972774208e-36 0 0 7.964276852e-23 0 0 0 2.547297377e-25 0 0 0 0 1.460666737e-103 0 0 0 0 0 0 0 0 0 0 0 0 0 0 0 
0 0 0 0 0 0 0 0 0 1.638317333e-118 0 0 0 0 0 0 0 0 0 0 0 6.575639852e-43 1.652297703e-11 0 0 0 0 0 0 0 0 0 0 0 0.952699802 0 0 3.967496327e-07 0 2.605622006e-13 0 3.789812375e-41 0 0 0 0 0 0 0 0 0 0 1.287936588e-37 0 0 6.897266076e-23 0 0 0 0 0 0 0 0 0 0 0 0 0 0 0 0 0 0 0 0 0 0 0 0 
0 0 0 0 0 0 0 0 0 0 0 0 2.129396219e-47 0 0 0 0 0 0 0 0 3.742762017e-41 4.173627368e-43 2.142338822e-30 0 0 2.300542994e-36 0 0 0 3.011321897e-23 1.978333937e-44 0 9.909612112e-16 0 0 2.995226322e-23 4.859170779e-07 1.352499735e-12 6.464270904e-07 4.493032938e-142 3.282073792e-41 0 0 0 0 0 0 2.19802266e-153 4.987466428e-52 0 3.450884146e-51 1.287936588e-37 0 0 6.897266076e-23 0 0 0 2.547297377e-25 0 0 0 0 1.460666737e-103 0 0 0 0 0 0 0 0 0 0 0 0 0 0 0 
0 0 0 0 0 0 0 0 0 1.158465296e-118 0 0 0 0 0 0 0 0 0 0 7.363818206e-67 6.575639852e-43 1.430931786e-11 0 0 3.169706131e-63 3.253459103e-36 0 0 0 4074.821392 1.978333937e-44 0 0 0 0 0 3.967496327e-07 1.352499735e-12 6.094573598e-07 0 9.207298186e-25 0 0 0 0 9.183010704e-13 0 5.932956728e-20 4.987466428e-52 6.881120358e-15 2.440143581e-51 3.828466894e-21 0 0 0 5.182406232e-55 1.775555233e-107 0 0 0 0 0 6.846763095e-26 1.460666737e-103 0 0 7.591870569e-26 0 0 0 0 2.092654008e-207 0 0 0 0 0 0 0 
0 0 0 0 2.968221197e-111 0 0 0 0 0 0 0 2.129396219e-47 0 0 0 0 0 0 0 4.691494662e-12 5.10765163e-24 1.752526366e-11 2.142338822e-30 0 0 0 0.000806262699 0 0 2.459257492e-23 1.978333937e-44 0 5.496863783e-16 1.854149769 7.901898581e-28 2.995226322e-23 2.768315955e-30 0 2.421385647e-12 0 3.282073792e-41 0 0 0 5.837744877e-33 0 15723.90827 0 0 0 2.440143581e-51 2.82238324e-21 0 0 1.194641528e-22 5.182406232e-55 0 0 2.547297377e-25 0 0 0 6.846763095e-26 0 0 0 0 0 6.581844231e-71 0 6.444248981e-18 2.092654008e-207 0 0 0 0 0 0 0 
0 0 0 0 2.968221197e-111 0 0 0 0 0 4.435181732e-15 0 2.129396219e-47 0 0 0 0 0 0 0 4.196200392e-12 3.36788575e-24 5.13744614e-121 0 0 0 0 0 0 4.149861464e-10 2.459257492e-23 1.978333937e-44 0 0 0 7.901898581e-28 5.18788417e-23 0 2.438253572e-12 0 5.017900527e-23 3.282073792e-41 0 0 0 8.255817978e-33 9.183010704e-13 0 4.844238883e-20 1.224259424e-06 6.881120358e-15 160.6205826 4.517081327e-36 0 0 0 292.4403885 0 0 1.632484643e-33 0 0 0 0 0 0 0 7.591870569e-26 0 0 0 0 0 0 0 0 0 0 0 0 
0 0 0 0 0 0 0 0 0 1.158465296e-118 2.430748596e-114 0 0 0 0 0 0 0 0 0 4.251502423e-67 0 2.951200214e-43 0 0 0 2.300542994e-36 108.2300803 0 0.5033840153 1.571717249e-26 1.978333937e-44 0 8.396598123e-16 6.03069119e-07 0 0 1.957494984e-30 0 2.568267317e-12 2.594053776e-142 4.64155327e-41 0 0 0 0 1.06036274e-12 0 0 5995.215365 6.881120358e-15 0 0 0 0 4.217388498e-48 0 0 0 2.547297377e-25 0 0 0 0 2.065694709e-103 0 0 7.591870569e-26 0 0 0 0 0 0 0 0 0 0 0 0 
0 0 0 0 6.613842423e-91 0 0 0 0 1.158465296e-118 0 0 2.129396219e-47 0 0 0 0 0 0 0 0 2.459120422e-41 1.652297703e-11 0 0 0 0 0 0 4.149861464e-10 1.571717249e-26 2.797786685e-44 0 6.561138867e-36 1.783734688 0 4.235889687e-23 0 0.0002532960884 2.763679484e-13 0 0 0 0 0 0 1.124684526e-12 0 4169.244135 0 0 2.440143581e-51 0 0 0 4.217388498e-48 1.775555233e-107 0 0 0 1.069417289e-137 0 6.846763095e-26 0 3.456790673e-05 0 0 7.591870569e-26 0 1.007589423e-61 0 0 0 0 0 0 0 0 0 0 
0 0 0 0 7.637007407e-91 0 0 0 2.335691591e-06 1.638317333e-118 4.435181732e-15 0 0 0 0 0 0 0 0 7.268032278e-12 1.805895225e-55 0 2.579648962e-11 0 0 19758.06161 2.300542994e-36 2186.351402 0 0 1.571717249e-26 1.978333937e-44 0 0.952699802 1.544759554 7.901898581e-28 4.859170779e-07 2.768315955e-30 1.727874969e-46 5.78181943e-07 0 3.282073792e-41 0 0 0 0 13617.30401 0 3.039124414e-22 1.223846298e-06 0 196.7192347 4.550956229e-21 0 0 0 5.182406232e-55 0 0.3551841629 1.154340961e-33 0 0 6.846763095e-26 0 0 0 0 7.591870569e-26 0 8.22693319e-62 0 0 0 0 0 0 0 0 0 0 
0 0 0 0 1.080035945e-90 0 0 0 0 1.158465296e-118 5.43196608e-15 0 2.129396219e-47 0 0 0 0 9.631895427e-23 0 0 0 14904.35535 1.701572328e-157 2.142338822e-30 8.206997717e-09 0 3.253459103e-36 12824.65074 3.048662345e-13 0 4322.000757 1.978333937e-44 5.496863783e-16 199.9922329 1.410166089 1.117497214e-27 3.967496327e-07 108.6921121 1.727874969e-46 6.094573924e-07 4.097098624e-23 0.1230634444 0 0 0 5.837744877e-33 12838.51734 0 1.226350888e-07 6.551502406e-24 1.191845007e-14 18556.56503 3617.831582 0 0 4.217388498e-48 292.4403885 0 0.2511531301 2.941365658e-25 8.731755602e-138 0 0 0 2.065694709e-103 0 0 0 8.22693319e-62 0 0 0 0 0 0 0 0 0 0 0 
0 0 0 0 0 0 0 0 0 4.359254619e-97 6.272294158e-15 0 2.129396219e-47 0 0 0 0 0 0 0 0 9590.697487 0 10517.16933 0 5.490092064e-63 0 2014.700381 0 4.149861464e-10 3.477915298e-23 0 1.978333937e-44 1.455272986 1.456413187 16681.3153 3.967496327e-07 133.1201069 1.912723468e-12 5.901044264e-07 3.191222188e-13 9.207298186e-25 0 0 16588.17965 0 10756.98278 46.96435477 5106.260372 7423.745539 0 2.440143581e-51 2.524416313e-21 0 0 8.447391253e-23 2.511014292e-107 0 0.3551841629 1.154340961e-33 1.23485672e-137 0 6.846763095e-26 0 0 0 0 7.591870569e-26 0 0 1.401166795e-49 6.444248981e-18 0 0 0 0 0 0 0 0 
0 0 0 0 2.098849337e-111 0 0 0 0 3.559316492e-97 5.43196608e-15 0 2.129396219e-47 0 0 0 0 0 0 4.196200392e-12 0 9521.946081 0 3.029724617e-30 8972.701588 14169.2403 0 2732.145897 3.048662345e-13 430.5163074 4322.000757 0 1.978333937e-44 1.502203438e-117 8.528685271e-07 1.827439766e-23 3.967496327e-07 1.957494984e-30 1.352499735e-12 5.278055843e-07 2.763679484e-13 1.302108597e-24 216.2482823 0 16588.17965 101.4422631 11118.48216 7830.724337 1.300741543e-07 1.117515881e-06 0 3126.309151 4.204137602e-36 0 0 6.897266076e-23 364.7372465 0 0 1.297216067e-13 3.559365542e-165 0 6.846763095e-26 0 3.456790673e-05 0 0 7.591870569e-26 1.163464049e-61 0 1.401166795e-49 0 2.092654008e-207 0 0 0 0 0 0 0 
0 0 0 0 5.400179726e-91 0 0 0 0 0 1.718798816e-114 0 0 0 0 0 0 0 0 5.934323505e-12 0 21277.67253 5.13744614e-121 923.9318676 60.96681835 0 2.300542994e-36 76.5302237 3.048662345e-13 445.6367859 2.459257492e-23 0 6.732255727e-16 0 2.282892116 7.901898581e-28 0 0 0 6.09456787e-07 4.097098624e-23 0.1230634444 2.727659032e-10 0 16588.17965 21101.36177 2.813538937e-38 46.96435477 4503.298358 7317.713758 139.1015049 18225.83109 2.524416313e-21 0 0 7.964276852e-23 17315.86726 0 0 1.160265323e-13 3.559365542e-165 2.16799337e-82 6.846763095e-26 0 4.888640252e-05 0 0 0 8.22693319e-62 0 0 9.113544308e-18 2.092654008e-207 0 0 0 0 0 0 0 
0 0 0 0 5.400179726e-91 0 0 0 0 1.158465296e-118 7.153467551e-69 0 2.129396219e-47 0 0 0 0 9.631895427e-23 0 4.196200392e-12 0 7689.665163 1.752526366e-11 1131.580816 8.206997717e-09 15841.69225 0 0.000806262699 3.048662345e-13 0 3.011321897e-23 0 1.978333937e-44 223.5981139 6.03069119e-07 19261.92376 4.859170779e-07 133.1201069 0.0002068153901 6.464271825e-07 4.097098624e-23 9.207298186e-25 0 20694.8529 4.863048533e-61 0 3.978944923e-38 7830.724337 4661.356651 7280.527443 0 3.373190341e-12 0 0 0.1312818816 7465.80164 238.7765773 0.01147210086 0.2511531301 0 1.586202176e-137 1.533002813e-82 0 0 3.456790673e-05 0 0 0 0 6.581844231e-71 1.401166795e-49 6.444248981e-18 0 0 0 0 0 0 0 0 
0 0 0 0 2.098849337e-111 0 0 0 0 0 5.43196608e-15 0 0 0 0 0 0 0 0 4.196200392e-12 0.09756136445 7689.665163 2.623818485e-30 0 39.91215143 18292.41057 2.300542994e-36 18136.79501 3.048662345e-13 398.6229011 3528.898841 0 0 13302.41998 6.03069119e-07 7.901898581e-28 0 108.6921121 0 2.568267317e-12 0 0 3.857492397e-10 13547.96142 18546.11189 87.85157684 1.124684526e-12 8448.068364 4.642339224e-22 183.5300026 212.4810584 2.921268527e-12 3410.924326 0 0.1312818816 0 10831.36618 0 0 1.339758993e-13 3.559365542e-165 0 0 0 40.4639643 0 0 0 0 0 0 6.444248981e-18 0 0 0 4.93887361e-143 0 0 0 0 
0 0 0 0 6.613842423e-91 0 0 0 2.335691591e-06 0 1.718798816e-114 0 2.129396219e-47 0 0 0 0 0 0 0 0 21960.54352 2.623818485e-30 923.9318676 39.91215143 3.661738141e-19 0 0 3.048662345e-13 430.5163074 4990.616601 0 0 199.9922329 1.407239544 25481.13003 12369.17794 133.1201069 20126.79994 2.096981483e-12 2.25653485e-13 0 305.8212537 0 0.0190289453 17229.65156 11118.48216 6380.591109 1.91463971e-07 1.154097178e-06 6.881120358e-15 12148.12341 5.722792105e-110 0 0.09283030869 5.964288012e-48 1.775555233e-107 0 0 1.160265323e-13 3.559365542e-165 1.533002813e-82 0 0 0 0 0 0.1084054584 0 1.140008862e-70 0 9.113544308e-18 2.092654008e-207 0 0 4.93887361e-143 0 0 0 0 
0 0 0 0 0 0 0 0 2.335691591e-06 5.033633656e-97 2.430748596e-114 0 0 0 0 0 0 9.631895427e-23 0 0 2.553921519e-55 6278.585314 7.265446007e-121 923.9318676 39.91215143 10211.86526 0 2215.807786 0 0 3528.898841 0 1.978333937e-44 8.035721178e-36 0.07631196782 2.238115224e-23 0 133.1201069 2.047964147e-44 8.062358899e-07 2.594053776e-142 9.207298186e-25 264.8489747 13993.87384 25157.18641 124.2408914 15445.63028 5537.158281 5.920653556e-20 15234.84244 8646.39632 2.385205765e-12 5.722792105e-110 0.3554405823 0.1312818816 0 13171.06619 0 0.2511531301 1.772334556e-13 0 1.533002813e-82 0 0 5.987337077e-05 0 0 0.1084054584 0 6.581844231e-71 0 0 0 0 0 4.93887361e-143 0 0 0 0 
0 0 0 0 0 0 0 0 2.335691591e-06 0 4.435181732e-15 0 2.129396219e-47 0 0 0 0 9.631895427e-23 0 0 0.1194877808 16663.57586 5.13744614e-121 1066.864625 39.91215143 15841.69225 0 9384.391908 0 4.149861464e-10 3528.898841 0 1.978333937e-44 1.502203438e-117 1.827439766e-23 16681.3153 11427.27435 0 0.0002068153901 6.209959517e-23 2.25653485e-13 0.1421014255 2.727659032e-10 0 19154.31115 0 11118.48216 46.96435477 4661.356493 7477.347286 6.881120358e-15 18548.04726 3617.831582 0 0.09283030869 4.217388498e-48 2.511014292e-107 0.01147210086 0 0 3.559365542e-165 8.731755602e-138 0 0 3.456790673e-05 0 0 0.1533084695 8.22693319e-62 6.581844231e-71 0 6.444248981e-18 0 0 0 4.93887361e-143 0 0 0 0 
4.55847953e-121 0 0 0 0 0 0 0 0 3.559316492e-97 7.153467551e-69 0 0 0 5.046213249e-43 0 0 9.631895427e-23 8282.481997 0 1.805895225e-55 0 2.623818485e-30 10517.16933 9812.91628 16697.61533 4.834640242e-64 15675.93097 3.048662345e-13 3011.519914 0 0 0 282.8317282 2.791460352e-23 213.8852536 0 0 0.0002388098423 2.096981483e-12 0 1.302108597e-24 264.8489747 19480.12275 20316.28123 35301.83495 13617.30401 46.96435477 0.002119770783 23245.78687 0 3142.322446 4512.228754 0 0.09283030869 9143.702269 10002.71272 18703.27177 0 0 0 2.16799337e-82 0 0 49.55803275 0 0 0 1.163464049e-61 0 1.401166795e-49 0 0 0 0 4.93887361e-143 0 0 0 0 
0 0 0 8.269680448e-58 0 0 0 0 0 3.559316492e-97 0 0 0 0 1.240034152e-86 0 0 9.631895427e-23 8282.481997 0 0.1126541601 1.793851426e-144 923.9318676 0 0 17006.59405 19898.11183 2215.807786 0 460.1453836 9.863348264e-164 0 0 305.4931819 25494.65983 16681.3153 19749.4455 125.5068404 0.04387416194 0 1.088905138e-08 0.1230634444 0 0 20316.09326 0 18082.62953 46.96435477 1.300741543e-07 5947.783176 139.1015049 2.385205765e-12 3617.831582 0 0 18546.60255 13171.06619 14995.97625 0.2511531301 12684.43284 0 1.877537333e-82 7.816929021e-20 0 40.4639643 0 0 0 0 6.581844231e-71 1.981549085e-49 0 0 0 0 0 0 0 0 0 
4.55847953e-121 0 0 0 0 0 0 0 3.303166726e-06 3.559316492e-97 1.011653083e-68 0 0 0 0 71.25117583 0 9.631895427e-23 8282.481997 0 0.09756136445 13605.75272 1411.32924 0 9255.638332 6.342316504e-19 0 15706.92522 3.048662345e-13 4553.245921 4074.821392 17057.3154 0 6.561138867e-36 1.540293822 19219.60354 17492.6592 133.1201069 24468.63582 4.097098624e-23 1.088905138e-08 13358.5294 264.8489747 25740.84737 0.5507069013 0 18721.37542 7830.724337 1.226350888e-07 17024.64392 0 5.722792105e-110 2953.947117 0.3554405823 0 0 15878.72101 12244.16716 0 0 0 1.533002813e-82 0 0.004207143977 40.4639643 0 0 0 0 6.581844231e-71 1.401166795e-49 6.444248981e-18 0 0 0 4.93887361e-143 0 0 0 0 
0 0 0 0 0 0 0 0 2.335691591e-06 3.559316492e-97 0 0 0 5.046213249e-43 1.753673115e-86 71.25117583 0 9.631895427e-23 0 0 1.805895225e-55 15710.56999 1066.864625 12880.8492 9812.91628 2.98025862e-12 0 14697.24494 0 3011.519914 2.459257492e-23 24240.61612 0 0 24968.9383 151.2397133 17492.6592 0 0.0003159157267 0 2.594053776e-142 0 264.8489747 27546.64783 19154.37998 29859.17108 2.813538937e-38 75.37624896 4169.244135 1.013317936e-09 7487.998864 14121.42883 0 0 0 7465.80164 18760.47653 12244.16716 0 12684.43284 0 0 1.105480704e-19 0 61.8097189 0 0 0.1533084695 0 0 1.401166795e-49 0 0 0 0 0 0 0 0 0 
4.55847953e-121 0 0 8.269680448e-58 0 0 0 0 2.335691591e-06 0 0 0 0 7.136423216e-43 0 7172.705108 0 0 0 0 0.1490274458 4.764758842e-15 1066.864625 0 8025.428277 0.4854989512 3.203528059e-41 19794.08345 0 398.6229011 0 1.414056514e-12 1.978333937e-44 21491.78466 18660.06617 0 12369.17794 0 0.04391817858 1.704902084e-61 0 11568.85658 305.8212537 13547.96142 0.674475453 19895.08318 26049.84412 0 5896.201601 18606.25554 9.996036338e-07 3142.322446 2953.947117 0.3554405823 0 2.419916788 14755.20547 14138.3431 0 17938.49695 0 0 0 0 40.4639643 0 0 0 8.22693319e-62 0 0 0 0 0 0 0 0 0 0 0 
0 0 0 0 0 0 0 0 0 0 7.153467551e-69 0 0 0 1.240034152e-86 10945.75877 0 0 0 0 0 4.764758842e-15 352.9423971 10517.16933 11587.18203 15841.69225 4.834640242e-64 12453.2483 20568.61765 4258.932306 0 0 0 0 0.07194784536 0 23322.41185 0 0.03512926055 16609.21767 1.088905138e-08 0.2131521382 5.801502067e-09 21904.93938 0 24386.66319 9315.820359 0 0.002596178395 17488.87332 17008.74021 19034.31178 2953.947117 17621.46125 0.09283030869 3.360492437e-10 15878.72101 0 0 18814.05433 1.08852249e-50 8.731755602e-138 7.816929021e-20 0 40.4639643 0 0 0.1084054584 0 0 1.401166795e-49 0 0 0 0 0 0 0 0 0 
0 0 0 8.269680448e-58 0 0 0 0 2.335691591e-06 3.559316492e-97 1.011653083e-68 1.882899653e-78 0 5.046213249e-43 1.240034152e-86 50.38218959 0 1.362155714e-22 0 1.424851695e-165 0.1379726048 16663.57586 1.701572328e-157 0 11349.66951 0.4204544252 4.910661593e-08 14808.63111 0 3555.526376 0 17223.2891 1448.161681 14506.70071 1.723591832 151.2397133 10890.66343 0.000168541181 2.047964147e-44 6.258421525e-23 0 0 4.820842656e-09 13993.87384 0.5841128766 24386.66319 9315.820359 58.39985415 0.003237980185 21991.16194 0 0 0 0.5026688922 0 0 0 0.01147210086 0.3551841629 0 1.08852249e-50 0 7.816929021e-20 0.00594980007 0 0 0 0 0 0 0 0 0 0 0 4.93887361e-143 0 0 0 0 
4.55847953e-121 0 0 1.169509425e-57 0 0 0 0 0 3.559316492e-97 0 0 0 0 0 7172.705108 0 0 8282.481997 626.6447337 0.1490274458 15739.83801 6.789750053e-54 14873.5235 12693.13874 4.21472216e-12 18164.40784 9984.81182 0 3011.519914 3528.898841 0 0 0 19271.93928 25473.00842 10890.66343 133.1201069 0 2.952977031e-61 0 0 0 21904.93938 14841.02639 17258.2745 9315.820359 98.84120071 1.062051023e-07 17439.36631 20948.6374 13986.55444 1.504276304e-31 0.3554405823 0 15320.68873 238.7765773 0.01147210086 0 0 1.08852249e-50 1.533002813e-82 1.105480704e-19 49.55631543 0 0 0 0.1084054584 0 0 0 0 0 0 0 6.984622042e-143 0 0 0 0 
0 0 0 8.269680448e-58 0 0 0 0 0 0 0 1.331411113e-78 0 5.046213249e-43 0 7172.705108 0 0 0 0 0 14461.52888 231.0550358 0 18049.80047 2.98025862e-12 3.460205778e-41 2089.083809 0 16806.10975 26097.11651 19887.7412 18397.05634 20089.40305 2.149696703 16681.3153 15259.94039 0 0.02875119682 16609.21767 1.088905138e-08 17649.75239 2.727659032e-10 12074.783 16848.58369 0 20749.69065 18170.7421 0 19755.74904 6113.925471 0 0 20048.31215 0 7465.80164 10831.36618 12244.16716 0 0 7224.440073 0 0 0.004207143977 0 0 0 0.1084054584 0 0 0 0 0 0 0 0 0 0 0 0 
4.55847953e-121 0 0 0 0 0 0 0 0 0 7.153467551e-69 1.882899653e-78 0 7.136423216e-43 1.753673115e-86 50.38218959 0 4212.780355 11713.19837 6.574225053 0 15264.02058 282.9834702 14873.5235 17235.16423 0.524398802 24817.30571 14808.63111 3.048662345e-13 3688.34357 24161.25693 19887.7412 2.034792631e-99 28220.72905 1.723591832 213.8852536 0 18967.94628 21347.68778 23680.01952 1.088905138e-08 16360.83388 0 13993.87384 13547.96142 19928.1341 24281.04133 58.39985415 0.003238003357 390.0459605 17008.74021 9339.175421 2953.947117 0 0 14870.57564 10002.71272 0 0 0 1.08852249e-50 0 7.816929021e-20 0.00594980007 0 0 0 0.1084054584 0 0 0 0 0 1.609294177e-98 0 0 0 0 0 0 
0 0 0 0 0 0 0 0 0 0 0 0 0 5.046213249e-43 0 0 0 4212.780355 8282.481997 3.548784372e-11 0 22468.02994 3094.584636 0 0 0 4.834640242e-64 12824.65074 0 3688.34357 26055.47967 1.414056514e-12 0 22524.25094 25127.7488 83.58299992 21580.81466 21800.43992 0.03319902245 13447.59307 0 4.820842656e-09 0 26711.60191 0 0 16223.93386 88.95394473 5106.260372 15892.47213 29257.9222 13192.95232 0 0 0 17843.49092 0 0.01147210086 2.026421474e-55 0 1.08852249e-50 0 0 0 0 0 0 0 0 0 1.401166795e-49 0 0 0 0 0 0 0 0 0 
4.55847953e-121 0 0 0 0 0 0 0 0 0 0 0 0 0 0 0 7172.705108 5957.771113 0 365.1265039 0 14923.9429 0 10517.16933 12693.13874 2.98025862e-12 17548.48516 2215.808115 0 1.732828635e-103 9.863348264e-164 24357.40904 2.00201212e-84 25584.47546 1.277180488e-27 226.8601144 24519.59631 19986.33353 17233.45318 0 0 0 23020.1093 29983.51035 19455.06865 21136.97646 20121.79716 71.04498142 0.002119770783 23728.44754 20765.82417 13192.95232 1.504276304e-31 0 0 16392.47236 10002.71272 1.538899132e-21 0 14646.72143 1.08852249e-50 0 7.816929021e-20 0 74.19313766 0 0 0 0 0 0 0 0 0 0 0 0 0 0 0 
4.55847953e-121 0 0 8.269680448e-58 0 0 0 0 0 0 0 1.331411113e-78 0 0 1.753673115e-86 0 7172.705108 0 8282.481997 1.424851695e-165 0 0 0 0 13385.65848 0.3838206217 19898.11183 1.773477277e-06 16794.20599 22807.62605 9.863348264e-164 21094.135 15021.1336 0 25494.35278 0 16852.97461 0 22794.8378 31938.52588 1.088905138e-08 22729.21319 0.005878990479 18444.53394 12707.59604 24406.88586 16223.93386 71.04498142 18978.34026 31725.70166 22841.68954 15378.24393 1.504276304e-31 27511.60845 1.106358777e-21 6975.698656 0 0 2.026421474e-55 0 0 0 0 49.55631543 0 0 0 0 0 0 0 0 0 2.787379278e-98 0 4.93887361e-143 0 0 0 0 
0 0 0 8.269680448e-58 0 0 0 0 0 0 0 1.331411113e-78 0 5.046213249e-43 0 0 7172.705108 0 0 344.2445692 511.6532826 12463.02062 4.801078305e-54 0 11587.18203 2.98025862e-12 0.3432996006 0.0009307844447 16794.20599 0 0 0 22945.16059 0 14091.48461 0 16160.60636 15826.32318 16682.30665 24083.59197 19439.76358 4.820842656e-09 13993.87384 12074.783 6.788375743e-68 0 17772.42909 1.710098171 0 19755.74904 0 13192.95232 1.504276304e-31 15260.72195 7.823137935e-22 9726.926356 0 0 0 0 0 0 7.816929021e-20 0.004207143977 0 0 0 0 0 0 0 0 0 2.27588565e-98 0 0 0 0 0 0 
0 0 0 8.269680448e-58 0 1.714636483e-101 0 0 0 0 0 0 0 0 0 0 0 5159.576315 0 4.097783225e-11 0 3.890409303e-15 231.0550358 0 15203.45313 0 18164.40784 1.806555447e-21 0 17880.01529 26138.66811 0 17344.91106 0 11909.83472 1.183762726e-91 0 10890.66343 24401.1829 30377.14002 25716.38999 21333.39756 24864.55883 0.008067568264 14207.51916 0.4769261666 19388.01359 71.49883481 14836.75183 28871.24771 0 13192.95232 1.504276304e-31 16369.4968 7.823137935e-22 12141.77416 0 0 2.026421474e-55 0 7224.440073 0 0 0 0 1.163314386e-162 0 0 0 0 0 0 0 0 0 0 0 0 0 0 
0 0 0 8.269680448e-58 0 2.424862168e-101 0 0 2.335691591e-06 0 0 8.761172696e-69 0 0 0 0 7172.705108 0.01669352489 8282.481997 11862.11211 511.6532826 5318.615991 2227.28124 352.9512807 15203.45313 0 4.788260198e-06 1.806555447e-21 16794.20599 22300.2971 3.013055236e-125 17223.2891 1773.628591 0 21998.93305 37.37945392 0 26369.60583 26.60256921 28912.7547 1.461294694e-40 17437.21811 24864.55883 0 18742.55242 17258.2745 0 3.120463984e-26 18969.21562 24831.94587 11485.28607 13192.95232 2.127367951e-31 0 3.360492437e-10 15454.29321 10002.71272 12244.16716 8786.269497 0 1.08852249e-50 73.66393096 0 0 0 0 0 0 0 0 0 0 0 2.27588565e-98 0 0 0 0 0 0 
0 0 0 0 0 1.714636483e-101 0 0 0 0 0 2.03376403e-78 0 0 0 50.38218959 0 5159.581134 0 10350.30053 723.5870114 13934.08065 258.3273833 352.9512807 11587.18203 0 14660.81483 0 0.07104339213 17880.01327 20957.55871 17223.2891 0 15927.05058 18192.41956 55.18921766 0 22665.06856 21030.85204 33901.03163 0.05367695716 17437.21811 19935.99749 0.1209455217 23560.2201 0 15544.99377 1.38898882 17132.00532 24517.13348 20765.82417 13192.95232 1.504276304e-31 0 3.360492437e-10 15480.31439 10002.71272 0 5987.745047 0 0 52.08826511 0 1.700921107e-22 0 0 0 0 0 0 0 0 0 1.609294177e-98 0 0 0 0 0 0 
4.55847953e-121 0 0 0 0 1.714636483e-101 0 0 0 0 0 0 0 0 0 0 0 4212.780355 8282.481997 6.574225053 626.6447337 0 2.881561136e-14 10517.16933 11692.17273 0 4.890752818e-08 1.806555447e-21 0.07104339213 17880.01529 17111.77503 19887.7412 1773.628591 0 18641.28194 40.54166239 19255.98723 22534.83647 24579.584 25919.91148 25716.38999 17437.21811 0 14788.47918 13756.81097 0 22103.94934 0 27744.03251 16256.32452 34696.27544 0 0 23149.96439 0 0 10002.71272 0 12359.47895 0 5898.730619 0 0 1.700921107e-22 74.19313766 0 0 0 0 0 0 0 0 2.27588565e-98 0 0 0 0 0 0 
0 0 0 0 0 0 0 0 0 0 0 0 0 0 0 0 0 4212.780355 0 10447.80787 0 14923.9429 2401.724691 8407.567386 9757.47315 109.460416 1.48841453e-09 1.806555447e-21 16794.20599 7431.835121 3.013055236e-125 0 17065.67671 15927.05058 12203.58365 40.54166239 19255.98723 17594.1046 0.01886195272 1.630908751e-06 1.088905138e-08 21356.14346 0 22334.8576 12707.59604 0 17061.54691 0.07837571598 23914.02566 22020.15742 15191.94403 13192.95232 0 0 0 12141.77416 12250.77111 1.538899132e-21 5987.745047 0 7224.440073 0 5700.348114 0 0 0 0 0 0 0 0 0 0 0 0 0 0 0 0 0 
4.55847953e-121 0 0 0 2.126007831e-180 0 0 0 0 0 0 0 0 0 0 0 7172.705108 5957.771113 0 1.424851695e-165 0 14461.52888 2865.028656 11165.03343 19101.04191 0 3738.67761 0 16794.20599 0.005724761834 3.64577476e-134 1.414056514e-12 2212.103507 0 4.967396937e-137 37.37945392 27051.67651 11052.19133 29681.99141 36648.2237 0 13358.56492 16277.67539 22375.42323 16848.55562 0 16656.60617 3.821772261e-26 9.294828747e-29 1.614396263e-20 1606.885623 13192.95232 0 27095.19308 3.360492437e-10 12183.9406 1.850698431e-152 0 9382.021654 0 5898.730619 52.08826511 5700.348114 0.005152678008 0 1.163314386e-162 0 0 0 0 0 0 0 1.609294177e-98 0 0 0 0 0 0 
0 0 0 0 0 0 0 0 0 0 0 0 0 0 0 0 0 0 0 14793.484 511.6532826 0 3094.584636 11120.56673 0 89.3740554 3052.617486 16246.74028 25653.55789 8141.168694 30848.69114 0 1448.161681 0 12203.58365 57.33456879 4.974620487e-100 25576.82384 11455.99534 0 19439.76358 2.311875985e-20 0 0 16848.58369 0 18246.28799 0 25093.91395 1.398108099e-20 9762.081986 0.1639382929 0 22393.40865 1.355007238e-21 2.49345635e-27 0 1.538899132e-21 0 0 7224.438622 52.08826511 6981.472117 1.964054518e-22 0 0 0 0 0 0 0 0 0 0 0 0 0 0 0 0 
4.55847953e-121 0 0 0 0 0 0 0 0 0 0 0 0 0 0 2.378461352e-110 0 0 0 11182.93346 511.6532826 6513.947657 2.881561136e-14 7354.954573 0 0 4.392229254e-08 16246.74028 19939.86441 0.00607202687 0 15652.9043 22688.64482 0 0 0 11427.27435 18164.30297 21169.02998 27127.51259 5.8369504e-11 21333.39756 18795.83915 18337.74001 16848.55562 0 25443.3862 3.120463984e-26 17132.00532 15892.47213 20260.50067 0.1639382929 1.504276304e-31 16369.4968 3.360492437e-10 3.526279787e-27 0 0.01282619868 10145.51012 0 0 52.08826511 2.866221957e-50 1.901687609e-22 0 0 0 0 7.168264745e-11 0 0 0 0 1.609294177e-98 0 0 0 0 0 0 
0 0 0 0 0 1.714636483e-101 0 0 0 0 0 0 0 0 0 61.70532832 0 0 0 536.7403135 511.6532826 4.219556996e-105 3094.584636 7354.954573 5128.947948 0 3738.67761 0 0 17477.7237 3.013055236e-125 0 2.831272691e-84 0 12.30323754 1.938561859e-11 0 18759.96152 24730.53773 36593.20372 31712.32654 0 0 0.1823734392 12707.59604 0 15544.99377 1.39628931 22164.5736 23935.9695 11451.37284 0.1639382929 0 24177.05455 0 4.318793084e-27 1.850698431e-152 2.176332024e-21 10371.07864 0 0 0 10276.44871 1.964054518e-22 0 1.163314386e-162 0 0 0 0 0 0 0 1.609294177e-98 0 0 0 0 0 0 
0 0 0 0 0 2.424862168e-101 0 0 0 0 0 0 0 0 1.240034152e-86 0 0 0.01803106769 0 9685.373977 0 5318.615991 0 0.2994530574 5.47403935e-08 0 1.052468007e-09 0 20568.58865 7675.567453 5.155904111e-134 2.877631335e-99 0 0 13644.0213 57.33456879 1.767307885e-24 17336.74734 10971.24554 28247.25041 0 21356.14346 0.004800175717 0.1451331149 0.06875556498 0 2.020452308e-06 3.488784795e-26 23914.02566 2.281888827e-27 1606.885623 0.2318437572 1.504276304e-31 0 0 0 0 1.538899132e-21 10145.51012 0 2.533958025e-48 7203.426234 8707.425573 2.083194402e-22 74.19313766 1.163314386e-162 0 0 0 0 0 0 0 2.27588565e-98 0 0 0 0 0 0 
0 0 0 0 2.126007831e-180 0 0 0 0 0 6.321893532e-167 1.785175261e-85 0 0 1.594279934e-106 0 0 0 0 0 511.6532826 5318.615991 2.03757142e-14 407.4668368 6396.921992 178.7481108 3738.677608 16246.74028 1808.810206 17293.77221 1.153499465e-13 19522.60167 0 0 12203.58365 1.370770236e-11 1.530533525e-24 0.2029377415 17171.61879 19043.29573 19731.78035 4.820842656e-09 0 0.008067568264 0.09723505249 0 12692.43427 5.494417371e-18 8.763248582e-29 24450.71494 20269.49718 0 0 16369.4968 2.49345635e-27 6368.113296 0 0 8786.269497 0.0568854195 2.533958025e-48 7203.426234 0 2.083194402e-22 0 1.163314386e-162 0 0 4.13859958e-11 0 0 0 0 0 0 0 0 0 0 0 
0 0 0 0 0 1.714636483e-101 0 0 0 0 0 1.785175261e-85 0 0 1.594279934e-106 0 0 0.01803103529 0 0 9.072039401e-19 4.219556996e-105 0 0 4835.6185 89.3740554 1.508379802e-09 0 0 7106.194624 20957.55871 0 17884.19443 0 12.30323754 28.93364799 3.51758788e-100 18274.30679 0.0154007199 20198.46532 19439.75725 2.311875985e-20 0.004800175717 0.1342672769 12707.59604 0 2.695909561 3.821772261e-26 17132.00532 2625.470942 1968.024926 0 0 16369.4968 0 0 1.850698431e-152 0 0.0568854195 5987.745047 0.00435076883 0 5.763772712e-31 2.083194402e-22 104.9249415 1.163314386e-162 0 0 4.13859958e-11 0 0 0 0 0 0 0 0 0 0 0 
0 0 0 0 0 0 3.713373653e-149 0 0 0 0 0 0 0 0 0 0 0.01180410465 0 11859.92232 4.796758075e-08 4.219556996e-105 2.881561136e-14 432.1531581 4682.067479 89.3740554 3052.617486 0 0.07104339213 3.473556352e-21 3.479176502e-125 15652.9043 15021.1336 0 10.04555139 61.92841223 2.650961827e-24 3.754422837 27812.09402 19488.16031 16110.93119 17437.21811 0 0.0150759632 15563.535 0 3.683195102 1.47361431e-14 16427.82288 0 1968.024926 0.1639382929 0 15260.72195 0 0 1.850698431e-152 1.538899132e-21 0.0568854195 5987.745047 0.00435076883 0 2.518373561e-31 0 74.19313766 0 0 0 0 0 0 0 0 2.27588565e-98 0 0 0 0 0 0 
0 0 0 0 2.126007831e-180 1.714636483e-101 3.713373653e-149 0 0 0 0 1.785175261e-85 0 0 0 2.378461352e-110 0 0.01363016313 0 0 0 6513.947657 0 0 4835.6185 126.3940013 3052.617486 0 0 7.559483461e-08 1.331946453e-13 0 0 0 15.23483299 1.532567715e-11 3.51758788e-100 1.148671541e-05 26.60256921 26689.78725 16110.92486 0 0.004800175717 8.479425616e-08 16848.55562 0 4.380373809 0 0 2224.610221 0 0 0 7.823137935e-22 0 0 0 1.538899132e-21 8283.766114 0 0.003552387874 7203.426234 2.866221957e-50 0 0 0 0 0 4.13859958e-11 0 0 0 0 1.609294177e-98 0 0 0 0 0 0 
0 0 0 0 2.126007831e-180 0 3.08959565e-100 0 0 0 0 0 0 0 1.594279934e-106 3.363652301e-110 0 0.01319736807 0 5.367832278 9.072039401e-19 4.219556996e-105 0 0 6.901335705e-90 0 3738.67761 0 0.07104339213 8.280975562e-08 3.013055236e-125 22136.54956 0 0 4.147829031e-24 35.43633698 18274.6639 0.277284695 1.744786172e-100 2.962691304e-06 0.05367695714 2.311875985e-20 0 0.1385984408 12707.59604 0 30192.56776 3.603201443e-26 16427.82288 1783.656271 1606.885623 0.1639382929 0 0 0 3.147978599e-09 1.850698431e-152 2.176332024e-21 0.06967012579 5987.745047 0.003552387874 63.79483555 3.084365103e-31 0 0 0 0 0 0 0 0 0 0 0 0 0 0 0 0 0 
0 0 0 0 0 0 3.783966428e-100 0 0 0 0 1.785175261e-85 0 0 0 3.363652301e-110 0 1.484889761e-07 0 14793.48302 3.84596256e-08 0 3.276131166e-43 0 0 0 3052.617486 0 2215.331023 6.474636768e-05 2.976762627e-134 18074.41703 0 0 4.147829031e-24 28.93364799 15826.32318 2.76170169 0.000209581988 19043.29573 16835.3291 0 0 0.1324891775 0.06875556498 2.613094647e-34 2.953304061 0.07154691268 4.705680761e-199 1.877518768e-27 4.451104207e-29 0.2318437572 0 0 1.535962526e-29 3.147978599e-09 1.114540036e-15 0 0 0 0 5898.730619 8707.425573 0 104.9249415 0 0 0 0 0 0 0 0 0 0 0 0 0 0 0 
0 0 0 0 2.126007831e-180 0 3.713373653e-149 0 0 0 0 1.785175261e-85 0 0 0 2.378461352e-110 0 1.484889761e-07 0 0 9.072039401e-19 0 0 7354.954573 5.892729973e-08 0 0 0 0.07104339213 7675.567453 3.013055236e-125 0 0 0 4.147829031e-24 1.532567715e-11 33.40969891 3.031966633 17579.735 1.678568535e-40 19488.16031 17437.21811 0 0.0150759632 0.06875556498 2.613094647e-34 19233.39212 1.381155673 0 0 0 0 0 6.766825753e-17 3.484686889e-39 0 1.850698431e-152 0 0.06967012579 0 0.005023835111 3.583557806e-48 0 1.700921107e-22 0 0 0 0 5.852863656e-11 0 0 0 0 1.609294177e-98 0 0 0 0 0 0 
0 0 0 0 0 0 0 0 0 0 0 0 0 0 0 0 0 8.321942316e-136 0 0 1.385776909e-18 4.219556996e-105 2.03757142e-14 10401.47651 4.235910896e-08 0 9.812866237e-06 0 2022.300701 6.569496436e-05 3.013055236e-125 2.034792631e-99 0 0 18.10987531 49.65319309 15826.32318 1.46018057e-09 17171.61879 2.455407014e-06 21006.07845 3.269486372e-20 0 8.479425616e-08 7.550743749e-12 0 6.062494317e-42 1.83782213e-14 0 1.877518768e-27 0.1639382929 0 0 7.823137935e-22 4.928091459e-39 5.452458875e-09 1.850698431e-152 0 0 0 0.003552387874 0 2.907967307e-31 0 74.19313766 0 0 0 0 0 0 0 0 0 0 0 0 0 0 0 
0 0 0 0 2.126007831e-180 0 0 0 0 0 6.321893532e-167 0 0 0 0 3.363652301e-110 0 8.321942316e-136 0 0 4.440935039e-08 0 0.3667535963 0 0 0 0 0 2558.043925 4.645109343e-05 0 1.153499465e-13 0 0 11.00435019 1.370770236e-11 35.43633698 2.839992709 26.60256921 5.146632704e-11 0.05367695714 16277.67539 0 0.139655859 0 3.69547389e-34 0 0.115998077 0 1456.349247 0 0 0 6.766825753e-17 1.535962526e-29 0 0 0 4.59983701e-20 0 0.003552387874 2.533958025e-48 3.084365103e-31 74.19313766 0 0 0 0 0 0 0 0 0 0 0 0 0 0 0 0 
0 0 0 0 2.126007831e-180 0 0 0 0 0 0 1.785175261e-85 0 0 0 0 0 1.176900369e-135 0 0 1.047548878e-18 4.219556996e-105 3.276131166e-43 0 5.953337949e-08 0 5.863781586e-06 0 0 2.899824849e-12 0 5.848851848e-30 2.00201212e-84 0 6.083793923e-137 1.183762726e-91 15826.32318 0.000168541181 0.0003778291267 2.177442997e-05 0 0 0 0.1396558484 1.153395159e-11 0 0 1.614405517e-39 0 1.877518768e-27 1606.885623 0 0 9.569736754e-17 2.297840616e-29 4.451914029e-09 1.810913211e-15 0 4.59983701e-20 0 0 2.533958025e-48 3.309628037e-50 0 0 0 0 0 4.13859958e-11 0 0 0 0 0 0 0 0 0 0 0 
0 0 0 0 0 0 5.251503383e-149 3.08959565e-100 0 0 0 1.785175261e-85 0 0 0 0 0 8.321942316e-136 0 0 9.072039401e-19 0 0 0 0 0 6.771622513e-06 0 0 3.961914994e-12 3.013055236e-125 0 0 0 7.587824158e-137 1.370770236e-11 40.91835739 1.083026578e-05 1.264553468e-09 1.471219757e-05 0 0 0 7.343397993e-08 0 2.613094647e-34 6.062494317e-42 0.07837571598 0 0 6.294811937e-29 0 0 0 0 3.147978599e-09 1.151092e-15 0 0.06967012579 0 0 0 3.584190803e-99 0 0 0 0 0 0 0 0 0 0 0 0 0 0 0 0 0 
0 0 0 0 0 0 5.251503383e-149 0 0 0 6.321893532e-167 0 0 0 0 0 0 1.484889761e-07 0 0 3.845962561e-08 0 0 0 6.430339923e-08 0 1.508379802e-09 0 3260.878972 6.082171846e-05 0 1.631294588e-13 12780.54284 0 4.147829031e-24 1.370770236e-11 0 1.874513085e-24 0.0003630066515 1.387079289e-05 5.054947327e-11 0 0 9.535472339e-39 9.247734682e-12 3.513462671e-45 16656.60617 1.345152961e-14 0 1.877518768e-27 0 0 0 6.766825753e-17 0 0 1.850698431e-152 0 0.0868939136 0 0 0 2.866221957e-50 0 0 0 0 0 0 0 0 0 0 0 0 0 0 0 0 0 
0 0 0 0 0 0 3.713373653e-149 0 0 0 6.321893532e-167 1.785175261e-85 0 0 0 0 0 8.321942316e-136 0 0 5.704484345e-08 0 394.5893497 0 5128.947948 0 2.133171173e-09 0 0 2.593682194e-12 0 5.848851848e-30 0 0 4.954060169e-89 1.183762726e-91 0 0.1815254436 3.569526507e-42 4.037350859e-11 1.081655077e-41 3.269486372e-20 0 0.01376243043 1.067836422e-11 0 2.64142287 1.837919956e-14 0 0 0 0 0 6.766825753e-17 0 0 1.220917438e-15 0 4.59983701e-20 0 0 2.533958025e-48 2.866221957e-50 0 0 0 0 0 4.13859958e-11 0 0 0 0 0 0 0 0 0 0 0 
0 0 0 0 0 0 0 3.08959565e-100 0 0 6.321893532e-167 1.785175261e-85 0 0 0 0 0 0 0 0 0 0 0.3667535963 0 4.86088008e-08 0 5.52857166e-06 0 1.941902378e-33 7431.83623 0 1.412742554e-13 0 0 6.067459785e-89 1.183762726e-91 28.93364799 2.475593516 2.524036399e-42 0 21312.74909 0 0 0 1.067836422e-11 3.69547389e-34 0.00101915438 0 0 0 1606.885623 0 0 6.766825753e-17 2.346221513e-29 3.147978599e-09 1.151092e-15 0 4.59983701e-20 0 0 0 3.584190803e-99 0 0 0 0 0 0 0 0 0 0 0 0 0 0 0 0 0 
0 0 0 0 2.126007831e-180 0 0 3.08959565e-100 0 0 6.321893532e-167 0 0 0 0 0 0 1.81861112e-07 0 0 0 0 3.276131166e-43 0 5128.947948 0 0 0 2215.302021 7675.567441 0 1.153499465e-13 0 0 7.567451907e-89 0 0 0.2223223561 2.524036399e-42 0 0 2.311875985e-20 0 0 1.823630418e-39 7.550743749e-12 0.00101915438 4.914356307e-18 0 0 4.451104207e-29 0 0 0 3.484686889e-39 2.172179035e-29 9.968749138e-16 0 0 0 0 0 0 0 0 0 0 0 0 0 0 0 0 0 0 0 0 0 0 0 
0 0 0 0 0 0 0 3.08959565e-100 0 0 6.321893532e-167 0 0 0 1.594279934e-106 0 0 0 0 0 0 0 0 0 0 0 0 1.508379802e-09 1.941902378e-33 9.258438599e-08 0 1.331946453e-13 0 0 0 0 28.93364799 0.2096075274 0 1.698818245e-05 0 5.054947327e-11 0 9.535472339e-39 0 3.513462671e-45 16656.60617 1.47361431e-14 0 0 4.451104207e-29 0 0 0 0 1.535962526e-29 0 0 0 0 0.003552387874 0 0 0 0 0 0 0 0 0 0 0 0 0 0 0 0 0 0 0 
0 0 0 0 0 0 0 0 0 0 0 0 0 0 2.254652304e-106 0 0 0 0 0 0 0 0.3667535963 0 0 0 0 0 0 7.559483461e-08 0 1.412742554e-13 0 0 6.067459785e-89 0 0 0 0 1.536037353e-40 0 0 0 0 0 0 0 1.389272238e-14 0 0 0 0 0 6.766825753e-17 0 0 0 0 0.0568854195 0 0 0 2.866221957e-50 0 0 0 0 0 0 0 0 0 0 0 0 0 0 0 0 0 
0 0 0 0 0 0 0 0 0 0 0 0 0 0 0 0 0 0 0 0 2.612007101e-38 0 0 0 6.901335705e-90 0 0 0 0 0 0 5.848851848e-30 0 0 4.967396937e-137 0 0 1.160689589e-36 0 2.854838171e-11 0 0 0 0 1.823630418e-39 3.513462671e-45 0.00101915438 5.180186388e-18 0 0 1606.885623 0 0 0 0 1.535962526e-29 1.850698431e-152 0 0 0 0 0 0 0 0 0 0 0 0 0 0 0 0 0 0 0 0 0 0 0 
0 0 0 0 0 0 0 0 0 0 0 0 0 0 2.761373847e-106 0 0 0 0 0 1.846967934e-38 0 3.276131166e-43 0 0 0 0 0 1.941902378e-33 0 0 1.412742554e-13 0 0 0 0 0 0 0.000209581988 0 0 0 0 0 0 2.862501767e-34 0 4.486173008e-18 0 0 0 0 0 0 0 0 1.409794023e-15 0 0 0 0 0 0 0 0 0 0 0 0 0 0 0 0 0 0 0 0 0 0 0 
0 0 0 0 0 0 3.713373653e-149 0 0 6.321893532e-167 0 0 0 0 0 0 0 8.321942316e-136 0 0 1.846967934e-38 0 0 0 0 0 0 0 0 0 0 5.848851848e-30 0 0 0 0 28.93364799 0 2.524036399e-42 0 0 0 0 0 0 2.613094647e-34 0 2.137614807e-40 0 0 0 0 6.766825753e-17 0 0 0 0 0 0 0 0 0 0 0 0 0 0 0 0 0 0 0 0 0 0 0 0 0 0 0 
0 0 0 0 0 0 0 0 0 0 0 0 0 0 1.594279934e-106 0 0 0 0 0 0 0 0 0 0 0 0 0 0 0 0 0 0 0 0 0 0 0 0 0 0 0 0 0 0 3.513462671e-45 0 4.486173008e-18 0 0 0 0 0 0 0 3.147978599e-09 0 0 0 0 0 0 0 0 0 0 0 0 0 0 0 0 0 0 0 0 0 0 0 0 
0 0 0 0 0 0 0 0 0 0 0 0 0 0 0 0 0 0 0 0 1.846967934e-38 0 0 0 0 0 0 0 2.74626468e-33 0 0 0 0 0 0 0 0 1.160689589e-36 0 0 0 0 0 9.535472339e-39 0 2.613094647e-34 0 4.486173008e-18 0 0 0 0 0 0 0 0 0 0 0 0 0 0 0 0 0 0 0 0 0 0 0 0 0 0 0 0 0 0 0 0 
0 0 0 0 0 0 0 0 0 0 0 0 0 0 0 0 0 0 0 0 0 0 0 0 0 0 0 0 2.74626468e-33 7.559483461e-08 0 5.848851848e-30 0 0 6.067459785e-89 0 0 0 0 0 0 2.311875985e-20 0 0 0 0 0 0 0 0 0 0 0 0 0 0 0 0 0 0 0 0 0 0 0 0 0 0 0 0 0 0 0 0 0 0 0 0 0 0 
0 0 0 0 0 0 0 0 0 0 0 0 0 0 0 0 0 0 0 0 1.846967934e-38 0 0 0 0 0 0 0 0 0 0 0 0 0 7.00609908e-89 0 0 0 0 0 0 0 0 0 0 3.513462671e-45 0 0 0 0 0 0 6.766825753e-17 0 0 0 0 0 0 0 0 0 0 0 0 0 0 0 0 0 0 0 0 0 0 0 0 0 0 0 
0 0 0 0 0 0 0 0 0 0 0 0 0 0 0 0 0 0 0 0 0 0 0.2994530574 0 0 0 0 0 0 0 0 0 0 0 0 0 0 0 0 0 0 0 0 0 0 3.513462671e-45 0 0 0 0 0 0 0 0 0 0 0 0 0 0 0 0 0 0 0 0 0 0 0 0 0 0 0 0 0 0 0 0 0 0 
0 0 0 0 0 0 0 0 0 0 0 0 0 0 0 0 0 0 0 0 0 0 0 0 0 0 0 0 0 0 0 0 0 0 0 0 0 0 0 0 0 0 0 0 0 0 0 0 0 0 0 0 0 0 0 0 0 0 0 0 0 0 0 0 0 0 0 0 0 0 0 0 0 0 0 0 0 0 0 0 
0 0 0 0 0 0 0 0 0 0 0 0 0 0 0 0 0 0 0 0 0 0 0 0 0 0 0 0 0 0 0 0 0 0 0 0 0 0 0 0 0 0 0 0 0 0 0 0 0 0 0 0 0 0 0 0 0 0 0 0 0 0 0 0 0 0 0 0 0 0 0 0 0 0 0 0 0 0 0 0 
0 0 0 0 0 0 0 0 0 0 0 0 0 0 0 0 0 0 0 0 0 0 0 0 0 0 0 0 0 0 0 0 0 0 0 0 0 0 0 0 0 0 0 0 0 0 0 0 0 0 0 0 0 0 0 0 0 0 0 0 0 0 0 0 0 0 0 0 0 0 0 0 0 0 0 0 0 0 0 0 
# Events [PSD_sample/PSD_sample.dat] N:
0 0 0 0 0 0 0 0 0 0 0 0 0 0 0 0 0 0 0 0 0 0 0 0 0 0 0 0 0 0 0 0 0 0 0 0 0 0 0 0 0 0 0 0 0 0 0 0 0 0 0 0 0 0 0 0 0 0 0 0 0 0 0 0 0 0 0 0 0 0 0 0 0 0 0 0 0 0 0 0 
0 0 0 0 0 0 0 0 0 0 0 0 0 0 0 0 0 0 0 0 0 0 0 0 0 0 0 0 0 0 0 0 0 0 0 0 0 0 0 0 0 0 0 0 0 0 0 0 0 0 0 0 0 0 0 0 0 0 0 0 0 0 0 0 0 0 0 0 0 0 0 0 0 0 0 0 0 0 0 0 
0 0 0 0 0 0 0 0 0 0 0 0 0 0 0 0 0 0 0 0 0 0 0 0 0 0 0 0 0 0 0 0 0 0 0 0 0 0 0 0 0 0 0 0 0 0 0 0 0 0 0 0 0 0 0 0 0 0 0 0 0 0 0 0 0 0 0 0 0 0 0 0 0 0 0 0 0 0 0 0 
0 0 0 0 0 0 0 0 0 0 0 0 0 0 0 0 0 0 0 0 0 0 0 0 0 0 0 0 0 0 0 0 0 0 0 0 0 0 0 1 0 0 0 0 0 0 0 0 0 0 0 0 1 0 0 0 0 0 0 0 0 0 0 0 0 0 0 0 0 0 0 0 0 0 0 0 0 0 0 0 
0 0 0 0 0 0 0 0 0 0 0 0 0 0 0 0 0 0 0 0 0 0 0 0 0 0 0 0 0 0 0 1 0 0 0 0 0 1 0 0 0 0 0 0 0 0 0 0 0 1 0 1 0 0 0 0 0 0 0 0 0 0 0 1 0 0 0 0 0 0 0 0 0 0 0 0 0 0 0 0 
0 0 0 0 0 0 0 0 0 0 1 0 0 0 0 0 0 0 0 0 1 0 0 0 0 0 0 0 0 0 2 0 0 0 0 0 0 0 0 0 0 0 0 0 0 0 0 0 0 2 0 0 0 0 0 0 0 0 0 0 0 0 0 0 0 0 0 0 0 0 0 0 0 0 0 0 0 0 0 0 
0 0 0 0 0 0 0 0 0 0 0 0 0 0 0 0 0 0 0 0 0 2 0 0 0 0 0 0 0 0 0 0 0 1 1 0 1 0 0 0 0 1 0 0 0 0 0 0 0 1 0 0 0 0 0 0 0 1 0 0 0 0 0 0 0 0 0 0 0 0 0 0 0 0 0 0 0 0 0 0 
0 0 0 0 0 0 0 0 0 0 0 0 0 0 0 0 0 0 0 0 1 4 0 0 0 0 0 0 0 0 0 1 0 0 0 0 0 1 0 1 0 0 0 0 0 1 0 0 0 0 0 0 0 0 0 0 0 0 0 0 0 0 0 0 0 0 0 0 1 0 0 0 0 0 0 0 0 0 0 0 
0 0 0 0 1 0 0 0 0 0 0 1 0 0 0 0 0 0 0 0 0 0 1 0 0 0 0 0 0 0 0 0 0 0 0 0 0 0 0 0 0 0 0 0 0 1 2 0 0 0 1 1 1 0 0 0 0 1 0 0 0 0 0 1 0 0 0 0 1 0 0 0 0 0 0 0 0 0 0 0 
0 0 0 0 1 0 0 0 0 0 0 0 0 0 0 0 0 0 0 0 0 1 1 0 0 0 0 0 0 0 0 0 0 1 0 0 0 0 0 0 0 2 0 0 0 0 1 0 0 1 0 1 0 0 0 0 1 0 0 0 0 0 0 1 2 0 0 1 0 0 0 0 0 0 0 0 0 0 0 0 
0 0 0 0 0 0 0 0 0 0 1 1 0 0 0 0 0 0 0 0 1 2 2 0 0 0 1 0 0 0 1 2 0 0 0 1 0 1 1 2 0 1 0 0 0 1 2 0 0 1 0 1 1 0 0 3 0 0 0 2 0 0 0 0 1 0 0 0 0 0 0 0 0 0 0 0 0 0 0 0 
0 0 0 0 0 0 0 0 0 2 0 0 0 0 0 0 0 0 0 0 0 1 3 0 0 0 0 0 0 0 0 0 0 0 1 0 0 1 0 3 0 3 0 0 0 0 0 0 0 0 0 0 1 0 0 1 0 0 0 0 0 0 0 0 0 0 0 0 0 0 0 0 0 0 0 0 0 0 0 0 
0 0 0 0 0 0 0 0 0 0 0 0 1 0 0 0 0 0 0 0 0 3 2 1 0 0 1 0 0 0 2 1 0 4 0 0 1 2 1 2 3 1 0 0 0 0 0 0 1 1 0 2 1 0 0 1 0 0 0 2 0 0 0 0 1 0 0 0 0 0 0 0 0 0 0 0 0 0 0 0 
0 0 0 0 0 0 0 0 0 1 0 0 0 0 0 0 0 0 0 0 3 1 1 0 0 1 2 0 0 0 3 1 0 0 0 0 0 1 1 3 0 1 0 0 0 0 1 0 2 1 1 1 5 0 0 0 2 1 0 0 0 0 0 1 1 0 0 1 0 0 0 0 1 0 0 0 0 0 0 0 
0 0 0 0 2 0 0 0 0 0 0 0 1 0 0 0 0 0 0 0 4 5 2 1 0 0 0 1 0 0 1 1 0 1 3 1 1 2 0 3 0 1 0 0 0 1 0 2 0 0 0 1 4 0 0 3 2 0 0 2 0 0 0 1 0 0 0 0 0 1 0 1 1 0 0 0 0 0 0 0 
0 0 0 0 2 0 0 0 0 0 1 0 1 0 0 0 0 0 0 0 1 1 1 0 0 0 0 0 0 1 1 1 0 0 0 1 3 0 4 0 2 1 0 0 0 2 1 0 1 2 1 3 4 0 0 0 2 0 0 2 0 0 0 0 0 0 0 1 0 0 0 0 2 0 0 0 0 0 0 0 
0 0 0 0 0 0 0 0 0 1 2 0 0 0 0 0 0 0 0 0 1 0 1 0 0 0 1 2 0 1 1 1 0 4 1 0 0 1 0 2 1 2 0 0 0 0 3 0 0 2 1 0 0 0 0 1 0 0 0 2 0 0 0 0 2 0 0 1 0 0 0 0 0 0 0 0 0 0 0 0 
0 0 0 0 2 0 0 0 0 1 0 0 1 0 0 0 0 0 0 0 0 1 3 0 0 0 0 0 0 1 1 2 0 1 2 0 2 0 2 2 0 0 0 0 0 0 2 0 1 0 0 1 0 0 0 1 1 0 0 0 2 0 1 0 1 0 0 1 0 2 0 0 0 0 0 0 0 0 0 0 
0 0 0 0 2 0 0 0 1 2 1 0 0 0 0 0 0 0 0 3 1 0 4 0 0 3 1 2 0 0 1 1 0 1 2 1 2 2 1 5 0 1 0 0 0 0 2 0 1 2 0 2 4 0 0 0 2 0 2 1 0 0 1 0 0 0 0 1 0 1 0 0 3 0 0 0 0 0 0 0 
0 0 0 0 4 0 0 0 0 1 2 0 1 0 0 0 0 1 0 0 0 5 1 1 1 0 2 1 1 0 2 1 1 1 4 2 1 1 1 3 1 1 0 0 0 1 3 0 3 2 3 3 2 0 0 1 2 0 1 2 1 0 0 0 2 0 0 0 1 0 0 0 0 0 0 0 0 0 0 0 
0 0 0 0 0 0 0 0 0 2 2 0 1 0 0 0 0 0 0 0 0 3 2 1 0 3 0 4 0 1 2 0 1 4 3 1 1 2 2 4 2 1 0 0 1 0 3 1 2 5 0 1 1 0 0 2 2 0 2 1 2 0 1 0 0 0 0 1 0 0 1 1 0 0 0 0 0 0 0 0 
0 0 0 0 1 0 0 0 0 1 2 0 1 0 0 0 0 0 0 1 0 5 0 2 4 5 0 5 1 6 2 0 1 1 2 1 1 1 1 1 2 2 1 0 1 3 1 2 2 4 0 3 2 0 0 1 3 0 0 4 1 0 1 0 1 0 0 1 2 0 1 0 1 0 0 0 0 0 0 0 
0 0 0 0 1 0 0 0 0 0 1 0 0 0 0 0 0 0 0 2 0 4 1 1 4 0 1 1 1 4 1 0 2 0 5 1 0 0 0 3 1 1 1 0 1 2 1 1 6 7 1 3 1 0 0 3 2 0 0 1 1 2 1 0 2 0 0 0 1 0 0 2 1 0 0 0 0 0 0 0 
0 0 0 0 1 0 0 0 0 1 1 0 1 0 0 0 0 1 0 1 0 2 2 2 1 2 0 1 1 0 2 0 1 4 1 3 2 2 1 2 1 1 0 3 1 0 2 2 4 8 0 2 0 0 2 1 1 1 1 0 5 1 0 0 1 0 0 0 0 1 1 1 0 0 0 0 0 0 0 0 
0 0 0 0 1 0 0 0 0 0 2 0 0 0 0 0 0 0 0 1 1 2 2 0 1 2 1 2 1 1 1 0 0 4 1 1 0 1 0 2 0 0 2 1 4 1 2 3 3 4 3 2 3 0 2 0 1 0 0 3 1 0 0 0 1 0 0 0 0 0 0 1 0 0 0 1 0 0 0 0 
0 0 0 0 2 0 0 0 1 0 1 0 1 0 0 0 0 0 0 0 0 5 2 1 1 1 0 0 1 6 2 0 0 1 4 3 1 2 3 1 1 0 2 0 3 1 1 3 4 3 1 1 1 0 1 2 1 0 0 1 1 1 0 0 0 0 0 1 0 3 0 2 1 0 0 1 0 0 0 0 
0 0 0 0 0 0 0 0 1 2 2 0 0 0 0 0 0 1 0 0 2 1 2 1 1 3 0 2 0 0 1 0 1 2 2 2 0 2 1 3 1 1 2 1 5 2 6 1 2 1 2 1 1 1 2 0 2 0 1 3 0 1 0 0 3 0 0 1 0 1 0 0 0 0 0 1 0 0 0 0 
0 0 0 0 0 0 0 0 1 0 1 0 1 0 0 0 0 1 0 0 2 2 1 3 1 2 0 3 0 1 1 0 1 1 1 1 1 0 1 3 1 3 1 0 3 0 1 1 4 3 1 5 2 0 1 1 2 1 0 0 1 1 0 0 1 0 0 2 1 1 0 1 0 0 0 1 0 0 0 0 
1 0 0 0 0 0 0 0 0 1 1 0 0 0 1 0 0 1 1 0 1 0 2 1 2 6 1 2 1 1 0 0 0 2 3 2 0 0 3 1 0 2 2 2 2 5 2 1 1 3 0 3 3 0 1 2 1 3 0 0 2 2 0 0 2 0 0 0 2 0 1 0 0 0 0 1 0 0 0 0 
0 0 0 1 0 0 0 0 0 1 0 0 0 0 1 0 0 1 1 0 3 2 1 0 0 3 2 2 0 3 1 0 0 3 4 1 2 3 4 0 1 1 0 0 2 0 5 1 2 2 1 1 2 0 0 4 2 2 1 2 0 2 1 0 1 0 0 0 0 1 2 0 0 0 0 0 0 0 0 0 
1 0 0 0 0 0 0 0 2 1 2 0 0 0 0 2 0 1 1 0 1 1 3 0 3 3 0 2 1 4 3 1 0 1 5 3 2 2 2 1 1 3 2 3 3 0 3 2 3 4 0 1 1 1 0 0 3 1 0 0 0 1 0 1 1 0 0 0 0 1 1 1 0 0 0 1 0 0 0 0 
0 0 0 0 0 0 0 0 1 1 0 0 0 1 2 2 0 1 0 0 1 3 3 2 2 1 0 4 0 1 1 2 0 0 7 1 2 0 3 0 1 0 2 4 3 3 1 2 1 1 2 2 0 0 0 1 3 1 0 2 0 0 2 0 3 0 0 2 0 0 1 0 0 0 0 0 0 0 0 0 
1 0 0 1 0 0 0 0 1 0 0 0 0 2 0 1 0 0 0 0 3 2 3 0 1 2 2 9 0 1 0 1 1 4 4 0 1 0 3 1 0 1 2 1 2 3 5 0 2 2 1 3 1 1 0 1 2 3 0 3 0 0 0 0 1 0 0 0 1 0 0 0 0 0 0 0 0 0 0 0 
0 0 0 0 0 0 0 0 0 0 1 0 0 0 1 4 0 0 0 0 0 2 4 1 1 2 1 3 2 2 0 0 0 0 3 0 4 0 2 1 1 3 2 2 0 2 1 0 2 3 1 3 1 3 1 1 3 0 0 5 1 1 1 0 1 0 0 1 0 0 1 0 0 0 0 0 0 0 0 0 
0 0 0 1 0 0 0 0 1 1 2 2 0 1 1 1 0 2 0 1 2 2 1 0 2 2 4 3 0 2 0 1 1 2 2 1 1 1 1 3 0 0 1 1 2 2 1 1 4 2 0 0 0 2 0 0 0 1 2 0 1 0 1 2 0 0 0 0 0 0 0 0 0 0 0 1 0 0 0 0 
1 0 0 2 0 0 0 0 0 1 0 0 0 0 0 1 0 0 1 2 3 2 2 2 2 2 4 2 0 1 1 0 0 0 3 3 1 2 0 3 0 0 0 2 5 1 1 4 1 3 5 3 1 1 0 5 1 1 0 0 1 1 2 2 0 0 0 1 0 0 0 0 0 0 0 2 0 0 0 0 
0 0 0 1 0 0 0 0 0 0 0 1 0 1 0 1 0 0 0 0 0 2 1 0 3 1 4 3 0 3 3 3 2 2 3 1 1 0 1 1 1 4 1 1 2 0 2 2 0 2 1 0 0 2 0 1 1 1 0 0 2 0 0 1 0 0 0 1 0 0 0 0 0 0 0 0 0 0 0 0 
1 0 0 0 0 0 0 0 0 0 1 2 0 2 2 1 0 1 2 2 0 2 2 2 3 3 4 3 1 2 2 3 1 4 2 2 0 2 2 2 1 2 0 1 1 3 3 1 3 1 1 3 1 0 0 2 1 0 0 0 1 0 1 2 0 0 0 1 0 0 0 0 0 1 0 0 0 0 0 0 
0 0 0 0 0 0 0 0 0 0 0 0 0 1 0 0 0 1 1 2 0 4 4 0 0 0 1 1 0 2 3 1 0 2 6 5 2 3 3 1 0 1 0 3 0 0 1 3 2 1 4 1 0 0 0 5 0 1 1 0 1 0 0 0 0 0 0 0 0 0 1 0 0 0 0 0 0 0 0 0 
1 0 0 0 0 0 0 0 0 0 0 0 0 0 0 0 1 2 0 2 0 3 0 1 2 1 6 2 0 1 1 2 1 3 1 3 3 4 3 0 0 0 2 5 2 2 5 2 1 4 3 1 1 0 0 4 1 1 0 2 1 0 1 0 1 0 0 0 0 0 0 0 0 0 0 0 0 0 0 0 
1 0 0 1 0 0 0 0 0 0 0 1 0 0 2 0 1 0 1 1 0 0 0 0 2 4 2 2 1 4 1 2 1 0 3 0 2 0 4 4 1 3 2 3 1 2 1 2 3 5 2 2 1 4 2 5 0 0 1 0 0 0 0 2 0 0 0 0 0 0 0 0 0 3 0 1 0 0 0 0 
0 0 0 1 0 0 0 0 0 0 0 1 0 1 0 0 1 0 0 3 1 1 1 0 1 1 1 3 1 0 0 0 4 0 3 0 2 1 4 2 3 1 1 1 1 0 5 2 0 2 0 1 1 1 1 4 0 0 0 0 0 0 1 1 0 0 0 0 0 0 0 0 0 2 0 0 0 0 0 0 
0 0 0 1 0 1 0 0 0 0 0 0 0 0 0 0 0 2 0 2 0 1 1 0 2 0 4 1 0 2 4 0 3 0 1 1 0 1 5 4 3 2 4 1 4 1 4 2 1 4 0 1 1 1 1 1 0 0 1 0 2 0 0 0 0 1 0 0 0 0 0 0 0 0 0 0 0 0 0 0 
0 0 0 1 0 2 0 0 1 0 0 2 0 0 0 0 1 2 1 2 1 1 5 1 2 0 1 1 1 3 1 1 2 0 4 1 0 3 1 4 2 1 3 0 2 1 0 1 3 3 2 1 2 0 1 4 1 1 2 0 1 2 0 0 0 0 0 0 0 0 0 0 0 2 0 0 0 0 0 0 
0 0 0 0 0 1 0 0 0 0 0 3 0 0 0 1 0 2 0 7 2 4 4 1 1 0 3 0 1 2 2 1 0 1 4 2 0 4 2 5 2 1 2 1 4 0 2 3 3 4 3 1 1 0 1 3 1 0 1 0 0 1 0 1 0 0 0 0 0 0 0 0 0 1 0 0 0 0 0 0 
1 0 0 0 0 1 0 0 0 0 0 0 0 0 0 0 0 1 1 2 2 0 2 1 3 0 4 1 1 2 1 3 2 0 3 1 2 5 4 4 3 1 0 2 1 0 5 0 4 1 5 0 0 2 0 0 1 0 6 0 1 0 0 1 1 0 0 0 0 0 0 0 0 2 0 0 0 0 0 0 
0 0 0 0 0 0 0 0 0 0 0 0 0 0 0 0 0 1 0 6 0 3 2 3 1 2 2 1 1 4 1 0 3 1 1 1 2 5 2 1 1 2 0 4 1 0 3 2 4 2 1 1 0 0 0 1 2 1 1 0 2 0 1 0 0 0 0 0 0 0 0 0 0 0 0 0 0 0 0 0 
1 0 0 0 1 0 0 0 0 0 0 0 0 0 0 0 1 2 0 1 0 2 2 3 3 0 2 0 1 3 2 1 4 0 1 1 4 3 4 6 0 3 1 3 2 0 1 2 2 2 1 1 0 3 1 4 1 0 2 0 1 1 1 2 0 1 0 0 0 0 0 0 0 1 0 0 0 0 0 0 
0 0 0 0 0 0 0 0 0 0 0 0 0 0 0 0 0 0 0 4 1 0 3 5 0 1 1 1 3 2 4 0 1 0 1 2 2 8 5 0 3 1 0 0 2 0 5 0 3 2 1 1 0 2 3 1 0 1 0 0 2 1 2 3 0 0 0 0 0 0 0 0 0 0 0 0 0 0 0 0 
1 0 0 0 0 0 0 0 0 0 0 0 0 0 0 1 0 0 0 3 1 2 2 1 0 0 1 1 2 2 0 2 3 0 0 0 1 5 3 3 3 2 3 5 2 0 3 1 3 1 2 1 1 1 1 2 0 4 2 0 0 1 1 4 0 0 0 0 3 0 0 0 0 1 0 0 0 0 0 0 
0 0 0 0 0 1 0 0 0 0 0 0 0 0 0 2 0 0 0 4 1 1 3 1 2 0 2 0 0 4 1 0 2 0 2 2 0 5 6 6 5 0 0 5 1 0 2 3 2 8 2 1 0 3 0 3 1 2 3 0 0 0 4 3 0 1 0 0 0 0 0 0 0 1 0 0 0 0 0 0 
0 0 0 0 0 2 0 0 0 0 0 0 0 0 1 0 0 3 0 1 0 1 0 1 2 0 1 0 2 3 3 2 0 0 4 2 3 5 5 6 0 2 1 2 1 0 4 4 4 2 1 2 1 0 0 0 0 1 2 0 1 2 3 2 1 1 0 0 0 0 0 0 0 2 0 0 0 0 0 0 
0 0 0 0 1 0 0 0 0 0 1 1 0 0 1 0 0 0 0 0 1 1 1 3 4 4 2 1 1 5 1 3 0 0 1 1 1 4 1 3 2 1 0 1 2 0 1 2 3 4 2 0 0 1 1 1 0 0 2 1 1 2 0 2 0 1 0 0 1 0 0 0 0 0 0 0 0 0 0 0 
0 0 0 0 0 1 0 0 0 0 0 1 0 0 1 0 0 3 0 0 1 1 0 0 3 1 1 0 0 7 2 0 2 0 2 1 1 3 1 2 3 1 1 4 1 0 4 2 3 4 2 0 0 1 0 0 1 0 1 1 2 0 7 2 2 1 0 0 1 0 0 0 0 0 0 0 0 0 0 0 
0 0 0 0 0 0 1 0 0 0 0 0 0 0 0 0 0 1 0 2 3 1 2 2 4 1 1 0 1 5 3 2 1 0 1 3 3 5 5 3 3 1 0 2 2 0 3 2 1 0 2 1 0 1 0 0 1 1 1 1 2 0 1 0 1 2 0 0 0 0 0 0 0 2 0 0 0 0 0 0 
0 0 0 0 1 1 1 0 0 0 0 1 0 0 0 1 0 3 0 0 0 2 0 0 3 2 1 0 0 1 3 0 0 0 5 4 1 2 1 5 3 0 1 3 2 0 5 2 0 3 0 0 0 1 0 0 0 1 3 0 1 2 1 0 0 2 0 0 1 0 0 0 0 1 0 0 0 0 0 0 
0 0 0 0 1 0 1 0 0 0 0 0 0 0 1 2 0 4 0 1 1 1 0 0 1 0 2 0 1 5 1 3 0 0 2 2 3 3 1 6 2 1 0 3 1 0 7 3 1 2 1 1 0 0 0 1 1 2 2 1 1 2 2 0 0 0 0 0 0 0 0 0 0 0 0 0 0 0 0 0 
0 0 0 0 2 0 2 0 0 0 0 1 0 0 0 2 0 1 0 3 2 0 1 0 0 0 1 0 2 6 1 2 0 0 2 1 1 4 1 3 1 0 0 5 1 1 2 4 1 1 1 2 0 0 1 1 4 0 0 0 0 1 4 0 2 0 0 0 0 0 0 0 0 0 0 0 0 0 0 0 
0 0 0 0 1 0 1 0 0 0 0 1 0 0 0 1 0 1 0 0 1 0 0 1 3 0 0 0 1 3 1 0 0 0 2 4 3 2 3 5 3 1 0 2 1 1 3 3 0 0 0 0 0 1 1 0 1 0 2 0 2 2 0 1 0 0 0 0 2 0 0 0 0 1 0 0 0 0 0 0 
0 0 0 0 0 0 0 0 0 0 0 0 0 0 0 0 0 1 0 0 3 1 1 2 2 0 5 0 4 4 1 1 0 0 4 2 1 3 1 6 6 2 0 3 1 0 1 3 0 1 1 0 0 1 2 3 1 0 0 0 1 0 3 0 1 0 0 0 0 0 0 0 0 0 0 0 0 0 0 0 
0 0 0 0 1 0 0 0 0 0 1 0 0 0 0 2 0 1 0 0 2 0 2 0 0 0 0 0 2 6 0 1 0 0 5 1 2 3 1 4 2 1 0 3 0 2 0 7 0 1 0 0 0 1 1 0 0 0 1 0 1 1 2 1 0 0 0 0 0 0 0 0 0 0 0 0 0 0 0 0 
0 0 0 0 1 0 0 0 0 0 0 1 0 0 0 0 0 2 0 0 3 1 1 0 2 0 2 0 0 4 0 1 1 0 2 1 1 1 4 7 0 0 0 3 3 0 0 1 0 1 1 0 0 2 7 2 5 0 1 0 0 1 3 0 0 0 0 0 1 0 0 0 0 0 0 0 0 0 0 0 
0 0 0 0 0 0 2 1 0 0 0 1 0 0 0 0 0 1 0 0 1 0 0 0 0 0 2 0 0 4 1 0 0 0 3 1 2 3 1 2 0 0 0 1 0 1 1 2 0 0 2 0 0 0 0 1 3 0 2 0 0 0 1 0 0 0 0 0 0 0 0 0 0 0 0 0 0 0 0 0 
0 0 0 0 0 0 2 0 0 0 1 0 0 0 0 0 0 1 0 0 2 0 0 0 3 0 1 0 4 2 0 2 1 0 2 1 0 2 3 3 1 0 0 1 2 1 1 4 0 1 0 0 0 1 0 0 1 0 3 0 0 0 1 0 0 0 0 0 0 0 0 0 0 0 0 0 0 0 0 0 
0 0 0 0 0 0 1 0 0 0 1 1 0 0 0 0 0 1 0 0 5 0 4 0 2 0 2 0 0 1 0 1 0 0 1 1 0 1 2 2 1 2 0 4 2 0 5 3 0 0 0 0 0 1 0 0 2 0 1 0 0 1 1 0 0 0 0 0 1 0 0 0 0 0 0 0 0 0 0 0 
0 0 0 0 0 0 0 1 0 0 1 1 0 0 0 0 0 0 0 0 0 0 2 0 3 0 3 0 1 4 0 2 0 0 2 1 1 1 1 0 3 0 0 0 2 2 1 0 0 0 1 0 0 1 3 1 3 0 1 0 0 0 1 0 0 0 0 0 0 0 0 0 0 0 0 0 0 0 0 0 
0 0 0 0 1 0 0 1 0 0 1 0 0 0 0 0 0 2 0 0 0 0 1 0 2 0 0 0 2 3 0 1 0 0 3 0 0 2 1 0 0 1 0 0 1 1 1 5 0 0 1 0 0 0 1 2 1 0 0 0 0 0 0 0 0 0 0 0 0 0 0 0 0 0 0 0 0 0 0 0 
0 0 0 0 0 0 0 1 0 0 1 0 0 0 1 0 0 0 0 0 0 0 0 0 0 0 0 1 1 2 0 3 0 0 0 0 1 3 0 2 0 1 0 1 0 1 1 2 0 0 1 0 0 0 0 1 0 0 0 0 1 0 0 0 0 0 0 0 0 0 0 0 0 0 0 0 0 0 0 0 
0 0 0 0 0 0 0 0 0 0 2 0 0 0 2 0 0 0 0 0 0 0 2 0 0 0 0 0 0 1 0 2 0 0 2 0 0 0 0 1 0 0 0 0 0 0 0 3 0 0 0 0 0 1 0 0 0 0 1 0 0 0 1 0 0 0 0 0 0 0 0 0 0 0 0 0 0 0 0 0 
0 0 0 0 0 0 0 0 0 0 0 0 0 0 0 0 0 0 0 0 2 0 0 0 1 0 0 0 0 0 0 1 0 0 1 0 0 1 0 1 0 0 0 0 1 1 1 3 0 0 1 0 0 0 0 1 1 0 0 0 0 0 0 0 0 0 0 0 0 0 0 0 0 0 0 0 0 0 0 0 
0 0 0 0 0 0 0 0 0 0 0 0 0 0 3 0 0 0 0 0 1 0 1 0 0 0 0 0 1 0 0 2 0 0 0 0 0 0 1 0 0 0 0 0 0 5 0 1 0 0 0 0 0 0 0 0 2 0 0 0 0 0 0 0 0 0 0 0 0 0 0 0 0 0 0 0 0 0 0 0 
0 0 0 0 0 0 1 0 0 1 0 0 0 0 0 0 0 1 0 0 1 0 0 0 0 0 0 0 0 0 0 1 0 0 0 0 1 0 1 0 0 0 0 0 0 1 0 2 0 0 0 0 1 0 0 0 0 0 0 0 0 0 0 0 0 0 0 0 0 0 0 0 0 0 0 0 0 0 0 0 
0 0 0 0 0 0 0 0 0 0 0 0 0 0 1 0 0 0 0 0 0 0 0 0 0 0 0 0 0 0 0 0 0 0 0 0 0 0 0 0 0 0 0 0 0 1 0 1 0 0 0 0 0 0 0 1 0 0 0 0 0 0 0 0 0 0 0 0 0 0 0 0 0 0 0 0 0 0 0 0 
0 0 0 0 0 0 0 0 0 0 0 0 0 0 0 0 0 0 0 0 1 0 0 0 0 0 0 0 2 0 0 0 0 0 0 0 0 1 0 0 0 0 0 1 0 1 0 1 0 0 0 0 0 0 0 0 0 0 0 0 0 0 0 0 0 0 0 0 0 0 0 0 0 0 0 0 0 0 0 0 
0 0 0 0 0 0 0 0 0 0 0 0 0 0 0 0 0 0 0 0 0 0 0 0 0 0 0 0 2 1 0 1 0 0 2 0 0 0 0 0 0 1 0 0 0 0 0 0 0 0 0 0 0 0 0 0 0 0 0 0 0 0 0 0 0 0 0 0 0 0 0 0 0 0 0 0 0 0 0 0 
0 0 0 0 0 0 0 0 0 0 0 0 0 0 0 0 0 0 0 0 1 0 0 0 0 0 0 0 0 0 0 0 0 0 2 0 0 0 0 0 0 0 0 0 0 1 0 0 0 0 0 0 1 0 0 0 0 0 0 0 0 0 0 0 0 0 0 0 0 0 0 0 0 0 0 0 0 0 0 0 
0 0 0 0 0 0 0 0 0 0 0 0 0 0 0 0 0 0 0 0 0 0 1 0 0 0 0 0 0 0 0 0 0 0 0 0 0 0 0 0 0 0 0 0 0 1 0 0 0 0 0 0 0 0 0 0 0 0 0 0 0 0 0 0 0 0 0 0 0 0 0 0 0 0 0 0 0 0 0 0 
0 0 0 0 0 0 0 0 0 0 0 0 0 0 0 0 0 0 0 0 0 0 0 0 0 0 0 0 0 0 0 0 0 0 0 0 0 0 0 0 0 0 0 0 0 0 0 0 0 0 0 0 0 0 0 0 0 0 0 0 0 0 0 0 0 0 0 0 0 0 0 0 0 0 0 0 0 0 0 0 
0 0 0 0 0 0 0 0 0 0 0 0 0 0 0 0 0 0 0 0 0 0 0 0 0 0 0 0 0 0 0 0 0 0 0 0 0 0 0 0 0 0 0 0 0 0 0 0 0 0 0 0 0 0 0 0 0 0 0 0 0 0 0 0 0 0 0 0 0 0 0 0 0 0 0 0 0 0 0 0 
0 0 0 0 0 0 0 0 0 0 0 0 0 0 0 0 0 0 0 0 0 0 0 0 0 0 0 0 0 0 0 0 0 0 0 0 0 0 0 0 0 0 0 0 0 0 0 0 0 0 0 0 0 0 0 0 0 0 0 0 0 0 0 0 0 0 0 0 0 0 0 0 0 0 0 0 0 0 0 0 
