# Format: McCode with text headers
# URL: http://www.mccode.org
# Creator: McStas 3.0-dev - Oct. 05, 2021
# Instrument: PSI_DMC.instr
# Ncount: 2500
# Trace: no
# Gravitation: no
# Seed: 1000
# Directory: 1e4
# Nodes: 8
# Param: lambda=2.566
# Param: R=0.87
# Param: R_curve=0.87
# Param: filename=Na2Ca3Al2F14.laz
# Param: D_PHI=6
# Param: SHIFT=0
# Param: PACK=0.7
# Param: Dw=0.8
# Param: BARNS=1
# Date: Tue Oct  5 15:36:16 2021 (1633440976)
# type: array_2d(100, 100)
# Source: PSI_DMC (PSI_DMC.instr)
# component: PSD_fluxpos
# position: 0 0 47.8657
# title: PSD monitor
# Ncount: 20000
# filename: xdist_fluxposy.dat
# statistics: X0=0.0260457; dX=0.586866; Y0=0.105196; dY=3.37006;
# signal: Min=0; Max=253581; Mean=3037.95;
# values: 3.03795e+07 2.6173e+06 772
# xvar: X 
# yvar: Y 
# xlabel: X position [cm]
# ylabel: Y position [cm]
# zvar: I
# zlabel: Signal per bin
# xylimits: -1 1 -6 6
# variables: I I_err N
# Data [PSD_fluxpos/xdist_fluxposy.dat] I:
0 10.26299067 0 0 0 0 0 0 0 0 0 0 0 0 0 0 0 0 0 0 0 0 0 0 0 0 0 0 0 0 0 0 0 0 0 0 0 0 0 0 0 0 0 0 0 0 0 0 0 0 0 0 0 0 0 2.933282047e-67 0 0 0 0 0 0 0 5.199656801e-60 0 0 0 0 0 0 0 0 0 0 3.334817933e-37 0 0 0 0 0 0 0 0 0 249591.2126 0 0 0 0 0 0 46213.76822 0 0.0006608213112 0 0 0 0 0 0 
0 0 0 0 0 0 0 0 0 0 0 0 0 0 0 0 8.492833798e-19 0 0 0 0 0 0 0 0 103569.3974 0 0 0 0 0 5.9733094e-20 2.810069104e-32 0 0 0 0 0 0 0 0 0 0 0 0 0 0 0 0 0 0 0 0 0 0 0 0 0 0 0 0 0 0 0 0 0 0 0 0 0 0 0 0 0 0 0 0 0 0 0 0 0 0 0 0 0 34.80767467 0 0 0 245427.4947 0 0 0 0 0 0 1.818795385e-33 0 0 
0 27.84570148 0 0 0 0 0 0 0 23472.81089 0 0 0 0 0 0 0 0 0 5.272863706e-41 0 0 0 0 0 2.640122827e-29 0 0 0 0 0 0 0 0 0 0 0 0 0 2.060351975e-05 0 0 0 0 0 0 0 0 0 0 0 0 0 0 0 0 8.488043612e-29 0 0 0 3.712154369e-12 0 0 0 0 0 0 0 6.847150146e-32 0 0 0 0 0 0 0 0 0 0 0 0 0 0 0 0 0 0 7.934741667e-50 0 0 0 0 0 0 0 0 0 0 0 0 
0 0 0 1.186889761e-59 0 0 0 0 0 0 0 0 0 0 0 0 0 0 1.295954932e-53 0 0 0 0 0 0 0 0 0 0 0 0 0 0 0 248223.3038 0 0 0 0 0 0 251435.7642 0 0 0 0 0 0 0 0 0 0 0 0 0 0 0 0 5218.586467 0 0 0 0 0 0 2.909746894e-97 0 0 0 0 0 0 1.366228431e-100 0 0 0 0 0 0 0 0 0 0 0 0 0 0 0 0 0 0 0 0 0 0 0 0 6.488738677e-13 0 0 
0 0 247547.9927 0 8.336977391e-44 0 0 0 0 0 0 0 0 0 0 2.622070654 0 0 0 0 4.724245791e-10 0 0 0 0 0 0 0 0 0 0 0 0 0 3.264133984e-23 0 0 0 0 0 0 0 0 0 0 0 0 0 0 0 133460.4835 0 0 0 3.932821368e-16 0 0 0 0 0 0 0 0 0 0 0 0 0 0 0 0 4.075692433e-131 0 0 0 0 0 0 167.0508331 0 0 0 0 0 0 163904.8162 0 0 0 0 0 0 30508.28744 0 0 0 0 0 0 1.488795648e-35 
0 0 0 0 6.268053305e-13 0 0 0 0 0 0 0 0 0 0 0 0 0 0 0 0 0 0 0 0 0 0 0 0 0 0 0 0 0 0 9.991549104e-16 0 0 0 0 0 0 0 0 0 0 0 0 0 0 0 0 0 0 0 0 0 0 0 0 0 0 0 0 0 0 0 0 5.336139313 0 0 0 0 0 0 0 0 0 1.172628972e-21 0 0 0 0 0 0 245431.4825 0 0 0 0 0 0 0 0 0 0 0 0 0 0 
0 0 0 0 0 0 0 0 0 0 0 0 0 0 0 0 0 0 8.296608921e-39 0 0 0 0 0 0 201277.0604 0 0 0 0 0 0 0 0 1.626556987e-159 0 0 0 1.731290779e-76 0 0 0 0 0 0 0 0 0 0 0 0 0 0 0 0 0 0 0 0 0 0 0 0 0 0 0 0 0 0 0 0 0 0 0 0 0 4.861931296e-146 0 8.26638516e-103 0 0 0 0 0 0 10306.6721 0 0 0 0 0 0 0 0 0 0 0 0 4.28789096e-90 0 
0 0 0 0 0 0 0 0 0 0 5.813140664e-197 0 0 0 0 0 3.34320725e-98 0 0 0 237624.3064 0 0 0 0 0 0 0 0 0 0 0 0 0 0 0 0 0 0 0 2108.013736 0 0 0 0 0 0 4.075605074e-125 0 0 0 0 0 0 0 0 5.84452289e-17 0 0 0 0 0 0 0 0 0 0 0 0 0 0 0 0 0 0 0 6.473008927e-155 0 0 0 0 0 0 0 0 0 0 0 0 0 0 0 0 0 0 0 0 0 0 0 
0 0 0 0 0 0 2.417816747e-06 0 0 0 0 0 0 0 0 0 0 0 0 0 0 0 0 0 0 0 0 0 0 0 0 0 0 0 0 0 0 0 0 0 0 0 0 3.921681574e-05 0 0 0 0 0 0 0 0 0 0 0 0 0 0 0 1.129609452e-21 0 0 0 0 0 2.577314201e-81 0 0 0 0 0 206627.1922 0 0 0 0 0 0 0 1.067810296e-115 0 0 0 0 0 0 0 0 120521.0409 0 0 0 244559.3637 0 0 0 0 0 0 0 
0 0 0 0 0 0 0 0 0 0 0 0 0 0 0 0 0 0 0 0 0 0 0 0 0 0 0 0 0 0 1.005929566e-37 0 0 0 0 0 0 0 0 0 0 0 0 0 0 0 0 0 0 0 0 0 0 0 0 0.002544824089 0 3.944656453e-25 0 0 0 243525.134 0 0 0 0 0 0 0 3.122332873e-187 0 0 0 0 6.996568262e-137 0 0 0 0 0 0 2.404103349e-132 0 0 0 0 0 0 0 0 0 0 0 0 0 0 0 0 0 0 
0 2129.976006 0 0 0 0 0 0 0 0 0 0 0 0 0 0 0 0 0 0 0 0 0 0 0 0 0 0 0 0 0 0 0 0 0 0 248239.01 0 0 0 0 0 0 0 0 0 0 0 0 0 0 0 0 0 250075.2298 0 0 0 0 0 0 0 0 0 0 0 0 0 0 3.58418505e-10 1.148592936e-107 0 0 0 0 0 3.144278193e-24 0 0 0 0 0 0 0 0 0 0 0 0 0 0 0 205049.4772 0 0 0 0 0 0 0 
0 0 0 0 0 0 2.304492741e-39 0 0 0 0 0 0 0 0 0 0 0 0 0 0 0 0 0 0 0 0 0 2.107783295e-81 0 0 0 0 0 0 0 0 0 0 0 9.66039601e-169 0 0 0 0 0 0 0 0 0 0 244823.375 1.435184177e-94 0 0 0 0 0 0 0 0 0 0 0 0 0 0 0 0 0 0 1.119436128 0 0 0 0 0 2.393871052e-13 0 0 0 0 0 0 0 0 0 0 0 0 0 0 0 0 0 0 0 0 0 0 
0 0 0 0 0 0 0 0 0 0 0 0 0 0 0 0 0 0 0 0 0 0 0 0 0 0 0 0 0 0 0 0 0 0 5.40241801e-14 0 0 0 0 0 0 0 0 0 0 0 0 0 0 0 0 0 0 0 0 0 0 0 0 0 0 0 1723.824484 0 0 0 5.703884258e-42 0 0 0 0 0 0 0 0 0 0 3.822036861e-20 0 0 0 0 0 0 0 0 0 0 0 0 0 0 0 0 0 0 0 0 0 0 
0 0 0 0 0 0 0 0 0 0 0 0 0 0 0 0 4.068888265e-13 0 0 0 0 0 0 0 0 0 0 0 7070.574354 0 0 0 0 0 0 0 0 0 0 0 0 0 0 0 0 0 0 0 0 0 0 0 0 70108.90238 0 0 0 0 0 0 0 0 0 0 0 0 0 3.185033664e-29 1.815520531e-101 0 0 0 0 0 26.3919756 0 0 0 0 0 0 0 0 0 0 0 0 0 0 0 548.7174095 0 0 0 0 0 0 0 0 0 
0 0 0 0 0 0 0 0 0 5.571312625e-09 0 0 0 0 0 0 0 0 0 0 0 0 0 0 0 0 9.328108012e-07 0 2.816944912e-99 0 0 0 0 0 0 0 231.2213653 0 0 0 0 0 0 0 0 0 0 0 0 0 0 0 0 0 0 0 0 0 6.424707206e-175 0 0 0 0 0 0 0 0 0 0 0 0 0 0 0 0 0 7.705369841e-211 0 0 0 2.433352668e-25 0 0 0 0 0 0 0 0 0 0 0 0 0 1.082112633e-14 0 0 0 0 0 
0 0 0 0 0 0 0 0 0 0 0 0 213025.014 0 0 0 0 0 0 0 0 0 0 0 0 0 0 0 0 0 0 0 0 0 231105.4825 0 0 0 0 0 0 0 0 0 0 0 0 0 973.4732745 0 0 0 0 0 0 0 0 0 0 0 0 0 0 0 0 0 0 0 0 0 0 0.08187453985 0 0 0 291.3648268 0 0 0 0 0 0 0 0 0 0 0 0 0 0 0 0 0 0 0 0 0 0 0 0 
0 0 0 0 0 0 0 0 0 0 0 0 0 0 4.605900087e-95 0 0 0 0 0 0 0 0 7.783874298e-24 0 1.224209815e-140 248237.4682 7.511428102e-108 0 229109.4652 0 0 0 620.5631942 0 0 0 0 0 0 0 0 1.953512371e-06 0 0 0 0 0 0 0 0 0 0 0 0 0 0 0 0 0 0 0 0 0 0 0 0 0 0 0 0 0 0 0.005295387441 0 0 0 0 0 0 0 0 0 0 0 0 0 0 0 0 0 0 0 0 0 0 0 0 0 0 
0 0 0 0 0 0 0 0 0 1.820072768e-66 0 0 0 0 2.307019715e-92 0 247289.537 0 0 0 1.222465112e-96 0 0 0.003354427269 0 0 0 0 0 0.9340758601 0 0 0 0 0 0 0 0 0 0 0 0 0 0 0 0 0 0 0 0 3.714462073e-19 0 0 0 0 0 0 9.254043193e-118 0 0 0 0 0 0 0 0 0 0 0 0 0 0 0 0 0 0 0 0 0 0 0 0 0 0 0 0 0 0 0 0 0 0 0 0 0 0 0 183044.9036 0 0 
0 0 0 0 0 0 0 0 0 0 0 0 0 0 0 0 0 0 0 0 0 0 0 3103.81851 0 0 0 0 0 1.01081917e-100 0 0 0 0 0 0 0 0 0 0 0 2.453700683 0 0 0 0 0.5381172349 0 0 0 0 0 0 0 1.397238317e-128 0 0 0 0 0 0 0 0 0 0 0 0 0 0 0 0 0 0 0 0 0 0 0 0 1.018353482e-51 2.629063983e-34 0 0 0 0 0 0 0 0 0 0 0 0 0 0 0 0 9.13751644e-83 0 0 
0 0 1.015591487e-24 0 0 0 0 0 0 0 0 0 0 0 0 0 0 0 0 0 0 0 0 0 0 0 0 0 2.015071517e-43 0 0 0 0 0 0 0 0 0 0 0 0 0 0 0 0 0 0 0 0 0 0 0 0 6.733324786e-80 0 0 0 0 0 0 0 0 0 0 0 0 0 0 0 0 0 0 0 0 0 0 3.756757116e-34 0 0 0 0 0 0 8.002162298e-43 1.187028914e-40 0 0 2.477951008e-39 0 0 0 0 0 0 0 0 0 0 0 0 
0 0 0 0 3.667467351e-129 0 9.939590057e-08 0 1.570859922e-24 0 0 0 0 0 0 0 0 0 0 0 0 0 0 0 0 0 0 0 0 0 0 0 0 0 0 0 0 2.170651687e-116 0 6.979969178e-42 0 0 3.971212403e-24 0 0 0 0 184740.9117 0.2740332374 0 0 0 0 0 0 0 1758.62833 0 0 0 0 0 0 0 0 0.06348631254 0 6.487201039e-06 0 0 0 1.947793399e-17 0 0 0 0 0 0 0 0 0 0 1.059068325e-118 0 0 0 0 0 0 0 2.381472645e-123 0 0 0 0 0 0 0 0 248730.0767 
0 0 0 0 0 0 0 0 0 0 0 0 0 2.330314705e-109 0 0 0 0 0 0 0 0 0 0 0 0 0 0 0 0 0 0 0 0 0 0 0 0 0 0 0 0 0 0 0 0 1.62817839e-141 0 0 0 0 0 0 0 0 0 0 0 0 0 0 0 0 0 0 0 0 0 0 0 0 0 0 0 0 0 0 0 0 0 0 0 0 0 0 0 0 0 3.687851797e-84 0 0 0 0 0 0 0 0 0 0 0 
0 0 0 0 0 0 0 0 6.134789785e-37 0 0 0 0 0 0 0 0 0 0 0 0 0 0 0 0 0 0 0 0 0 0 0 0 0 0 0 0 0 0 0 0 0 0 0 0 0 0 0 0 5.006433732e-95 0 0 0 0 0 0 0 0 2.319771815e-57 0 0 0 0 0 0 0 0 0 0 0 0 0 0 0 0 0 6.92625474e-98 0 0 0 0 0 0 0 0 0 0 0 0 0 0 0 0 0 0 0 0 0 0 0 
0 0 0 0 0 0 0 0 0 0 0 0 0 0 0 0 0 0 0 0 0 0 0 0 0 0 0 0 0 0 0 0 0 0 0 0 0 0 0 0 0 0 0 0 0 0 0 0 0 0 0 0 0 4.069164526e-13 0 0 0 0 0 8.934968592e-56 0 0 0 0 0 0 0 0 0 0 0 7.521228532e-76 0 0 0 0 0 0 0 0 0 0 0 0 0 0 0 0 0 3.711063514e-32 0 0 0 0 0 0 3.183325785e-08 0 0 0 
0 0 0 0 0 0 0 0 0 0 3.148548617e-14 0 0 0 0 0 0 0 2.907612505e-155 0 0 0 0 0 0 0 0 0 0 0 0 0 0 0 0 0 0 0 0 0 0 0 0 0 0 0 0 0 0 7.755865062e-30 0 0 0 0 0 0 0 0 0 0 0 0 0 0.01961702126 0 0 0 0 0 0 0 0 0 0 0 0 6.631725583e-43 0 0 0 0 0 0 0 0 0 0 0 4.085932128e-09 0 0 0 0 0 0 5.230539446e-164 0 0 2.382279894e-61 0 
1.745829418e-105 0 2.000679376e-53 0 0 0 0 0 0 0 0 0 0 0 0 1.366013389 0 0 0 0 0 0 0 0 0 0 0 0 0 0 0 0 0 0 1.667356714e-07 0 9.560876502e-33 0 4.800224227e-21 0 0 0 0 0 0 0 0 0 0 0 0 0 0 0 0 0 0 1.348590387e-148 0 0 0 0 0 0 0 3.777364557e-13 0 0 0 0 0 0 0 0 0 0 0 0 0 0 0 0 0 0 0 0 0 0 2.324013731e-108 0 0 0 0 0 7.094799711e-55 0 0 0 0 0 
0 0 0 0 221765.258 0 0 0 0 0 0 0 0 0 0 0 0 0 0 0 249143.4746 0 0 0 0 0 0 0 0 0 0 0 0 0 0 0 0 0 6696.831807 0 0 8.175770948e-48 0 0 0 0 2.989006853e-26 0 0 0 975.8592008 0 0 0 0 0 0 0 0 0 0 0 0 0 0 0 0 0 0 0 0 0 0 0 0 0 0 0 0 0 0 0 0 0.0002086253103 0 0 0 0 0 0 0 0 0 0 0 4.429317859e-88 0 0 0 0 
0 0 0 0 0 0 0 0 0 0 0 0 0 0 0 0 0 0 0 0 0 0 0 0 0 0 0 0 0 2.60083152e-12 0 0 0 0 0 0 0 0 0 0 0 0 0 6.869396212e-109 0 0 0 0 0 0 0 0 0 0 0 0 0 0 0 0 0 0 15149.02208 0 0 0 0 0 0 0 0 0 0 0 0 0 0 0 0 0 0 0 0 0 0 251933.0754 0 0 0 5.301702366e-28 0.0003589592739 0 0 0 26174.51211 0 0 0 0 0 
0 0 0 0 0 0 0 0 0 0 0 0 0 0 0 0 0 0 0 0 0 0 0 0 0 0 0 0 0 2.057574595e-131 0 0 0 0 0 0 0 0 6.017744818e-22 0 0 0 0 0 0 0 0 0 0 0 0 0 0 0 0 0 0 0 0 0 0 0 3.171632515e-29 0 0 0 0 0 0 0 0 0 0 0 0 0 0 0 0 0 0 0 0 0 0 0 0 0 0 0 0 0 0 187422.3338 0 0 202161.546 0 0 0 
0 0 0 0 0 0 0 0 0 0 0 0 0 5.076216543e-30 0 0 0 0 0 0 0 0 0 0 0 0 0 0 2.116352836e-59 0 0 0 0 251374.2686 0 4.83582952e-06 215973.5768 0 0 0 0 0 0 0 0 0 0 1.985780136e-55 0 0 1.059467358e-09 0 0 0 0 0 0 0 0 0 5.855611327e-45 0 0 0 0 0 0 0 0 0 0 0 0 0 0 1.727647083e-83 0 0 0 0 0 0 0 0 0 0 0 0 0 0 0 0 0 0 0 244123.0012 0 0 0 0 
0 0 0 0 0 0 0 0 0 0 0 0 0 0 0 0 0 0 0 0 0 0 5.493263347e-38 0 0 0 0 0 0 0 0 0 0 0 0 0 0 0 0 0 0 0 0 0 0 0 2.723706335e-22 0 0 0 0 8.195695579 1.321637774e-66 0 0 0 0 248116.5116 0 0 0 0 0 0 0 164414.7145 0 0 0 0 0 0 0 0 0 0 0 0 0 0 0 8.332245174e-08 0 0 230554.3429 0 0 0 0 0 0 0 0 0 2.529545359e-132 0 0 0 0 0 
0 0 0 0 0 1.785823612e-50 0 4.928419368e-47 0 0 0 0 250667.1499 0 0 0 0 0 0 0 0 0 0 0 0 0 0 0 0 0 0 0 0 0 0 0 2.340679173e-25 0 0 0 0 4.838551213 1639.880755 0 0 0 0 0 0 0 0 0 0 0 0 0 0 5.252297461e-145 0 0 4.849459899e-29 0 0 0 0 0 0 0 0 0 0 0 0 0 0 0 0 0 2.575074181e-39 0 0 0 0 0 0 0 2.538450202e-23 0 245081.194 0 0 0 0 0 0 0 0 0 0 0 
0 0 0 0 0 1.19601049e-05 0 0 0 0 0 0 0 0 0 0 0 0 0 0 0 0 0 0 0 0 0 0 0 0 0 0 0 0 0 0 0 0 0 0 0 0 0 0 0 0 0 0 0 0 0 0 0 0 0 0 2.201554778e-17 0 0 0 0 51048.6486 0 0 0 0 0 0 0 0 7.25829552e-146 0 0 0 0 0 0 0 0 0 1.261165343e-51 0 0 0 9.814957954e-13 0 0 0 0 0 0 0 0 0 0 152.8261439 0 0 0 0 
0 0 0 0 0 0 0 0 0 0 0 0 0 0 0 0 0 0 0 0 0 0 0 0 0 0 0 0 6.142854076e-06 0 0 0 0 0 0 0 0 0 0 0 0 0 3.323594759e-35 0 0 0 0 0 0 0 0 0 0 0 0 0 0 0 0 0 0 0 0 0 0 0 0 0 2.019854947e-172 0 0 0 0 6.747654464e-13 0 0 0 0 0 0 0 0 0 5.88172875e-181 0 251075.9239 0 0 0 0 0 0 0 0 0 0 3.376791988e-165 0 0 0 
0 0 0 0 0 0 0 0 0 0 0 0 0 0 0 1.605094282e-08 0 0 0 0 0 0 0 0 0 0 1.682179269e-177 0 0 0 250785.8117 0 0 0 0 0 0 0 0 0 0 1.528397354e-22 0.223034098 0 0 0 0 0 2.181565716e-37 0 0 0 0 0 0 0 2257.182116 0 5.602270914e-07 0 0 6.633113714e-104 0 0 0 0 0 0 0 0 0 0 0 0 0 0 0 0 0 0 0 0 0 0 0 0 0 0 0 0 0 0 0 0 0 0 0 0 0 0 
0 0 0 0 0 0 0 0 0 0 0 0 0 0 0 0 0 0 0 0 0 0 0 0 0 0 0 0 0 247636.9306 0 0 0 0 0 0 0 0 0 0 0 0 0 0 0 0 0 0 0 0 0 0 0 0 0 0 0 0 0 0 0 0 0 0 0 0 0 0 0 0 0 0 0 0 0 0 0 0 5.331556724e-10 0 0 0 0 0 0 0 0 0 0 0 0 0 0 0 8.740097365e-05 0 0 0 0 0 
0 0 0 0 0 0 0 0 0 0 0 0 0 0 0 0 0 0 0 0 0 0 0 0 0 0 0 0 0 0 0 0 0 0 0 0 0 0 0 0 0 1.214561195e-31 0 0 0 0 0 0 0 0 0 0 0 0 0 0 0 0 0 0 0 0 0 0 0 0 0 0 0 0 0 0 0 0 0 0 0 0 0 0 0 0 0 1.407319228e-97 0 243675.8404 0 0 0 0 0 0 0 0 0 0 0 0 0 0 
2.176782744e-68 1.791563249e-11 0 0 0 0 0 0 0 0 0 0 0 0 0 0 0 0 0 0 0 0 0 0 1.163634714e-08 0 0 0 0 0 0 0 0 0 0 0 0 0 0 3.11097978e-11 0.9867714002 0 0 0 0 0 0 1.18505922e-21 0 0 0 0 0 0 0 0 0 51790.31203 0 0 0 0 0 0 0 0 0 0 1.872016788e-18 0 0 0 0 0 164273.1302 0 0 5.50866644e-60 0 0 0 0 0 0 0 0 0 0 0 0 0 0 0 0 0 0 0 0 0 0 
0 0 0 0 0 0 0 0 0 0 0 0 0 1.434583274e-19 0 4.927628154e-23 0 0 0 0 0 0 0 0 0 0 3.939353498e-47 0 0 0 0 0 1.813174927e-30 0 0 0 0 0 0 0 0 0 0 0 0 0 0 0 0 0 0 0 0 0 0 0 0 0 0 0 0 0 0 0 177763.4867 0 0.02757890472 0 0 0 0 0 0 0 0 0 4.628666332e-82 0 0 0 0 0 0 0 0 1.858640692e-06 0 0 0 0 0 0 0 0 0 2.713892219e-36 0 4.605540224e-163 0 0 
0 0 226037.416 0 0 0 0 0 0 0 0 0 0 0 0 0 0 0 0 0 0 0 0 0 0 0 0 0 0 0 0 0 0 0 0 0 0 0 0 0 0 0 0 0 0 208283.47 0 0 0 0 0 0 0 0 0 0 0 0 0 0 0 0 0 0 0 0 0 1.742895349e-111 0 0 0 0 0 0 0 0 0 0 0 0 0 0 0 0 0 0 0 0 0 0 4.854909497e-06 0 0 0 0 0 0 0 0 0 
0 0 0 0 0 0 0 0 0 0 0 0 0 0 0 0 0 9.174294766e-24 0 9.292244207e-122 0 0 0 0 0 0 0 0 0 0 0 0 9.882907555e-41 0 0 0 0 0 0 0 0 239724.3255 0 0 0 0 0 0 0 0 0 0 0 0 0 0 0 0 0 0 0 0 0 0 0 0 0 154.5805069 0 1.910115466e-41 0 0 0 0 0 0 0 0 0 247017.6724 0 0 0 0 1.894152174e-23 0 0 0 0 0 0 244637.6181 0 0 0 0 1.02137661e-36 0 0 0 
0 1.560341004e-17 0 0 0 0 0 0 0 0 1.067426786e-15 0 0 0 0 0 0 0 0 0 0 0 0 0 0 0 0 0 43879.8704 0 0 0 0 0 0 0 0 0 0 0 0 0 0 1.428210232e-69 0 0 0 0 0 0 0 0 0 0 0 0 9.090239285e-05 0 0 0 0 0 0 0 0 0 4.598870631e-145 0 0 0 0 0 0 0 0 0 0 0 0 0 0 0 0 0 0 0 0 0 0 0 0 0 0 0 0 0 0 38565.73164 0 0 
0 0 0 0 0 0 24.75409575 0 0 0 0 0 0 0 0 0 0 0 0 0 1.477175536e-10 0 0 0 0 0.5409921112 0 0 0 0 0 0 0 0 0 0 0 0 0 0 0 0 0 0 0 0 0 0 0 0 0 247691.8116 0 0 0 0 0 0 0 0 0 0 0 0 0 0 0 0 0 0 0 0 0 3.218543541e-94 0 0 0 0 249969.126 0 0 0 0 0 0 0 9.05909757e-22 0 0 0 0 0 0 0 0 0 0 4.650240916e-170 0 0 
0 0 0 0 0 0 0 0 0 0 0 0 0 0 0 0 0 0 0 0 0 0 0 0 0 0 0 0 0 0 0 0 0 0 0 0 0 0 0 0 0 0 0 0 0 0 0 0 0 0 0 0 0 0 0 0 0 0 0 0 0 0 0 0 0 0 0 0 0 0 0 0 0 0 0 3.712330917e-135 0 0 0 2.154441092e-32 0 0 0 0 0 0 0 0 0 0 0 0 0 0 0 0 0 0 0 0 
0 0 0 0 0 0 0 0 0 242451.7671 0 0 0 0 0 0 0 0 0 0 0 0 0 0 3.393870693e-14 0 0 0 237846.9223 0 0 0 0 0 0 0 0 0 1.92665835e-28 0 0 0 0 0 0 0 0 0 0 0 0 0 0 0 0 0 0 0 0 0.0007012764558 2.255750269e-144 242501.3559 0 3.597915607e-13 0 0 0 0 0 5.360556947e-129 0 0 0 1.901968161e-39 0 0 5.07803028e-145 0 0 0 0 0 0 0 0 0 0 0 0 0 0 0 0 0 0 0 0 0 0 0 
0 0 0 0 0 0 0 0 0 4.449031064e-204 0 0 0 0 5.661428944e-79 0 0 0 0 0 0 0 0 0 0 0 0 0 0 245095.509 0 0 0 0 0 0 0 0 0 0 0 0 0 0 0.7692067527 0 0 0 0 0 0 0 0 0 0 0 0 0 0 0 0 0 0 0 0 0 0 0 6.447459046e-161 0 0 0 0 0 0 0 0 0 0 0 0 0 0 0 0 0 0 0 0 0 0 0 0 0 0 0 0 0 0 0 
0 0 0 0 0 0 0 0 0 0 0 0 0 0 0 0 0 0 4.506753313e-93 0 0 0 0 0 3.832225689e-80 0 0 0 0 0 0 0 0 0 0 0 0 0 1.780740663e-46 0 0 0 0 1.422402073e-51 0 0 0 0 0 0 0 0 0 249800.7452 0 0 0 0 0 0 0 0 0 0.2359046755 0 0 0 0 0 0 1.874685095e-06 0 0 0 0 0 0 0 0 0 0 0 0 0 0 0 3.449782582e-142 0 0 0 0 0 0 0 0 0 0 0 0 0 
0 0 0 0 0 0 0 0 0 1.550239927e-06 0 0 0 0 0 0 0 0 0 0 0 0 0 0 2.915384881e-157 0.0003268162934 0 0 0 0 0 0 0 0 0 0 0 0 0 0 0 0 0 0 0 0 0 0 0 0 0 0 0 0 0 0 0 0 0 0 0 0 0 0 0 0 0 0 0 0 0 0 0 0 0 0 0 0 0 0 6.080319519e-40 0 0 0 0 0 0 0 0 0 0 0 0 0 0 0 0 0 0 0 
0 0 0 0 0 0 0 0 0 0 0 0 0 0 0 0 0 0 0 0 0 2.39121578e-23 0 0 0 0 0 0 0 0 0 0 0 0 1.096775521e-06 0 0 0 0 0 0 0 0 211766.4138 0 0 0 0 0 0 0 0 0 0 0 0 0 0 0 0 0 0 0 0 0 0 4.118170755e-221 0 0 0 0 0 0 0 0 0 0 0 0 0 0 0.7999067126 213250.935 0 0 0 0 0 0 0 0 2.616359936e-38 0 6.670826217e-177 0 0 0 7.734002668e-20 0 0 
0 0 0 0 0 0 0 0 247631.3672 0 0 0 0 0 0 0 0 0 243333.8841 0 0 0 0 0 0 0 0 0 0 0 0 0 0 0 2.380516422e-134 0 0 0 0 0 0 0 0 0 0 0 0 0 0 0.003071402801 6.452568939e-28 0 0 0 2.742125179e-118 0 0 0 0 0 0 0 0 0 0 0 0 0 0 0 0 0 0 0 0 0 0 0 0 0 0 0 0 0 0 0 0 0 0 0 0 7.150915288e-83 0 0 0 3.633202825e-07 0 0 0 0 
0 1.677424353e-19 0 0 0 0 0 0 0 0 0 0 0 0 0 0 0 0 0 0 0 0 0 1.213645884e-19 0 0 0 0 0 0 0 0 0 247130.8291 0 0 0 0 0 0 0 0 0 0 0 0 0 0 0 0 0 0 0 0 8.032168052e-128 0 0 0 0 0 5.304330704e-05 1.028499656e-79 0 0 0 0 0 0 0 0 0 0 0 0 0 0 0 0 0 0 0 0 0 0 0 0 0 0 0 0 0 0 0 0 0 0 0 0 0 0 
0 0 250970.0422 0 0 0 0 0 0 0 0 0 0 0 0 0 0 0 0 0 0 0 0 0 0 0 0 0 0 0 0 0 0 0 0 0 0 0 0 0 0 0 0 0 0 0 0 0 0 0 0 0 0 0 0 0 0 0 0 0 0 59834.49913 248759.8559 0 0 0 0 0 0 0 0 0 0 0 0 0 0 0 0 0 0 0 0 2.824904612e-150 0 0 0 0 0 0 0 0 0 0 0 0 0 0 0 0 
0 0 0 0 0 24.06856014 0 0 0 0 0 0 0 0 0 0 0 0 0 0 0 2.532521886e-15 0 0 0 0 0 0 0 0 0 0 0 0 0 0 0 0 0 0 0 0 0 0 0 0 0 0 0 5870.50184 0 0 0 0 0 0 0 0 0 0 0 0 0 0 0 0 0 0 0 0 0 0 0 0 0 0 0 0 0 0 0 0 0 0 0 0 1.069823389e-115 0 0 0 0 0 0 0 0 0 0 0 0 0 
0 0 0 0 0 4.017569265e-101 0 0 0 9.508124223e-07 0 0 0 0 0 0 0 0 0 0 0 0 0 0 0 0 0 0 0 0 0 0 0 0 0 0 0 0 0 0 0 0 0 0 0 0 0 0 0 0 0 9.558126055e-109 0 0 0 0 0 0 0 0 0 0.06889462749 0 1.744207316e-40 0 0 0 0 0 148786.5902 0 0 0 0 3922.766173 0 0 0 0 0 0 0 0 0.01549599898 0 0 0 0 0 0 0 0 0 247912.7859 0 0 0 0 0 0 
0 0 0 0 0 0 0 0 0 0 0 0 0 0 0 0 0 0 0 0 0 0 0 0 0 0 0 0 0 0 0 0 0 0 0 0 0 0 0 0 0 0 0 0 0 0 0 0 0 0 0 0 0 0 0 0 0 0 0 0 0 250133.5886 0 3.603228345e-19 0 0 0 0 0 0 8.441733714e-99 0 0 0 0 0 0 0 0 0 0 0 0 0 0 0 0 0 0 0 0 0 0 0 0 0 0 0 0 0 
0 0 0 0 0 0 0 0 0 0 2.264103285e-127 0 0 0 0 0 0 0 0 0 1.717798899e-122 0 0 0 0 0 0 0 0 0 0 0 0 0 0 0 248796.2591 0 0 0 0 0 2.69676451e-33 0 0 0 0 6.830828168e-130 0 1.080280953e-36 0 0 0 0 0 0 0 0 1.144090046e-122 0 0 0 0 0 3.823453397e-07 0 0 0 0 0 0 1.823721688e-08 0 0 0 0 0 0 0 0 0 0 0 0 0 187939.5164 0 1.479380213e-98 0 0 0 0 0 0 0 0 0 0 0 0 
16.63229409 0 0 0 0 0 2346.659335 0 0 0 0 0 0 0 1.161950109e-49 0 0 0 0 0 0 0 0 0 0 0 0 0 0 0 0 8.06887782e-06 0 0 0 223508.4427 1.574682181e-36 0 0 0 4.113700207e-171 0 0 0 0 0 0 0 0 0 0 0 0 0 4.250419878e-161 0 0 0 0 0 0 0 0 0 0 0 247897.6183 0 0 0 0 0 0 0 0 0 0 3.326348689e-133 0 0 0 0 0 0 0 0 0 0 0 0 0 0 0 0 0 0 1.023130134e-161 0 0 1.964858576e-36 
0 0 0 0 0 0 0 0 0 0 0 0 0 0 0 0 0 0 0 0 0 0 7.59677933e-180 0 0 29.15689453 0 1171.825022 0 0 0 0 0 0 1.047289309e-13 0 0 0 0 0 0 0 1.557899569e-103 0 0 249063.2568 8.7651843e-21 0 0 0 0 0 0 0 0 0 0 0 0 0 0 0 0 0 0 0 0 0 0 0 0 0 0 0 0 0 0 0 0 9.362847072e-27 0 0 0 0 0 0 0 0 0 0 0.0123905819 0 0 0 9.296710791e-158 0 0 0 0 0 
4.020066677e-176 0 0 0 0 0 0 0 0 0 0 0 217499.8782 0 0 92923.97867 0 0 0 236962.2364 0 0 0 0 0 0 0 0 0 0 0 0 0 0 0 0 0 0 4.086148956e-23 0 0 0 0 0 0 0 0 0 0 0 0 0 0.0001364577249 0 0 0 0 0 0 0 7.448773849e-15 0 0 0 0 0 0 0 0 0 0 0 0 0 0 0 0 1.840989657e-54 0 0 7.543103768e-88 0 0 0 0 0 0 0 0 0 0 0 0 0 0 0 0 0 0 0 
0 0 0 0 0 0 0 0 0 0 1.403003582 0 0 0 0 0 0 0 0 0 0 0 0 0 0 0 0 0 0 3.538284165e-29 0 0 0 0 0 2.393057287e-34 0 0 0 0 0 247796.2516 0 0 0 0 0 0 0 0 0 0 0 0 0 0 0 0 0 0 0 0 0 0 0 0 0 0 0 6.586729846e-44 0 0 0 0 0 0 0 0 0 0 248611.4726 0 0 0 0 0 0 0 0 0 0 0 0 0 0 1.640436631e-21 0 0 0 0 
0 0 0 0 7.255362868e-12 0 0 0 248147.0188 0 0 3.65747352e-29 1.812317995e-22 0.1771121465 0 0 0 0 0 0 0 9.315539136e-18 0 0 0 0 0 0 0 0 0 1.54633722e-37 0 0 0 209728.7444 0 0 0 0 0 0 0 2.358931536 0 0 0 0 0 0 0 0 0 0 0 0 0 0 1.643283937e-95 0 0 0 0 8.14890209e-98 0 0 0 0 0 0 0 0 0 0 0 0 1.298470421e-41 0 5981.027869 0 0 0 0 0 0 161359.949 0 0 0 0 0 0 0 6.499334227e-35 1.970938149e-10 0 0 0 0 0 
0 0 0 0 4.246191633e-118 0 0 0 8.08225459e-30 7.997362093 0 0 0 0 0 123565.553 0 0 0 180366.3149 0 0 0 0 0 0 0 0 0 0 0 0 0 0 0 0 0 0 0 0 0 0 0 0 0 0 0 239412.4092 0 0 0 0 0 0 0 0 0 0 0 0 0 0 0 0 0 0 0 0 0 0 0 1.551193921e-41 0 0 0 0 1.018940227 0 0 0 0 0 0 0 5.712971531e-97 2.390405358e-120 0 0 0 1.675699462e-166 0 0 0 0 0 0 0 0 0 0 
0 0 0 0 0 0 0 0 0 0 250131.0435 0 0 0 0 0 0 0 0 8.07479766e-45 0 0 0 0 0 0 0 0 0 0 0 0 0 0 0 55161.48219 0 0 0 0 0 0 0 0 6.593952153e-44 0 0 0 0 0 0 0 0 0 0 0 0 0 0 0 1.257227449e-06 0 0 0 0 0 0 0 0 4.200419101e-66 1.136993595e-26 0 0 0 0 1.124185585e-11 0 5.827611451e-05 0 0 0 0 203402.4591 0 0 0 0 0 0 0 0 0 0 0 0 0 0 0 543.076124 0 
0 0 0 0 0 0 0 0 0 0 2.52473984e-19 0 0 0 0 0 0 0 0 0 0 0 0 0 0 0 0 0 0 6.945993784e-35 0 0 2.855757197e-20 139239.4159 0 0 0 0 0 0.00398191952 0 1.088982189e-92 0 0 0 0 0 0 0 5.425565424e-127 0 0 0 0 0 0 0 0 0 1.099202573e-05 0 0 0 0 0 0 0 0 0 0 0 0 0 0 0 0 0 0 0 0 0 0 0 0 0 0 2622.832156 0 0 0 0 0 0 0 0 0 0 0 0 0 
0 0 0 0 0 0 0 0 0 0 0 251112.5262 0 0 11.05353656 0 0 0 0 0 0 0 0 0 6.948234263e-19 0 0 0 0 0 0 0 0 0 0 0 0 0 0 0 0 0 0 0 0 0 0 0 3.879797177e-09 0 0 0 0 2.263618639e-46 0 0 0 0 0 0 0 0 2.535079111e-87 0 0 0 0 0 0 0 0 0 0 0 0 0 0 0 0 0 0 0 0 0 243357.5431 0 0 0 0 0 0 0 0 29945.9565 0 0 0 0 0 0 
0 0 0 0 0 9.737878982 0 0 0 0 0 0 0 0 0 0 0 0 0 0 0 0 0 0 0 0 0 0 4.720966438e-40 0 0 0 0 0 0 0 0 0 0 0 0 4.227964558e-82 0 0 0 0 0 0 0 0 0 0 0 0 0 0 0 0 0 0 0 0 0 0 0 0 0 0 0 0 0 0 0 0 0 0 0 0 0 0 0 0 0 0 0 0 0 0 0 0 0 0 0 0 0 0 0 1.204584788e-117 2.545780101e-06 0 
0 0 0 0 0 0 0 0 0 0 0 0 0 0 0 0 0 0 0 0 0 0 0 0 0 0 0 0 0 0 0 0 0 0 0 0 0 4.110456512e-141 0 0 0 0 0 6.732244502e-46 0 0 0 0 0 0 0 0 0 0 0 0 0 0 0 0 248736.9599 0 0 0 0 0 0 0 0 0 0 0 0 4656.36642 0 1.706490273e-37 0 0 0 0 0 0 0 0 0 0 0 0 0 0 0 0 0 0 0 0.0149422901 0 0 0 0 
0 0 0 0 0 248954.9048 0 2.128966256e-67 3.995526578e-19 0 0 0 0 0 0 0 0 0 0 0 0 0 0 0 0 0 0 0 0 0 0 0 0 0 0 0 0 6.879814415e-17 0 0 0 0 0 0 0 0 0 0 0 0 0 0 0 0 0 0 0 2.145065918e-142 0 0 0 0 0 0 0 0 0 9265.665054 0 0 0 0 0 0 0 0 0 0 0 0 0 0 0 0 0 27.23254427 0 0 0 0 0 0 0 0 0 0 0 0 0 0 
0 0 0 0 0 0 0 0 0 0 0 0 0 0 0 0 0 0 0 0 0 0 0 0 0 0 0 0 248754.0006 0 0 0 0 0 0 0 0 0 0 0 0 0 0 0 0 0 0 0 0 0 0 0 219254.0761 0 0 0 0 0 0 0 0 0 0 0 0 0 5.581024599e-11 0 0 0 0 0 0 0 0 0 0 0 0 3.98435753e-155 0 0 0 0 0 0 0 0 0 0 0 0 0 0 0 0 0 0 0 0 
0 0 0 0 0 0 0 0 10.30358545 0 0 0 0 0 0 0 0 0 3.580461807e-28 0 0 0 0 0 196341.4448 0 0 0 0 0 0 7.695848692e-100 0 0 0 0 0 3.341586516e-123 0 0 0 0 0 0 0 0 0 0 0 0 2.753609285e-26 0 0 0 0 0 0 0 0 0 0 0 0 0 0 0 0 0 0 0 0 0 0 0 0 0 0 0 0 0 0 0 0 0 0 0 0 0 0 0 0 0 0 0 0 0 0 0 0.03818482821 0 
0 0 0 0 0 8.17623279e-160 0 0 0 0 0 0 0 0 0 0 0 0 0 0 0 0 0 0 157.2408902 0 0 1.306817599e-114 0 0 0 0 0 0 0 0 0 0 1.595829197e-06 2.424925331e-06 0 0 0 0 0 0 0 0 0 1.149623988e-34 0 0 0 0 0 0 0 0 0 0 0 0 222374.8748 0 0 0 0 0 0 0 0 0 0 0 0 4.39728559e-62 0 0 0 2.482382408e-08 0 0 0 0 0 0 3.766695908e-10 0 0 0 0 7.363412892e-173 0 0 0 0 0 0 0 0 
0 0 0 0 0 0 0 0 0 0 0 0 0 0 0 0 0 0 0 0 0 0 0 448.6666577 5.978002354e-06 0 0 0 0 0 0 0 0 0 0 0 0 0 0 0 0 0 0 0 0 0 0 0 0 0 0 0 0 0 0 0 0 0 0 0 0 2.493404961e-88 0 1.79333795e-25 0 0 3342.290339 0 0 0 0 0 0 0 0 0 0 0 0 0 0 0 0 0 1.45191588e-10 0 0 0 0 0 0 0 0 0 0 0 0 0 0 0 
0 0 0 0 8.207307795e-11 0 0 0 0 0 0 245530.4652 0 0 0 0 0 0 0 0 0 0 0 0 0 0 0 28585.20043 0 0 0 0 0 0 0 0 0 0 0 0 0.08041240452 0 0 0 0 0 0 0 0 0 0 0 0 0 0 0 0 0 0 0 183751.1885 0 0 0 0 0 0 0 0 0 0 0 0 0 0 0 7.786506185e-111 1.080483053e-49 0 0 0 0 0 0 0 0 0 0 0 0 0 0 0 0 0 0 0 0 2.922917703e-13 0 
0 0 0 0 0 0 0 0 9.633797986e-139 0 0 0 0 0 0 0 0 0 0 0 0 0 0 1.598746903e-120 0 0 0 0 0 0 4.415163289e-99 0 1.93884751e-46 0 3.922102589e-27 0 0 0 0 0 0 0 0 0 2.881047333e-191 0 0 0 0 0 0 4.102940101e-46 0 0 0 0 0 0 0 0 0 0 0 0 0 0 0 0 0 0 0 0 0 0 0 0 0 0 222515.6755 0 0 0 0 0 0 0 0 0 0 0 0 0 0 0 0 0 0 0 0 0 
0 0 0 0 0 0 2.162795573e-19 0 0 0 0 0 0 0 0 0 0 0 0 0 0 0 0 0 0 0 0 0 0 0 0 0 0 0 0 0 0 0 0 0 0 0 0 0 0 3.123328733e-116 0 0 0 0 0 0 0 0 0 0 0 0 0 0 0 0 0 9.696317209e-68 0 0 0 0 0 253581.1162 0 0 0 0 0 0 0 0 0 0 0 0 0 4.150389152e-11 0 0 6.101517183e-07 0 0 0 0 0 0 0 0 0 0 0 1.350643523e-17 0 
0 0 0 0 0 0 2.098931135e-151 0 0 0 2.679531455e-40 0 0 0 0 0 0 0 0 0 0 0 0 0 0 0 97.70543586 7.577541651 0 0 0 0 0 0 0 0 0 2.370913935e-99 0 0 0 0 0 0 0 0 0 0 0 0 0 0 0 0 0 0 0 0 0 0 0 0 0 0 4.131017651e-39 0 0 4.399900257e-12 0 0 0 0.940810413 0 0 0 0 0 0 0 9749.030269 8.460360372e-32 0 0 0 0 0 0 0 0 1.302398096e-16 0 0 0 0 0 0 0 0 0 0 
0 0 0 0 0 0 5.815930712e-09 0 0 0 0 0 0 0 0 7.941303057e-10 0 0 0 0 0 0 0 0 0 0 0 0 0 0 0 0 0 0 0 0 0 0 0 0 0 0 0 0 0 0 0 0 0 0 0 0 0 0 0 0 0 0 0 0 0 0 0 0 250464.1066 0 0 0 0 0 0 0 0 0 0 0 0 0 0 4.255425114e-36 0 0 0 0 0 0 0 0 0 0 0 0 0 0 0 0 0 1.425307761e-07 0 0 
0 0 0 0 0 0 0 0 0 0 0 0 0 0 0 0 0 0 0 0 0 4.566958968e-22 0 0 0 0 0 0 0 0 9.051398002e-55 0 0 0 0 0 0 0 0 0 0 0 3.578201503e-22 2.556505969e-32 0 6.636827011e-23 0 0 0 0 0 0 0 0 0 0 242658.579 0 0 0 199357.7583 0 0 4.692577953e-141 0 0 0 0 0 0 0 0 0 0 0 0 0 2.731060731e-98 0 0 0 9.796298328e-78 6.833490123e-09 0 0 0 0 0 0 0 0 0 0 32280.3007 0 0 0 0 0 0 
0 0 0 7.680903906e-59 0 36.36084578 0 0 0 6.099416911e-128 0 0 0 0 2.298122609e-151 0 0 0 0 0 0 0 0 0 0 1.445485684e-24 0 0 0 0 0 0 0 0 245223.6233 0 0 0 0 0 0 0 0 6.29685393e-67 0 0 0 0 0 0 0 0 6.212979825e-159 0 0 0 0 0 0 0 0 0 0 0 0 0 0 0 0 0 0 0 0 0 0 0 0 0 0 0 0 0 0 0 0 0 0 0 0 0 0 0 0 0 0 0 0 0 0 0 
0 0 0 0 0 0 0 0 0 0 0 0 0 0 0 0 0 0 0 0 0 1.393116352e-64 0 0 0 0 0 0 2.048707714e-48 0 0 0 0 0 0 0 0 0 0 0 0 0 0 0 0 0 0 0 0 0 0 0 0 0 0 0 0 0 0 0 0 0 0 0 0 0 0 0 251579.9247 0 0 0 0 0 0 0 0 0 1.52018915e-05 0 0 0 0 0 0 0 0 0 0 0 0 0 0 244528.4728 0 0 0 0 0 0 
238103.2784 0 0 0 0 0 0 0 0 0 0 0 3376.780188 0 0 0 0 0 0 0 0 0 0.4079024619 0 2.630794492e-53 0 0 0 0 0 0 0 0 9.733556414e-11 0 0 0 0 0 0 0 0 0 0 0 0 0 0 0 0 0 0 0 0 0 0 0 0 0 0 0 0 0 0 0 249377.4381 0 0 0 0 0 0 0 0 0 0 0 0 0 0 0 0 0 0 0 0 0 0 0 0 0 0 0 0 0 0 0 0 0 0 
0 0 0 0 0 0 0 0 0 0 0 8.376942058e-22 0 0 0 0 0 0 0 0 0 0 0 0 0 0 0 0 0 0 0 0 0 0 0 0 0 0 0 0 0 0 0 0 0 0 0 0 3.238252093e-109 0 0 0 0 165829.9344 0 0 0 0 0 0 0 0 0 0 0 0 0 0 0 0 0 0 0 0 0 0 0 0 0 0 0 0 0 0 0 0 0 0 0 2.139866618e-83 0 0 0 0 0 0 0 0 0 0 
0 0 0 0 0 0 0 0 0 0 1.777825236e-59 0 0 0 0 0 0 0 2.240860067e-151 0 0 0 0 0 0 0 0 0 0 0 0 0 0 0 2.891456793e-52 0.2018854532 0 0 0 0 0 0 0 0 0 0 0 0 4.818272296e-08 0 0 0 0 0 0 0 0 0 0 0 0 0 0 0.01302321066 0 0 0 0 0 0 0 0 0 0 0 0 4.019493911e-23 0 0 0 0 0 0 0 0 0 0 0 0 0 0 0 0 0 0 0 0 0 0 0 
0 1.60039192e-118 0 0 0 0 0 0 0 0 0 237833.4254 0 0 0 0 0 0 0 0 0 0 0 0 189961.7176 0 0 0 0 0 0 0 0 0 0 0 0 0 0 0 0 0 0 0 0 0 0 0 0 5.171141414e-35 0 0 0 0 0 0 0 0 0 0 0 0 0 0 0 0 0 0 0 0 0 0 0 0 0 0 0 0 0 9.29141689e-170 0 0 0 0 0 0 0 0 0 0 103805.7807 0 0 0 0 0 0 0 0 0 
0 0 0 0 0 0 0 0 2.179263631e-12 7.544918982e-33 0 0 0 0 0 0 0 0 0 0 0 0 0 0 0 0 1.131217504e-183 0 0 0 0 0 0 0 0 3.046578957e-13 0 244344.0159 0 0 0 0 0 0 0 0 0 0 0 0 0 0 0 0 0 0 0 0 0 0 0 0 216473.3004 0 0 0 246750.0719 0 0 0 0 0 0 0 0 0 0 0 0 0 0 0 0 0 0 0 0 0 0 0 0 0 0 0 0 0 0 0 0 0 
0 0 0 0 0 0 0 0 0 0 0 0 0 0 0 0 1.865701449e-47 1.737722826e-139 1.655647261e-154 0 0 5.985960198e-28 0 0 0 0 0 0 0 0 3.014151104e-107 0 0 0 0 0 0 0 0 0 0 0 0 0 0 0 1.163580509e-109 0 0 0 0 0 0 0 0 0 0 0 0 0 0 0 0 0 0 0 0 0 0 0 0 0 0 0 0 0 0 0 0 0 0 0 0 0 0 19784.27657 0 0 0 0 0 0 1.283135303e-05 0 0 0 0 249956.2479 0 0 
0 0 0 0 0 0 0 0 0 0 0 249837.5873 0 0 0 0 0 0 0 0 0 0 0 0 0 0 0 0 0 6.56446496e-35 0 0 0 244575.033 0 0 0 0 0 0 0 0 0 0 0 0 0 0 0 0 0 0 0 0 0 0 0 0 0 5.073650311e-29 0 0 0 0 0 0 0 0 0 0 0 0 0 0 0 0 0 0 0 0 0 0 0 3.195202702e-08 0 0 0 0 0 0 0 0 0 0 0 0 0 0 0 0 
0 0 0 0 0 0 0.001120156123 0 0 0 0 0 0 0 0 0 0 0 0 0 0 0 0 0 0 0 0 0 0 0 0 0 0 0 0 0 0 0 0 0 0 0 0 0 0 0 0 0 0 0 0 0 0 0 0 0 0 0 0 0 0 0 0 1.827495443e-10 0 0 0 0 0 0 0 0 0 0 1.157608593e-186 0 0 0 0 0.006850170401 0 0 0 0 0 0 0 0 0 0 0 0 0 0 1.631003765e-13 0 0 0 1.408564441e-13 0 
0 0 0 0 0 0 0 0 0 0 0 0 0 0 0 0 0 0 0 0 0 0 0 0 0 0 4.671185282e-16 0 0 0 0 0 0 0 0 0 0 0 0 0 0 1.54916646e-92 0 0 0 0 0 0 0 0 0 0 0 0 0 0 0 0 242586.3715 0 0 0 0 0 0 0 0 0 0 0 0 0 0 0 0 0 0 0 0 0 2.403839976e-14 0 0 0 0 0 0 0 0 0 8.953919474 1.949139505e-75 0 0 0 0 0 0 0 0 
0 0 0 0 0 0 8.131072891e-108 0 0 0 0 0 417.5986456 6.383854718e-138 0 0 0 0 0 0 0 0 0 0 0 0 0 0 2.535524824e-40 0 0 0 0 0 0 0 0 0 0 0 0 0 0 0 0 0 0 0 8.766699547e-159 0 0 0 0 0 0 0 0 2.298083606e-145 0 0 0 243756.1471 0 0 0 0 0 0 0 0 0 0 0 7.43783225 0 0 0 0 0 0 0 0 245158.6608 0 0 0 0 0 0 0 2.321730393e-45 0 0 0 0 0 2.070934631e-97 0 0 0 
0 0 0 0 0 0 0 0 0 0 0 0 0 0 0 0 0 0 0 0 0 0 0 0 0 0 0 0 0 0 0 0 0 0 0 0 0 0 0 0 0 0 0 0 0 0 0 0 0 0 0 0 5.453873724 0 137665.5366 0 0 0 0 0 0 0 0 0 0 0 0 1.032744019e-23 0 0 0 0 0 0 0 0 4.262423845e-206 0 0 0 1.000289857e-20 0 0 0 0 0 0 0 0 0 0 0 0 0 0 0 0 0 0 0 
0 0 0 0 0 0 0 0 0 2.397362681e-14 0 0 0 226248.5793 0 0 0 0 0 0 0 0 0 0 0 0 0 0 0 0 0 0 0 0 0 0 0 0 0 0 0 0 0 0 0 0 0 0 0 0 0 4.748177459e-34 0 0 0 0 0 0 0 0 0 0 0 0 0 1.761567215e-33 0 0 0 0 0 1.711651479e-39 0 8.655486193e-31 0 0 0 0 0 0 0 0 0 0 0 0 0 0 243759.4873 0 0 0 0 0 0 223623.0863 0 0 0 0 
0 0 0 0 0 0 0 0 0 0 0 0 0 0 0 0 0 0 0 0 219250.4075 0 0 0 0 0 0 0 0 0 0 0 0 0 0 0 0 0 0 0 0 0 0 0 0 0 2493.693471 0 0 0 0 0 0 0 0 0 0 0 0 0 0 0 0 0 0 0 0 0 0 0 0 3.028244935e-133 0 0 0 0 0 0 0 0 0 0 0 0 0 0 0 0 0 0 0 0 245113.5751 0 0 0 0 0 0 0 
0 0 0 0 0 0 0 0 0 0 0 0 0 0 0 0 0 0 0 0 0 1.712164597e-162 0 0 0 0 0 28111.97067 0 0 0 0 0 0 0 0 0 0 0 0 0 0 0 0 0 0 0 0 0 0 0 0 0 0 0 0 0 0 0 2.989936265e-64 0 0 0 0 0 0 0 0 0 0 0 0 0 0 0 0 0 0 0 0 0 0 0 0 2.098516674e-27 0 0 8.257292742e-18 4.561539543e-52 0 0 0 0 0 0 4.43225044e-90 0 0 0 0 
0 0 0 0 0 0 2.924120852e-34 0 0 0 0.4210277776 7.301546114e-20 1.070316883e-39 0 0 0 0 0 221741.3436 0 0 0 0 0 0 0 0 0 0 0 0 0 0 0 0 0 0 0 0 0 0 0 0 0 0 2.051742298e-121 960.5172235 0 0 0 0 0 0 0 0 0 0 0 0 0 0 0 0 0 0 0 0 0 0 0 0 0 0 0 0 0 0 0 2.425766521e-14 0 0 0 0 0 0 0 0 0 0 0 0 0 0 251981.8889 0 0 0 0 0 0 
0 0 0 0 0 1.481180806e-31 0 0 0 0 0 0 0 0 0 0 0 0 0 0 0 0 0 0 0 0 0 0 0 0 0 0 0 0 0 0 0 0 0 0 0 0 0 0 0 0 0 0 0 0 0 0 0 0 0 0 0 0 0 0 0 0 0 0 0 249641.7922 0 0 5.594603428e-08 0 0 0 0 4.794913493e-65 0 0 0 8.623621908e-27 0 0 0 0 0 0 9.553039899e-150 0 0 0 0 0 0 0 0 1.783795438e-09 0 0 0 0 0 0 
0 0 0 0 2.504437488e-16 0 0 0 0 0 0 0 0 0 0 0 0 0 246801.8895 0 0 0 0 0 0 4.014438698e-11 0 0 0 0 3.326764408e-127 0 0 0 0 0 0 0 0 0 0 0 0 0 0 0 0 0 0 0 0 0 0 0 0 0 0 0 0 0 0 0 0 0 0 0 0 0 16695.86249 0 0 0 0 0 0 0 0 0 0 0 0 0 0 0 0 0 182928.4277 0 0 0 0 5.195968591e-17 0 0 0 0 0 0 0 0 
0 0 0 0 0 0 0 0 0 0 0 0 0 0 0 0 0 245050.7351 0 0 0 1.533703339e-10 0 2.488250987e-07 0 0 0 0 0 0 0 0 0 0 0 0 0 0 0 0 2.080040452e-07 0 0 0 0 0 0 0 0 0 0 0 0 0 0 0 5.145730346 0 0 0 0 0 0 0 0 0 0 0 0 0 6.352931061e-26 0 0 0 2.283765239e-11 0 0 0 0 7.512679285e-27 0 0 7.932390298e-12 0 0 0 0 0 0 0 0 0 0 0 1.297540745e-42 0 0 0 0 0 
0 0 0 0 0 0 0 0 0 0 0 0 0 2.283459289e-101 0 3.948580189e-135 0 0 0 0 0 0 0 0 0 0 0 0 0 0 0 0 0 1.233284106e-90 0 0 0 0 0 0 0 0 0 0 0 0 0 0 0 0 0 0 0 0 0 0 0 0 0 0 0 0 0 0 706.6683462 0 0 0 0 0 0 0 0 0 0 0 0 0 0.000445876154 0 0 0 0 0 0 0 0 0 4079.31886 0 0 0 3.33928521e-34 1.95764998e-38 0 0 0 0 0 0 
0 0 0 0 0 0 0 0 0 0 0 0 0 0 0 0 0 0 0 0 0 0 0 0 0 0 0 0 0 2.980960734e-68 0 0 0 0 0 0 0 0 0 0 0 0 0 0 0 0 0 0 0 0 0 0 0 0 0 0 0 0 0 0 0 0 0 0 0 0 0 0 0 0 0 0 0 0 0 0 0 0 1.461167631e-137 0 0 0 0 0 0 0 0 3.900677417e-13 0 0 0 0 0 0 0 0 0 0 0 0 
# Errors [PSD_fluxpos/xdist_fluxposy.dat] I_err:
0 10.26299067 0 0 0 0 0 0 0 0 0 0 0 0 0 0 0 0 0 0 0 0 0 0 0 0 0 0 0 0 0 0 0 0 0 0 0 0 0 0 0 0 0 0 0 0 0 0 0 0 0 0 0 0 0 2.933282047e-67 0 0 0 0 0 0 0 5.199656801e-60 0 0 0 0 0 0 0 0 0 0 3.334817933e-37 0 0 0 0 0 0 0 0 0 249591.2126 0 0 0 0 0 0 46213.76822 0 0.0006608213112 0 0 0 0 0 0 
0 0 0 0 0 0 0 0 0 0 0 0 0 0 0 0 8.492833798e-19 0 0 0 0 0 0 0 0 103569.3974 0 0 0 0 0 5.9733094e-20 2.810069104e-32 0 0 0 0 0 0 0 0 0 0 0 0 0 0 0 0 0 0 0 0 0 0 0 0 0 0 0 0 0 0 0 0 0 0 0 0 0 0 0 0 0 0 0 0 0 0 0 0 0 0 0 0 0 34.80767467 0 0 0 245427.4947 0 0 0 0 0 0 1.818795385e-33 0 0 
0 27.84570148 0 0 0 0 0 0 0 23472.81089 0 0 0 0 0 0 0 0 0 5.272863706e-41 0 0 0 0 0 2.640122827e-29 0 0 0 0 0 0 0 0 0 0 0 0 0 2.060351975e-05 0 0 0 0 0 0 0 0 0 0 0 0 0 0 0 0 1.039042802e-28 0 0 0 3.712154369e-12 0 0 0 0 0 0 0 6.847150146e-32 0 0 0 0 0 0 0 0 0 0 0 0 0 0 0 0 0 0 7.934741667e-50 0 0 0 0 0 0 0 0 0 0 0 0 
0 0 0 1.186889761e-59 0 0 0 0 0 0 0 0 0 0 0 0 0 0 1.295954932e-53 0 0 0 0 0 0 0 0 0 0 0 0 0 0 0 248223.3038 0 0 0 0 0 0 251435.7642 0 0 0 0 0 0 0 0 0 0 0 0 0 0 0 0 5218.586467 0 0 0 0 0 0 3.563697586e-97 0 0 0 0 0 0 1.366228431e-100 0 0 0 0 0 0 0 0 0 0 0 0 0 0 0 0 0 0 0 0 0 0 0 0 6.488738677e-13 0 0 
0 0 247547.9927 0 8.336977391e-44 0 0 0 0 0 0 0 0 0 0 2.622070654 0 0 0 0 4.724245791e-10 0 0 0 0 0 0 0 0 0 0 0 0 0 3.264133984e-23 0 0 0 0 0 0 0 0 0 0 0 0 0 0 0 133460.4835 0 0 0 3.932821368e-16 0 0 0 0 0 0 0 0 0 0 0 0 0 0 0 0 4.075692433e-131 0 0 0 0 0 0 167.0508331 0 0 0 0 0 0 163904.8162 0 0 0 0 0 0 30508.28744 0 0 0 0 0 0 1.488795648e-35 
0 0 0 0 6.268053305e-13 0 0 0 0 0 0 0 0 0 0 0 0 0 0 0 0 0 0 0 0 0 0 0 0 0 0 0 0 0 0 9.991549104e-16 0 0 0 0 0 0 0 0 0 0 0 0 0 0 0 0 0 0 0 0 0 0 0 0 0 0 0 0 0 0 0 0 5.336139313 0 0 0 0 0 0 0 0 0 1.172628972e-21 0 0 0 0 0 0 245431.4825 0 0 0 0 0 0 0 0 0 0 0 0 0 0 
0 0 0 0 0 0 0 0 0 0 0 0 0 0 0 0 0 0 8.296608921e-39 0 0 0 0 0 0 201277.0604 0 0 0 0 0 0 0 0 1.626556987e-159 0 0 0 1.731290779e-76 0 0 0 0 0 0 0 0 0 0 0 0 0 0 0 0 0 0 0 0 0 0 0 0 0 0 0 0 0 0 0 0 0 0 0 0 0 4.861931296e-146 0 8.26638516e-103 0 0 0 0 0 0 10306.6721 0 0 0 0 0 0 0 0 0 0 0 0 4.28789096e-90 0 
0 0 0 0 0 0 0 0 0 0 5.813140664e-197 0 0 0 0 0 3.34320725e-98 0 0 0 237624.3064 0 0 0 0 0 0 0 0 0 0 0 0 0 0 0 0 0 0 0 2108.013736 0 0 0 0 0 0 4.075605074e-125 0 0 0 0 0 0 0 0 5.84452289e-17 0 0 0 0 0 0 0 0 0 0 0 0 0 0 0 0 0 0 0 6.473008927e-155 0 0 0 0 0 0 0 0 0 0 0 0 0 0 0 0 0 0 0 0 0 0 0 
0 0 0 0 0 0 2.417816747e-06 0 0 0 0 0 0 0 0 0 0 0 0 0 0 0 0 0 0 0 0 0 0 0 0 0 0 0 0 0 0 0 0 0 0 0 0 3.921681574e-05 0 0 0 0 0 0 0 0 0 0 0 0 0 0 0 1.129609452e-21 0 0 0 0 0 2.577314201e-81 0 0 0 0 0 206627.1922 0 0 0 0 0 0 0 1.067810296e-115 0 0 0 0 0 0 0 0 120521.0409 0 0 0 244559.3637 0 0 0 0 0 0 0 
0 0 0 0 0 0 0 0 0 0 0 0 0 0 0 0 0 0 0 0 0 0 0 0 0 0 0 0 0 0 1.005929566e-37 0 0 0 0 0 0 0 0 0 0 0 0 0 0 0 0 0 0 0 0 0 0 0 0 0.002544824089 0 3.944656453e-25 0 0 0 243525.134 0 0 0 0 0 0 0 3.122332873e-187 0 0 0 0 6.996568262e-137 0 0 0 0 0 0 2.404103349e-132 0 0 0 0 0 0 0 0 0 0 0 0 0 0 0 0 0 0 
0 2129.976006 0 0 0 0 0 0 0 0 0 0 0 0 0 0 0 0 0 0 0 0 0 0 0 0 0 0 0 0 0 0 0 0 0 0 248239.01 0 0 0 0 0 0 0 0 0 0 0 0 0 0 0 0 0 306253.782 0 0 0 0 0 0 0 0 0 0 0 0 0 0 3.58418505e-10 1.148592936e-107 0 0 0 0 0 3.144278193e-24 0 0 0 0 0 0 0 0 0 0 0 0 0 0 0 205049.4772 0 0 0 0 0 0 0 
0 0 0 0 0 0 2.304492741e-39 0 0 0 0 0 0 0 0 0 0 0 0 0 0 0 0 0 0 0 0 0 2.107783295e-81 0 0 0 0 0 0 0 0 0 0 0 9.66039601e-169 0 0 0 0 0 0 0 0 0 0 244823.375 1.435184177e-94 0 0 0 0 0 0 0 0 0 0 0 0 0 0 0 0 0 0 1.119436128 0 0 0 0 0 2.393871052e-13 0 0 0 0 0 0 0 0 0 0 0 0 0 0 0 0 0 0 0 0 0 0 
0 0 0 0 0 0 0 0 0 0 0 0 0 0 0 0 0 0 0 0 0 0 0 0 0 0 0 0 0 0 0 0 0 0 5.40241801e-14 0 0 0 0 0 0 0 0 0 0 0 0 0 0 0 0 0 0 0 0 0 0 0 0 0 0 0 1723.824484 0 0 0 5.703884258e-42 0 0 0 0 0 0 0 0 0 0 3.822036861e-20 0 0 0 0 0 0 0 0 0 0 0 0 0 0 0 0 0 0 0 0 0 0 
0 0 0 0 0 0 0 0 0 0 0 0 0 0 0 0 4.068888265e-13 0 0 0 0 0 0 0 0 0 0 0 7070.574354 0 0 0 0 0 0 0 0 0 0 0 0 0 0 0 0 0 0 0 0 0 0 0 0 70108.90238 0 0 0 0 0 0 0 0 0 0 0 0 0 3.185033664e-29 1.815520531e-101 0 0 0 0 0 26.3919756 0 0 0 0 0 0 0 0 0 0 0 0 0 0 0 548.7174095 0 0 0 0 0 0 0 0 0 
0 0 0 0 0 0 0 0 0 6.823436564e-09 0 0 0 0 0 0 0 0 0 0 0 0 0 0 0 0 1.142455245e-06 0 2.816944912e-99 0 0 0 0 0 0 0 231.2213653 0 0 0 0 0 0 0 0 0 0 0 0 0 0 0 0 0 0 0 0 0 6.424707206e-175 0 0 0 0 0 0 0 0 0 0 0 0 0 0 0 0 0 7.705369841e-211 0 0 0 2.433352668e-25 0 0 0 0 0 0 0 0 0 0 0 0 0 1.082112633e-14 0 0 0 0 0 
0 0 0 0 0 0 0 0 0 0 0 0 213025.014 0 0 0 0 0 0 0 0 0 0 0 0 0 0 0 0 0 0 0 0 0 231105.4825 0 0 0 0 0 0 0 0 0 0 0 0 0 973.4732745 0 0 0 0 0 0 0 0 0 0 0 0 0 0 0 0 0 0 0 0 0 0 0.08187453985 0 0 0 291.3648268 0 0 0 0 0 0 0 0 0 0 0 0 0 0 0 0 0 0 0 0 0 0 0 0 
0 0 0 0 0 0 0 0 0 0 0 0 0 0 3.256863185e-95 0 0 0 0 0 0 0 0 7.783874298e-24 0 1.224209815e-140 248237.4682 7.511428102e-108 0 229109.4652 0 0 0 723.440347 0 0 0 0 0 0 0 0 1.953512371e-06 0 0 0 0 0 0 0 0 0 0 0 0 0 0 0 0 0 0 0 0 0 0 0 0 0 0 0 0 0 0 0.005295387441 0 0 0 0 0 0 0 0 0 0 0 0 0 0 0 0 0 0 0 0 0 0 0 0 0 0 
0 0 0 0 0 0 0 0 0 1.820072768e-66 0 0 0 0 2.307019715e-92 0 247289.537 0 0 0 1.222465112e-96 0 0 0.003354427269 0 0 0 0 0 0.9340758601 0 0 0 0 0 0 0 0 0 0 0 0 0 0 0 0 0 0 0 0 3.714462073e-19 0 0 0 0 0 0 9.254043193e-118 0 0 0 0 0 0 0 0 0 0 0 0 0 0 0 0 0 0 0 0 0 0 0 0 0 0 0 0 0 0 0 0 0 0 0 0 0 0 0 183044.9036 0 0 
0 0 0 0 0 0 0 0 0 0 0 0 0 0 0 0 0 0 0 0 0 0 0 3103.81851 0 0 0 0 0 1.01081917e-100 0 0 0 0 0 0 0 0 0 0 0 2.453700683 0 0 0 0 0.5381172349 0 0 0 0 0 0 0 1.397238317e-128 0 0 0 0 0 0 0 0 0 0 0 0 0 0 0 0 0 0 0 0 0 0 0 0 1.018353482e-51 2.629063983e-34 0 0 0 0 0 0 0 0 0 0 0 0 0 0 0 0 9.13751644e-83 0 0 
0 0 1.015591487e-24 0 0 0 0 0 0 0 0 0 0 0 0 0 0 0 0 0 0 0 0 0 0 0 0 0 2.015071517e-43 0 0 0 0 0 0 0 0 0 0 0 0 0 0 0 0 0 0 0 0 0 0 0 0 6.733324786e-80 0 0 0 0 0 0 0 0 0 0 0 0 0 0 0 0 0 0 0 0 0 0 3.756757116e-34 0 0 0 0 0 0 8.002162298e-43 1.187028914e-40 0 0 2.477951008e-39 0 0 0 0 0 0 0 0 0 0 0 0 
0 0 0 0 3.667467351e-129 0 9.939590057e-08 0 1.570859922e-24 0 0 0 0 0 0 0 0 0 0 0 0 0 0 0 0 0 0 0 0 0 0 0 0 0 0 0 0 2.170651687e-116 0 6.979969178e-42 0 0 3.971212403e-24 0 0 0 0 184740.9117 0.2740332374 0 0 0 0 0 0 0 1758.62833 0 0 0 0 0 0 0 0 0.06348631254 0 6.487201039e-06 0 0 0 1.947793399e-17 0 0 0 0 0 0 0 0 0 0 1.059068325e-118 0 0 0 0 0 0 0 2.381472645e-123 0 0 0 0 0 0 0 0 248730.0767 
0 0 0 0 0 0 0 0 0 0 0 0 0 2.330314705e-109 0 0 0 0 0 0 0 0 0 0 0 0 0 0 0 0 0 0 0 0 0 0 0 0 0 0 0 0 0 0 0 0 1.62817839e-141 0 0 0 0 0 0 0 0 0 0 0 0 0 0 0 0 0 0 0 0 0 0 0 0 0 0 0 0 0 0 0 0 0 0 0 0 0 0 0 0 0 3.687851797e-84 0 0 0 0 0 0 0 0 0 0 0 
0 0 0 0 0 0 0 0 6.134789785e-37 0 0 0 0 0 0 0 0 0 0 0 0 0 0 0 0 0 0 0 0 0 0 0 0 0 0 0 0 0 0 0 0 0 0 0 0 0 0 0 0 5.006433732e-95 0 0 0 0 0 0 0 0 2.319771815e-57 0 0 0 0 0 0 0 0 0 0 0 0 0 0 0 0 0 6.92625474e-98 0 0 0 0 0 0 0 0 0 0 0 0 0 0 0 0 0 0 0 0 0 0 0 
0 0 0 0 0 0 0 0 0 0 0 0 0 0 0 0 0 0 0 0 0 0 0 0 0 0 0 0 0 0 0 0 0 0 0 0 0 0 0 0 0 0 0 0 0 0 0 0 0 0 0 0 0 4.069164526e-13 0 0 0 0 0 8.934968592e-56 0 0 0 0 0 0 0 0 0 0 0 7.521228532e-76 0 0 0 0 0 0 0 0 0 0 0 0 0 0 0 0 0 4.545106006e-32 0 0 0 0 0 0 3.183325785e-08 0 0 0 
0 0 0 0 0 0 0 0 0 0 3.148548617e-14 0 0 0 0 0 0 0 2.907612505e-155 0 0 0 0 0 0 0 0 0 0 0 0 0 0 0 0 0 0 0 0 0 0 0 0 0 0 0 0 0 0 7.755865062e-30 0 0 0 0 0 0 0 0 0 0 0 0 0 0.01961702126 0 0 0 0 0 0 0 0 0 0 0 0 6.631725583e-43 0 0 0 0 0 0 0 0 0 0 0 4.085932128e-09 0 0 0 0 0 0 5.230539446e-164 0 0 2.382279894e-61 0 
1.745829418e-105 0 2.000679376e-53 0 0 0 0 0 0 0 0 0 0 0 0 1.366013389 0 0 0 0 0 0 0 0 0 0 0 0 0 0 0 0 0 0 1.667356714e-07 0 9.560876502e-33 0 4.800224227e-21 0 0 0 0 0 0 0 0 0 0 0 0 0 0 0 0 0 0 1.348590387e-148 0 0 0 0 0 0 0 3.777364557e-13 0 0 0 0 0 0 0 0 0 0 0 0 0 0 0 0 0 0 0 0 0 0 2.324013731e-108 0 0 0 0 0 7.094799711e-55 0 0 0 0 0 
0 0 0 0 221765.258 0 0 0 0 0 0 0 0 0 0 0 0 0 0 0 249143.4746 0 0 0 0 0 0 0 0 0 0 0 0 0 0 0 0 0 6696.831807 0 0 8.175770948e-48 0 0 0 0 3.660770814e-26 0 0 0 975.8592008 0 0 0 0 0 0 0 0 0 0 0 0 0 0 0 0 0 0 0 0 0 0 0 0 0 0 0 0 0 0 0 0 0.0002086253103 0 0 0 0 0 0 0 0 0 0 0 4.429317859e-88 0 0 0 0 
0 0 0 0 0 0 0 0 0 0 0 0 0 0 0 0 0 0 0 0 0 0 0 0 0 0 0 0 0 2.60083152e-12 0 0 0 0 0 0 0 0 0 0 0 0 0 6.869396212e-109 0 0 0 0 0 0 0 0 0 0 0 0 0 0 0 0 0 0 15149.02208 0 0 0 0 0 0 0 0 0 0 0 0 0 0 0 0 0 0 0 0 0 0 251933.0754 0 0 0 5.301702366e-28 0.0003589592739 0 0 0 26174.51211 0 0 0 0 0 
0 0 0 0 0 0 0 0 0 0 0 0 0 0 0 0 0 0 0 0 0 0 0 0 0 0 0 0 0 2.057574595e-131 0 0 0 0 0 0 0 0 6.017744818e-22 0 0 0 0 0 0 0 0 0 0 0 0 0 0 0 0 0 0 0 0 0 0 0 3.171632515e-29 0 0 0 0 0 0 0 0 0 0 0 0 0 0 0 0 0 0 0 0 0 0 0 0 0 0 0 0 0 0 187422.3338 0 0 202161.546 0 0 0 
0 0 0 0 0 0 0 0 0 0 0 0 0 5.076216543e-30 0 0 0 0 0 0 0 0 0 0 0 0 0 0 2.116352836e-59 0 0 0 0 251374.2686 0 4.83582952e-06 215973.5768 0 0 0 0 0 0 0 0 0 0 1.985780136e-55 0 0 1.059467358e-09 0 0 0 0 0 0 0 0 0 5.855611327e-45 0 0 0 0 0 0 0 0 0 0 0 0 0 0 1.727647083e-83 0 0 0 0 0 0 0 0 0 0 0 0 0 0 0 0 0 0 0 244123.0012 0 0 0 0 
0 0 0 0 0 0 0 0 0 0 0 0 0 0 0 0 0 0 0 0 0 0 5.493263347e-38 0 0 0 0 0 0 0 0 0 0 0 0 0 0 0 0 0 0 0 0 0 0 0 2.723706335e-22 0 0 0 0 8.195695579 1.321637774e-66 0 0 0 0 248116.5116 0 0 0 0 0 0 0 164414.7145 0 0 0 0 0 0 0 0 0 0 0 0 0 0 0 8.332245174e-08 0 0 230554.3429 0 0 0 0 0 0 0 0 0 2.529545359e-132 0 0 0 0 0 
0 0 0 0 0 1.785823612e-50 0 4.928419368e-47 0 0 0 0 250667.1499 0 0 0 0 0 0 0 0 0 0 0 0 0 0 0 0 0 0 0 0 0 0 0 2.340679173e-25 0 0 0 0 4.838551213 1639.880755 0 0 0 0 0 0 0 0 0 0 0 0 0 0 5.252297461e-145 0 0 4.849459899e-29 0 0 0 0 0 0 0 0 0 0 0 0 0 0 0 0 0 2.575074181e-39 0 0 0 0 0 0 0 2.538450202e-23 0 245081.194 0 0 0 0 0 0 0 0 0 0 0 
0 0 0 0 0 1.381033956e-05 0 0 0 0 0 0 0 0 0 0 0 0 0 0 0 0 0 0 0 0 0 0 0 0 0 0 0 0 0 0 0 0 0 0 0 0 0 0 0 0 0 0 0 0 0 0 0 0 0 0 2.201554778e-17 0 0 0 0 51048.6486 0 0 0 0 0 0 0 0 7.25829552e-146 0 0 0 0 0 0 0 0 0 1.261165343e-51 0 0 0 9.814957954e-13 0 0 0 0 0 0 0 0 0 0 152.8261439 0 0 0 0 
0 0 0 0 0 0 0 0 0 0 0 0 0 0 0 0 0 0 0 0 0 0 0 0 0 0 0 0 6.142854076e-06 0 0 0 0 0 0 0 0 0 0 0 0 0 3.323594759e-35 0 0 0 0 0 0 0 0 0 0 0 0 0 0 0 0 0 0 0 0 0 0 0 0 0 2.019854947e-172 0 0 0 0 6.747654464e-13 0 0 0 0 0 0 0 0 0 5.88172875e-181 0 251075.9239 0 0 0 0 0 0 0 0 0 0 3.376791988e-165 0 0 0 
0 0 0 0 0 0 0 0 0 0 0 0 0 0 0 1.605094282e-08 0 0 0 0 0 0 0 0 0 0 1.682179269e-177 0 0 0 250785.8117 0 0 0 0 0 0 0 0 0 0 1.528397354e-22 0.223034098 0 0 0 0 0 2.181565716e-37 0 0 0 0 0 0 0 2257.182116 0 5.602270914e-07 0 0 6.633113714e-104 0 0 0 0 0 0 0 0 0 0 0 0 0 0 0 0 0 0 0 0 0 0 0 0 0 0 0 0 0 0 0 0 0 0 0 0 0 0 
0 0 0 0 0 0 0 0 0 0 0 0 0 0 0 0 0 0 0 0 0 0 0 0 0 0 0 0 0 247636.9306 0 0 0 0 0 0 0 0 0 0 0 0 0 0 0 0 0 0 0 0 0 0 0 0 0 0 0 0 0 0 0 0 0 0 0 0 0 0 0 0 0 0 0 0 0 0 0 0 5.331556724e-10 0 0 0 0 0 0 0 0 0 0 0 0 0 0 0 8.740097365e-05 0 0 0 0 0 
0 0 0 0 0 0 0 0 0 0 0 0 0 0 0 0 0 0 0 0 0 0 0 0 0 0 0 0 0 0 0 0 0 0 0 0 0 0 0 0 0 1.214561195e-31 0 0 0 0 0 0 0 0 0 0 0 0 0 0 0 0 0 0 0 0 0 0 0 0 0 0 0 0 0 0 0 0 0 0 0 0 0 0 0 0 0 1.407319228e-97 0 243675.8404 0 0 0 0 0 0 0 0 0 0 0 0 0 0 
2.176782744e-68 1.791563249e-11 0 0 0 0 0 0 0 0 0 0 0 0 0 0 0 0 0 0 0 0 0 0 1.163634714e-08 0 0 0 0 0 0 0 0 0 0 0 0 0 0 3.11097978e-11 0.9867714002 0 0 0 0 0 0 1.451395202e-21 0 0 0 0 0 0 0 0 0 51790.31203 0 0 0 0 0 0 0 0 0 0 1.872016788e-18 0 0 0 0 0 164273.1302 0 0 5.50866644e-60 0 0 0 0 0 0 0 0 0 0 0 0 0 0 0 0 0 0 0 0 0 0 
0 0 0 0 0 0 0 0 0 0 0 0 0 1.434583274e-19 0 4.927628154e-23 0 0 0 0 0 0 0 0 0 0 3.939353498e-47 0 0 0 0 0 1.813174927e-30 0 0 0 0 0 0 0 0 0 0 0 0 0 0 0 0 0 0 0 0 0 0 0 0 0 0 0 0 0 0 0 177763.4867 0 0.02757890472 0 0 0 0 0 0 0 0 0 4.628666332e-82 0 0 0 0 0 0 0 0 1.858640692e-06 0 0 0 0 0 0 0 0 0 2.713892219e-36 0 4.605540224e-163 0 0 
0 0 226037.416 0 0 0 0 0 0 0 0 0 0 0 0 0 0 0 0 0 0 0 0 0 0 0 0 0 0 0 0 0 0 0 0 0 0 0 0 0 0 0 0 0 0 208283.47 0 0 0 0 0 0 0 0 0 0 0 0 0 0 0 0 0 0 0 0 0 1.742895349e-111 0 0 0 0 0 0 0 0 0 0 0 0 0 0 0 0 0 0 0 0 0 0 4.854909497e-06 0 0 0 0 0 0 0 0 0 
0 0 0 0 0 0 0 0 0 0 0 0 0 0 0 0 0 9.174294766e-24 0 9.292244207e-122 0 0 0 0 0 0 0 0 0 0 0 0 9.882907555e-41 0 0 0 0 0 0 0 0 239724.3255 0 0 0 0 0 0 0 0 0 0 0 0 0 0 0 0 0 0 0 0 0 0 0 0 0 189.321683 0 1.910115466e-41 0 0 0 0 0 0 0 0 0 247017.6724 0 0 0 0 1.894152174e-23 0 0 0 0 0 0 244637.6181 0 0 0 0 1.02137661e-36 0 0 0 
0 1.560341004e-17 0 0 0 0 0 0 0 0 1.067426786e-15 0 0 0 0 0 0 0 0 0 0 0 0 0 0 0 0 0 43879.8704 0 0 0 0 0 0 0 0 0 0 0 0 0 0 1.428210232e-69 0 0 0 0 0 0 0 0 0 0 0 0 9.090239285e-05 0 0 0 0 0 0 0 0 0 4.598870631e-145 0 0 0 0 0 0 0 0 0 0 0 0 0 0 0 0 0 0 0 0 0 0 0 0 0 0 0 0 0 0 38565.73164 0 0 
0 0 0 0 0 0 24.75409575 0 0 0 0 0 0 0 0 0 0 0 0 0 1.477175536e-10 0 0 0 0 0.5409921112 0 0 0 0 0 0 0 0 0 0 0 0 0 0 0 0 0 0 0 0 0 0 0 0 0 247691.8116 0 0 0 0 0 0 0 0 0 0 0 0 0 0 0 0 0 0 0 0 0 3.218543541e-94 0 0 0 0 249969.126 0 0 0 0 0 0 0 9.05909757e-22 0 0 0 0 0 0 0 0 0 0 4.650240916e-170 0 0 
0 0 0 0 0 0 0 0 0 0 0 0 0 0 0 0 0 0 0 0 0 0 0 0 0 0 0 0 0 0 0 0 0 0 0 0 0 0 0 0 0 0 0 0 0 0 0 0 0 0 0 0 0 0 0 0 0 0 0 0 0 0 0 0 0 0 0 0 0 0 0 0 0 0 0 3.712330917e-135 0 0 0 2.154441092e-32 0 0 0 0 0 0 0 0 0 0 0 0 0 0 0 0 0 0 0 0 
0 0 0 0 0 0 0 0 0 242451.7671 0 0 0 0 0 0 0 0 0 0 0 0 0 0 3.393870693e-14 0 0 0 237846.9223 0 0 0 0 0 0 0 0 0 1.92665835e-28 0 0 0 0 0 0 0 0 0 0 0 0 0 0 0 0 0 0 0 0 0.0007012764558 2.255750269e-144 242501.3559 0 3.597915607e-13 0 0 0 0 0 5.360556947e-129 0 0 0 1.901968161e-39 0 0 5.07803028e-145 0 0 0 0 0 0 0 0 0 0 0 0 0 0 0 0 0 0 0 0 0 0 0 
0 0 0 0 0 0 0 0 0 4.449031064e-204 0 0 0 0 5.661428944e-79 0 0 0 0 0 0 0 0 0 0 0 0 0 0 245095.509 0 0 0 0 0 0 0 0 0 0 0 0 0 0 0.7692067527 0 0 0 0 0 0 0 0 0 0 0 0 0 0 0 0 0 0 0 0 0 0 0 6.447459046e-161 0 0 0 0 0 0 0 0 0 0 0 0 0 0 0 0 0 0 0 0 0 0 0 0 0 0 0 0 0 0 0 
0 0 0 0 0 0 0 0 0 0 0 0 0 0 0 0 0 0 4.506753313e-93 0 0 0 0 0 3.832225689e-80 0 0 0 0 0 0 0 0 0 0 0 0 0 1.780740663e-46 0 0 0 0 1.422402073e-51 0 0 0 0 0 0 0 0 0 249800.7452 0 0 0 0 0 0 0 0 0 0.2359046755 0 0 0 0 0 0 1.874685095e-06 0 0 0 0 0 0 0 0 0 0 0 0 0 0 0 3.449782582e-142 0 0 0 0 0 0 0 0 0 0 0 0 0 
0 0 0 0 0 0 0 0 0 1.550239927e-06 0 0 0 0 0 0 0 0 0 0 0 0 0 0 2.915384881e-157 0.0003268162934 0 0 0 0 0 0 0 0 0 0 0 0 0 0 0 0 0 0 0 0 0 0 0 0 0 0 0 0 0 0 0 0 0 0 0 0 0 0 0 0 0 0 0 0 0 0 0 0 0 0 0 0 0 0 6.080319519e-40 0 0 0 0 0 0 0 0 0 0 0 0 0 0 0 0 0 0 0 
0 0 0 0 0 0 0 0 0 0 0 0 0 0 0 0 0 0 0 0 0 2.39121578e-23 0 0 0 0 0 0 0 0 0 0 0 0 1.096775521e-06 0 0 0 0 0 0 0 0 259359.8293 0 0 0 0 0 0 0 0 0 0 0 0 0 0 0 0 0 0 0 0 0 0 4.118170755e-221 0 0 0 0 0 0 0 0 0 0 0 0 0 0 0.7999067126 213250.935 0 0 0 0 0 0 0 0 2.616359936e-38 0 6.670826217e-177 0 0 0 7.734002668e-20 0 0 
0 0 0 0 0 0 0 0 247631.3672 0 0 0 0 0 0 0 0 0 243333.8841 0 0 0 0 0 0 0 0 0 0 0 0 0 0 0 2.380516422e-134 0 0 0 0 0 0 0 0 0 0 0 0 0 0 0.003071402801 6.452568939e-28 0 0 0 2.742125179e-118 0 0 0 0 0 0 0 0 0 0 0 0 0 0 0 0 0 0 0 0 0 0 0 0 0 0 0 0 0 0 0 0 0 0 0 0 7.150915288e-83 0 0 0 3.633202825e-07 0 0 0 0 
0 1.677424353e-19 0 0 0 0 0 0 0 0 0 0 0 0 0 0 0 0 0 0 0 0 0 1.213645884e-19 0 0 0 0 0 0 0 0 0 247130.8291 0 0 0 0 0 0 0 0 0 0 0 0 0 0 0 0 0 0 0 0 8.032168052e-128 0 0 0 0 0 5.304330704e-05 1.028499656e-79 0 0 0 0 0 0 0 0 0 0 0 0 0 0 0 0 0 0 0 0 0 0 0 0 0 0 0 0 0 0 0 0 0 0 0 0 0 0 
0 0 307374.2721 0 0 0 0 0 0 0 0 0 0 0 0 0 0 0 0 0 0 0 0 0 0 0 0 0 0 0 0 0 0 0 0 0 0 0 0 0 0 0 0 0 0 0 0 0 0 0 0 0 0 0 0 0 0 0 0 0 0 59834.49913 248759.8559 0 0 0 0 0 0 0 0 0 0 0 0 0 0 0 0 0 0 0 0 2.824904612e-150 0 0 0 0 0 0 0 0 0 0 0 0 0 0 0 0 
0 0 0 0 0 29.47784559 0 0 0 0 0 0 0 0 0 0 0 0 0 0 0 2.532521886e-15 0 0 0 0 0 0 0 0 0 0 0 0 0 0 0 0 0 0 0 0 0 0 0 0 0 0 0 5870.50184 0 0 0 0 0 0 0 0 0 0 0 0 0 0 0 0 0 0 0 0 0 0 0 0 0 0 0 0 0 0 0 0 0 0 0 0 1.069823389e-115 0 0 0 0 0 0 0 0 0 0 0 0 0 
0 0 0 0 0 4.017569265e-101 0 0 0 9.508124223e-07 0 0 0 0 0 0 0 0 0 0 0 0 0 0 0 0 0 0 0 0 0 0 0 0 0 0 0 0 0 0 0 0 0 0 0 0 0 0 0 0 0 9.558126055e-109 0 0 0 0 0 0 0 0 0 0.06889462749 0 1.744207316e-40 0 0 0 0 0 148786.5902 0 0 0 0 4804.271616 0 0 0 0 0 0 0 0 0.01549599898 0 0 0 0 0 0 0 0 0 247912.7859 0 0 0 0 0 0 
0 0 0 0 0 0 0 0 0 0 0 0 0 0 0 0 0 0 0 0 0 0 0 0 0 0 0 0 0 0 0 0 0 0 0 0 0 0 0 0 0 0 0 0 0 0 0 0 0 0 0 0 0 0 0 0 0 0 0 0 0 250133.5886 0 3.603228345e-19 0 0 0 0 0 0 8.441733714e-99 0 0 0 0 0 0 0 0 0 0 0 0 0 0 0 0 0 0 0 0 0 0 0 0 0 0 0 0 0 
0 0 0 0 0 0 0 0 0 0 2.264103285e-127 0 0 0 0 0 0 0 0 0 1.717798899e-122 0 0 0 0 0 0 0 0 0 0 0 0 0 0 0 248796.2591 0 0 0 0 0 2.69676451e-33 0 0 0 0 6.830828168e-130 0 1.080280953e-36 0 0 0 0 0 0 0 0 1.144090046e-122 0 0 0 0 0 3.823453397e-07 0 0 0 0 0 0 1.823721688e-08 0 0 0 0 0 0 0 0 0 0 0 0 0 187939.5164 0 1.479380213e-98 0 0 0 0 0 0 0 0 0 0 0 0 
16.63229409 0 0 0 0 0 2346.659335 0 0 0 0 0 0 0 1.161950109e-49 0 0 0 0 0 0 0 0 0 0 0 0 0 0 0 0 8.06887782e-06 0 0 0 223508.4427 1.574682181e-36 0 0 0 4.113700207e-171 0 0 0 0 0 0 0 0 0 0 0 0 0 4.250419878e-161 0 0 0 0 0 0 0 0 0 0 0 247897.6183 0 0 0 0 0 0 0 0 0 0 3.326348689e-133 0 0 0 0 0 0 0 0 0 0 0 0 0 0 0 0 0 0 1.023130134e-161 0 0 1.964858576e-36 
0 0 0 0 0 0 0 0 0 0 0 0 0 0 0 0 0 0 0 0 0 0 7.59677933e-180 0 0 29.15689453 0 1171.825022 0 0 0 0 0 0 1.047289309e-13 0 0 0 0 0 0 0 1.557899569e-103 0 0 249063.2568 8.7651843e-21 0 0 0 0 0 0 0 0 0 0 0 0 0 0 0 0 0 0 0 0 0 0 0 0 0 0 0 0 0 0 0 0 9.362847072e-27 0 0 0 0 0 0 0 0 0 0 0.0123905819 0 0 0 9.296710791e-158 0 0 0 0 0 
4.020066677e-176 0 0 0 0 0 0 0 0 0 0 0 217499.8782 0 0 92923.97867 0 0 0 236962.2364 0 0 0 0 0 0 0 0 0 0 0 0 0 0 0 0 0 0 4.086148956e-23 0 0 0 0 0 0 0 0 0 0 0 0 0 0.0001364577249 0 0 0 0 0 0 0 7.448773849e-15 0 0 0 0 0 0 0 0 0 0 0 0 0 0 0 0 1.840989657e-54 0 0 7.543103768e-88 0 0 0 0 0 0 0 0 0 0 0 0 0 0 0 0 0 0 0 
0 0 0 0 0 0 0 0 0 0 1.403003582 0 0 0 0 0 0 0 0 0 0 0 0 0 0 0 0 0 0 3.538284165e-29 0 0 0 0 0 2.393057287e-34 0 0 0 0 0 247796.2516 0 0 0 0 0 0 0 0 0 0 0 0 0 0 0 0 0 0 0 0 0 0 0 0 0 0 0 6.586729846e-44 0 0 0 0 0 0 0 0 0 0 248611.4726 0 0 0 0 0 0 0 0 0 0 0 0 0 0 1.640436631e-21 0 0 0 0 
0 0 0 0 7.255362868e-12 0 0 0 248147.0188 0 0 3.65747352e-29 1.812317995e-22 0.1771121465 0 0 0 0 0 0 0 9.315539136e-18 0 0 0 0 0 0 0 0 0 1.54633722e-37 0 0 0 209728.7444 0 0 0 0 0 0 0 2.358931536 0 0 0 0 0 0 0 0 0 0 0 0 0 0 1.643283937e-95 0 0 0 0 8.14890209e-98 0 0 0 0 0 0 0 0 0 0 0 0 1.298470421e-41 0 5981.027869 0 0 0 0 0 0 161359.949 0 0 0 0 0 0 0 6.499334227e-35 1.970938149e-10 0 0 0 0 0 
0 0 0 0 4.246191633e-118 0 0 0 8.08225459e-30 7.997362093 0 0 0 0 0 123565.553 0 0 0 180366.3149 0 0 0 0 0 0 0 0 0 0 0 0 0 0 0 0 0 0 0 0 0 0 0 0 0 0 0 239412.4092 0 0 0 0 0 0 0 0 0 0 0 0 0 0 0 0 0 0 0 0 0 0 0 1.551193921e-41 0 0 0 0 1.018940227 0 0 0 0 0 0 0 5.712971531e-97 2.390405358e-120 0 0 0 1.675699462e-166 0 0 0 0 0 0 0 0 0 0 
0 0 0 0 0 0 0 0 0 0 305595.0418 0 0 0 0 0 0 0 0 8.07479766e-45 0 0 0 0 0 0 0 0 0 0 0 0 0 0 0 55161.48219 0 0 0 0 0 0 0 0 6.593952153e-44 0 0 0 0 0 0 0 0 0 0 0 0 0 0 0 1.257227449e-06 0 0 0 0 0 0 0 0 4.200419101e-66 1.136993595e-26 0 0 0 0 1.37684053e-11 0 5.827611451e-05 0 0 0 0 203402.4591 0 0 0 0 0 0 0 0 0 0 0 0 0 0 0 543.076124 0 
0 0 0 0 0 0 0 0 0 0 2.52473984e-19 0 0 0 0 0 0 0 0 0 0 0 0 0 0 0 0 0 0 6.945993784e-35 0 0 2.855757197e-20 139239.4159 0 0 0 0 0 0.00398191952 0 1.088982189e-92 0 0 0 0 0 0 0 5.425565424e-127 0 0 0 0 0 0 0 0 0 1.099202573e-05 0 0 0 0 0 0 0 0 0 0 0 0 0 0 0 0 0 0 0 0 0 0 0 0 0 0 2622.832156 0 0 0 0 0 0 0 0 0 0 0 0 0 
0 0 0 0 0 0 0 0 0 0 0 251112.5262 0 0 11.05353656 0 0 0 0 0 0 0 0 0 6.948234263e-19 0 0 0 0 0 0 0 0 0 0 0 0 0 0 0 0 0 0 0 0 0 0 0 3.879797177e-09 0 0 0 0 2.263618639e-46 0 0 0 0 0 0 0 0 2.535079111e-87 0 0 0 0 0 0 0 0 0 0 0 0 0 0 0 0 0 0 0 0 0 243357.5431 0 0 0 0 0 0 0 0 29945.9565 0 0 0 0 0 0 
0 0 0 0 0 9.737878982 0 0 0 0 0 0 0 0 0 0 0 0 0 0 0 0 0 0 0 0 0 0 4.720966438e-40 0 0 0 0 0 0 0 0 0 0 0 0 4.227964558e-82 0 0 0 0 0 0 0 0 0 0 0 0 0 0 0 0 0 0 0 0 0 0 0 0 0 0 0 0 0 0 0 0 0 0 0 0 0 0 0 0 0 0 0 0 0 0 0 0 0 0 0 0 0 0 0 1.204584788e-117 2.545780101e-06 0 
0 0 0 0 0 0 0 0 0 0 0 0 0 0 0 0 0 0 0 0 0 0 0 0 0 0 0 0 0 0 0 0 0 0 0 0 0 4.110456512e-141 0 0 0 0 0 6.732244502e-46 0 0 0 0 0 0 0 0 0 0 0 0 0 0 0 0 248736.9599 0 0 0 0 0 0 0 0 0 0 0 0 4656.36642 0 1.706490273e-37 0 0 0 0 0 0 0 0 0 0 0 0 0 0 0 0 0 0 0 0.0149422901 0 0 0 0 
0 0 0 0 0 248954.9048 0 2.128966256e-67 3.995526578e-19 0 0 0 0 0 0 0 0 0 0 0 0 0 0 0 0 0 0 0 0 0 0 0 0 0 0 0 0 6.879814415e-17 0 0 0 0 0 0 0 0 0 0 0 0 0 0 0 0 0 0 0 2.145065918e-142 0 0 0 0 0 0 0 0 0 9265.665054 0 0 0 0 0 0 0 0 0 0 0 0 0 0 0 0 0 27.23254427 0 0 0 0 0 0 0 0 0 0 0 0 0 0 
0 0 0 0 0 0 0 0 0 0 0 0 0 0 0 0 0 0 0 0 0 0 0 0 0 0 0 0 248754.0006 0 0 0 0 0 0 0 0 0 0 0 0 0 0 0 0 0 0 0 0 0 0 0 219254.0761 0 0 0 0 0 0 0 0 0 0 0 0 0 5.581024599e-11 0 0 0 0 0 0 0 0 0 0 0 0 3.98435753e-155 0 0 0 0 0 0 0 0 0 0 0 0 0 0 0 0 0 0 0 0 
0 0 0 0 0 0 0 0 10.30358545 0 0 0 0 0 0 0 0 0 3.580461807e-28 0 0 0 0 0 196341.4448 0 0 0 0 0 0 7.695848692e-100 0 0 0 0 0 3.341586516e-123 0 0 0 0 0 0 0 0 0 0 0 0 2.753609285e-26 0 0 0 0 0 0 0 0 0 0 0 0 0 0 0 0 0 0 0 0 0 0 0 0 0 0 0 0 0 0 0 0 0 0 0 0 0 0 0 0 0 0 0 0 0 0 0 0.03818482821 0 
0 0 0 0 0 8.17623279e-160 0 0 0 0 0 0 0 0 0 0 0 0 0 0 0 0 0 0 157.2408902 0 0 1.306817599e-114 0 0 0 0 0 0 0 0 0 0 1.595829197e-06 2.424925331e-06 0 0 0 0 0 0 0 0 0 1.149623988e-34 0 0 0 0 0 0 0 0 0 0 0 0 272352.4874 0 0 0 0 0 0 0 0 0 0 0 0 4.39728559e-62 0 0 0 2.482382408e-08 0 0 0 0 0 0 3.766695908e-10 0 0 0 0 7.363412892e-173 0 0 0 0 0 0 0 0 
0 0 0 0 0 0 0 0 0 0 0 0 0 0 0 0 0 0 0 0 0 0 0 448.6666577 5.978002354e-06 0 0 0 0 0 0 0 0 0 0 0 0 0 0 0 0 0 0 0 0 0 0 0 0 0 0 0 0 0 0 0 0 0 0 0 0 2.493404961e-88 0 1.79333795e-25 0 0 3342.290339 0 0 0 0 0 0 0 0 0 0 0 0 0 0 0 0 0 1.45191588e-10 0 0 0 0 0 0 0 0 0 0 0 0 0 0 0 
0 0 0 0 8.207307795e-11 0 0 0 0 0 0 245530.4652 0 0 0 0 0 0 0 0 0 0 0 0 0 0 0 28585.20043 0 0 0 0 0 0 0 0 0 0 0 0 0.08041240452 0 0 0 0 0 0 0 0 0 0 0 0 0 0 0 0 0 0 0 183751.1885 0 0 0 0 0 0 0 0 0 0 0 0 0 0 0 7.786506185e-111 1.080483053e-49 0 0 0 0 0 0 0 0 0 0 0 0 0 0 0 0 0 0 0 0 2.922917703e-13 0 
0 0 0 0 0 0 0 0 9.633797986e-139 0 0 0 0 0 0 0 0 0 0 0 0 0 0 1.598746903e-120 0 0 0 0 0 0 4.415163289e-99 0 1.93884751e-46 0 3.922102589e-27 0 0 0 0 0 0 0 0 0 2.881047333e-191 0 0 0 0 0 0 4.102940101e-46 0 0 0 0 0 0 0 0 0 0 0 0 0 0 0 0 0 0 0 0 0 0 0 0 0 0 222515.6755 0 0 0 0 0 0 0 0 0 0 0 0 0 0 0 0 0 0 0 0 0 
0 0 0 0 0 0 2.162795573e-19 0 0 0 0 0 0 0 0 0 0 0 0 0 0 0 0 0 0 0 0 0 0 0 0 0 0 0 0 0 0 0 0 0 0 0 0 0 0 3.123328733e-116 0 0 0 0 0 0 0 0 0 0 0 0 0 0 0 0 0 9.696317209e-68 0 0 0 0 0 253581.1162 0 0 0 0 0 0 0 0 0 0 0 0 0 4.150389152e-11 0 0 6.101517183e-07 0 0 0 0 0 0 0 0 0 0 0 1.350643523e-17 0 
0 0 0 0 0 0 2.098931135e-151 0 0 0 2.679531455e-40 0 0 0 0 0 0 0 0 0 0 0 0 0 0 0 97.70543586 7.577541651 0 0 0 0 0 0 0 0 0 2.370913935e-99 0 0 0 0 0 0 0 0 0 0 0 0 0 0 0 0 0 0 0 0 0 0 0 0 0 0 4.131017651e-39 0 0 4.399900257e-12 0 0 0 0.940810413 0 0 0 0 0 0 0 9749.030269 8.460360372e-32 0 0 0 0 0 0 0 0 1.595104505e-16 0 0 0 0 0 0 0 0 0 0 
0 0 0 0 0 0 5.815930712e-09 0 0 0 0 0 0 0 0 7.941303057e-10 0 0 0 0 0 0 0 0 0 0 0 0 0 0 0 0 0 0 0 0 0 0 0 0 0 0 0 0 0 0 0 0 0 0 0 0 0 0 0 0 0 0 0 0 0 0 0 0 250464.1066 0 0 0 0 0 0 0 0 0 0 0 0 0 0 4.255425114e-36 0 0 0 0 0 0 0 0 0 0 0 0 0 0 0 0 0 1.425307761e-07 0 0 
0 0 0 0 0 0 0 0 0 0 0 0 0 0 0 0 0 0 0 0 0 4.566958968e-22 0 0 0 0 0 0 0 0 9.051398002e-55 0 0 0 0 0 0 0 0 0 0 0 3.578201503e-22 2.556505969e-32 0 6.636827011e-23 0 0 0 0 0 0 0 0 0 0 242658.579 0 0 0 199357.7583 0 0 4.692577953e-141 0 0 0 0 0 0 0 0 0 0 0 0 0 2.731060731e-98 0 0 0 9.796298328e-78 6.833490123e-09 0 0 0 0 0 0 0 0 0 0 32280.3007 0 0 0 0 0 0 
0 0 0 7.680903906e-59 0 36.36084578 0 0 0 4.312939059e-128 0 0 0 0 2.298122609e-151 0 0 0 0 0 0 0 0 0 0 1.445485684e-24 0 0 0 0 0 0 0 0 245223.6233 0 0 0 0 0 0 0 0 6.29685393e-67 0 0 0 0 0 0 0 0 6.212979825e-159 0 0 0 0 0 0 0 0 0 0 0 0 0 0 0 0 0 0 0 0 0 0 0 0 0 0 0 0 0 0 0 0 0 0 0 0 0 0 0 0 0 0 0 0 0 0 0 
0 0 0 0 0 0 0 0 0 0 0 0 0 0 0 0 0 0 0 0 0 1.393116352e-64 0 0 0 0 0 0 2.048707714e-48 0 0 0 0 0 0 0 0 0 0 0 0 0 0 0 0 0 0 0 0 0 0 0 0 0 0 0 0 0 0 0 0 0 0 0 0 0 0 0 251579.9247 0 0 0 0 0 0 0 0 0 1.52018915e-05 0 0 0 0 0 0 0 0 0 0 0 0 0 0 244528.4728 0 0 0 0 0 0 
238103.2784 0 0 0 0 0 0 0 0 0 0 0 3376.780188 0 0 0 0 0 0 0 0 0 0.4079024619 0 2.630794492e-53 0 0 0 0 0 0 0 0 9.733556414e-11 0 0 0 0 0 0 0 0 0 0 0 0 0 0 0 0 0 0 0 0 0 0 0 0 0 0 0 0 0 0 0 249377.4381 0 0 0 0 0 0 0 0 0 0 0 0 0 0 0 0 0 0 0 0 0 0 0 0 0 0 0 0 0 0 0 0 0 0 
0 0 0 0 0 0 0 0 0 0 0 8.376942058e-22 0 0 0 0 0 0 0 0 0 0 0 0 0 0 0 0 0 0 0 0 0 0 0 0 0 0 0 0 0 0 0 0 0 0 0 0 3.966032156e-109 0 0 0 0 203097.8052 0 0 0 0 0 0 0 0 0 0 0 0 0 0 0 0 0 0 0 0 0 0 0 0 0 0 0 0 0 0 0 0 0 0 0 2.139866618e-83 0 0 0 0 0 0 0 0 0 0 
0 0 0 0 0 0 0 0 0 0 1.777825236e-59 0 0 0 0 0 0 0 2.240860067e-151 0 0 0 0 0 0 0 0 0 0 0 0 0 0 0 2.891456793e-52 0.2018854532 0 0 0 0 0 0 0 0 0 0 0 0 4.818272296e-08 0 0 0 0 0 0 0 0 0 0 0 0 0 0 0.01302321066 0 0 0 0 0 0 0 0 0 0 0 0 4.019493911e-23 0 0 0 0 0 0 0 0 0 0 0 0 0 0 0 0 0 0 0 0 0 0 0 
0 1.60039192e-118 0 0 0 0 0 0 0 0 0 237833.4254 0 0 0 0 0 0 0 0 0 0 0 0 189961.7176 0 0 0 0 0 0 0 0 0 0 0 0 0 0 0 0 0 0 0 0 0 0 0 0 5.171141414e-35 0 0 0 0 0 0 0 0 0 0 0 0 0 0 0 0 0 0 0 0 0 0 0 0 0 0 0 0 0 9.29141689e-170 0 0 0 0 0 0 0 0 0 0 103805.7807 0 0 0 0 0 0 0 0 0 
0 0 0 0 0 0 0 0 2.179263631e-12 7.544918982e-33 0 0 0 0 0 0 0 0 0 0 0 0 0 0 0 0 1.131217504e-183 0 0 0 0 0 0 0 0 3.046578957e-13 0 244344.0159 0 0 0 0 0 0 0 0 0 0 0 0 0 0 0 0 0 0 0 0 0 0 0 0 216473.3004 0 0 0 246750.0719 0 0 0 0 0 0 0 0 0 0 0 0 0 0 0 0 0 0 0 0 0 0 0 0 0 0 0 0 0 0 0 0 0 
0 0 0 0 0 0 0 0 0 0 0 0 0 0 0 0 1.865701449e-47 1.737722826e-139 1.655647261e-154 0 0 5.985960198e-28 0 0 0 0 0 0 0 0 3.014151104e-107 0 0 0 0 0 0 0 0 0 0 0 0 0 0 0 1.163580509e-109 0 0 0 0 0 0 0 0 0 0 0 0 0 0 0 0 0 0 0 0 0 0 0 0 0 0 0 0 0 0 0 0 0 0 0 0 0 0 19784.27657 0 0 0 0 0 0 1.283135303e-05 0 0 0 0 249956.2479 0 0 
0 0 0 0 0 0 0 0 0 0 0 249837.5873 0 0 0 0 0 0 0 0 0 0 0 0 0 0 0 0 0 6.56446496e-35 0 0 0 244575.033 0 0 0 0 0 0 0 0 0 0 0 0 0 0 0 0 0 0 0 0 0 0 0 0 0 5.073650311e-29 0 0 0 0 0 0 0 0 0 0 0 0 0 0 0 0 0 0 0 0 0 0 0 3.195202702e-08 0 0 0 0 0 0 0 0 0 0 0 0 0 0 0 0 
0 0 0 0 0 0 0.001120156123 0 0 0 0 0 0 0 0 0 0 0 0 0 0 0 0 0 0 0 0 0 0 0 0 0 0 0 0 0 0 0 0 0 0 0 0 0 0 0 0 0 0 0 0 0 0 0 0 0 0 0 0 0 0 0 0 1.827495443e-10 0 0 0 0 0 0 0 0 0 0 1.157608593e-186 0 0 0 0 0.006850170401 0 0 0 0 0 0 0 0 0 0 0 0 0 0 1.631003765e-13 0 0 0 1.408564441e-13 0 
0 0 0 0 0 0 0 0 0 0 0 0 0 0 0 0 0 0 0 0 0 0 0 0 0 0 4.671185282e-16 0 0 0 0 0 0 0 0 0 0 0 0 0 0 1.54916646e-92 0 0 0 0 0 0 0 0 0 0 0 0 0 0 0 0 242586.3715 0 0 0 0 0 0 0 0 0 0 0 0 0 0 0 0 0 0 0 0 0 2.403839976e-14 0 0 0 0 0 0 0 0 0 8.953919474 1.949139505e-75 0 0 0 0 0 0 0 0 
0 0 0 0 0 0 8.131072891e-108 0 0 0 0 0 417.5986456 6.383854718e-138 0 0 0 0 0 0 0 0 0 0 0 0 0 0 2.535524824e-40 0 0 0 0 0 0 0 0 0 0 0 0 0 0 0 0 0 0 0 8.766699547e-159 0 0 0 0 0 0 0 0 2.298083606e-145 0 0 0 243756.1471 0 0 0 0 0 0 0 0 0 0 0 7.43783225 0 0 0 0 0 0 0 0 245158.6608 0 0 0 0 0 0 0 2.321730393e-45 0 0 0 0 0 2.070934631e-97 0 0 0 
0 0 0 0 0 0 0 0 0 0 0 0 0 0 0 0 0 0 0 0 0 0 0 0 0 0 0 0 0 0 0 0 0 0 0 0 0 0 0 0 0 0 0 0 0 0 0 0 0 0 0 0 5.453873724 0 137665.5366 0 0 0 0 0 0 0 0 0 0 0 0 1.032744019e-23 0 0 0 0 0 0 0 0 4.262423845e-206 0 0 0 1.000289857e-20 0 0 0 0 0 0 0 0 0 0 0 0 0 0 0 0 0 0 0 
0 0 0 0 0 0 0 0 0 2.397362681e-14 0 0 0 277096.7872 0 0 0 0 0 0 0 0 0 0 0 0 0 0 0 0 0 0 0 0 0 0 0 0 0 0 0 0 0 0 0 0 0 0 0 0 0 4.748177459e-34 0 0 0 0 0 0 0 0 0 0 0 0 0 1.761567215e-33 0 0 0 0 0 1.711651479e-39 0 8.655486193e-31 0 0 0 0 0 0 0 0 0 0 0 0 0 0 243759.4873 0 0 0 0 0 0 223623.0863 0 0 0 0 
0 0 0 0 0 0 0 0 0 0 0 0 0 0 0 0 0 0 0 0 219250.4075 0 0 0 0 0 0 0 0 0 0 0 0 0 0 0 0 0 0 0 0 0 0 0 0 0 2493.693471 0 0 0 0 0 0 0 0 0 0 0 0 0 0 0 0 0 0 0 0 0 0 0 0 3.028244935e-133 0 0 0 0 0 0 0 0 0 0 0 0 0 0 0 0 0 0 0 0 245113.5751 0 0 0 0 0 0 0 
0 0 0 0 0 0 0 0 0 0 0 0 0 0 0 0 0 0 0 0 0 1.712164597e-162 0 0 0 0 0 28111.97067 0 0 0 0 0 0 0 0 0 0 0 0 0 0 0 0 0 0 0 0 0 0 0 0 0 0 0 0 0 0 0 2.989936265e-64 0 0 0 0 0 0 0 0 0 0 0 0 0 0 0 0 0 0 0 0 0 0 0 0 2.098516674e-27 0 0 8.257292742e-18 4.561539543e-52 0 0 0 0 0 0 4.43225044e-90 0 0 0 0 
0 0 0 0 0 0 2.924120852e-34 0 0 0 0.4210277776 7.301546114e-20 1.070316883e-39 0 0 0 0 0 271576.5719 0 0 0 0 0 0 0 0 0 0 0 0 0 0 0 0 0 0 0 0 0 0 0 0 0 0 2.051742298e-121 960.5172235 0 0 0 0 0 0 0 0 0 0 0 0 0 0 0 0 0 0 0 0 0 0 0 0 0 0 0 0 0 0 0 2.425766521e-14 0 0 0 0 0 0 0 0 0 0 0 0 0 0 251981.8889 0 0 0 0 0 0 
0 0 0 0 0 1.481180806e-31 0 0 0 0 0 0 0 0 0 0 0 0 0 0 0 0 0 0 0 0 0 0 0 0 0 0 0 0 0 0 0 0 0 0 0 0 0 0 0 0 0 0 0 0 0 0 0 0 0 0 0 0 0 0 0 0 0 0 0 249641.7922 0 0 5.594603428e-08 0 0 0 0 4.794913493e-65 0 0 0 8.623621908e-27 0 0 0 0 0 0 9.553039899e-150 0 0 0 0 0 0 0 0 1.783795438e-09 0 0 0 0 0 0 
0 0 0 0 2.504437488e-16 0 0 0 0 0 0 0 0 0 0 0 0 0 246801.8895 0 0 0 0 0 0 4.014438698e-11 0 0 0 0 3.326764408e-127 0 0 0 0 0 0 0 0 0 0 0 0 0 0 0 0 0 0 0 0 0 0 0 0 0 0 0 0 0 0 0 0 0 0 0 0 0 16695.86249 0 0 0 0 0 0 0 0 0 0 0 0 0 0 0 0 0 182928.4277 0 0 0 0 5.195968591e-17 0 0 0 0 0 0 0 0 
0 0 0 0 0 0 0 0 0 0 0 0 0 0 0 0 0 245050.7351 0 0 0 1.533703339e-10 0 2.488250987e-07 0 0 0 0 0 0 0 0 0 0 0 0 0 0 0 0 2.080040452e-07 0 0 0 0 0 0 0 0 0 0 0 0 0 0 0 5.145730346 0 0 0 0 0 0 0 0 0 0 0 0 0 6.352931061e-26 0 0 0 2.283765239e-11 0 0 0 0 7.512679285e-27 0 0 7.932390298e-12 0 0 0 0 0 0 0 0 0 0 0 9.174998594e-43 0 0 0 0 0 
0 0 0 0 0 0 0 0 0 0 0 0 0 2.283459289e-101 0 3.948580189e-135 0 0 0 0 0 0 0 0 0 0 0 0 0 0 0 0 0 1.233284106e-90 0 0 0 0 0 0 0 0 0 0 0 0 0 0 0 0 0 0 0 0 0 0 0 0 0 0 0 0 0 0 706.6683462 0 0 0 0 0 0 0 0 0 0 0 0 0 0.000445876154 0 0 0 0 0 0 0 0 0 4079.31886 0 0 0 3.33928521e-34 1.95764998e-38 0 0 0 0 0 0 
0 0 0 0 0 0 0 0 0 0 0 0 0 0 0 0 0 0 0 0 0 0 0 0 0 0 0 0 0 2.980960734e-68 0 0 0 0 0 0 0 0 0 0 0 0 0 0 0 0 0 0 0 0 0 0 0 0 0 0 0 0 0 0 0 0 0 0 0 0 0 0 0 0 0 0 0 0 0 0 0 0 1.461167631e-137 0 0 0 0 0 0 0 0 2.758195453e-13 0 0 0 0 0 0 0 0 0 0 0 0 
# Events [PSD_fluxpos/xdist_fluxposy.dat] N:
0 1 0 0 0 0 0 0 0 0 0 0 0 0 0 0 0 0 0 0 0 0 0 0 0 0 0 0 0 0 0 0 0 0 0 0 0 0 0 0 0 0 0 0 0 0 0 0 0 0 0 0 0 0 0 1 0 0 0 0 0 0 0 1 0 0 0 0 0 0 0 0 0 0 1 0 0 0 0 0 0 0 0 0 1 0 0 0 0 0 0 1 0 1 0 0 0 0 0 0 
0 0 0 0 0 0 0 0 0 0 0 0 0 0 0 0 1 0 0 0 0 0 0 0 0 1 0 0 0 0 0 1 1 0 0 0 0 0 0 0 0 0 0 0 0 0 0 0 0 0 0 0 0 0 0 0 0 0 0 0 0 0 0 0 0 0 0 0 0 0 0 0 0 0 0 0 0 0 0 0 0 0 0 0 0 0 1 0 0 0 1 0 0 0 0 0 0 1 0 0 
0 1 0 0 0 0 0 0 0 1 0 0 0 0 0 0 0 0 0 1 0 0 0 0 0 1 0 0 0 0 0 0 0 0 0 0 0 0 0 1 0 0 0 0 0 0 0 0 0 0 0 0 0 0 0 0 2 0 0 0 1 0 0 0 0 0 0 0 1 0 0 0 0 0 0 0 0 0 0 0 0 0 0 0 0 0 0 1 0 0 0 0 0 0 0 0 0 0 0 0 
0 0 0 1 0 0 0 0 0 0 0 0 0 0 0 0 0 0 1 0 0 0 0 0 0 0 0 0 0 0 0 0 0 0 1 0 0 0 0 0 0 1 0 0 0 0 0 0 0 0 0 0 0 0 0 0 0 0 1 0 0 0 0 0 0 2 0 0 0 0 0 0 1 0 0 0 0 0 0 0 0 0 0 0 0 0 0 0 0 0 0 0 0 0 0 0 0 1 0 0 
0 0 1 0 1 0 0 0 0 0 0 0 0 0 0 1 0 0 0 0 1 0 0 0 0 0 0 0 0 0 0 0 0 0 1 0 0 0 0 0 0 0 0 0 0 0 0 0 0 0 1 0 0 0 1 0 0 0 0 0 0 0 0 0 0 0 0 0 0 0 0 1 0 0 0 0 0 0 1 0 0 0 0 0 0 1 0 0 0 0 0 0 1 0 0 0 0 0 0 1 
0 0 0 0 1 0 0 0 0 0 0 0 0 0 0 0 0 0 0 0 0 0 0 0 0 0 0 0 0 0 0 0 0 0 0 1 0 0 0 0 0 0 0 0 0 0 0 0 0 0 0 0 0 0 0 0 0 0 0 0 0 0 0 0 0 0 0 0 1 0 0 0 0 0 0 0 0 0 1 0 0 0 0 0 0 1 0 0 0 0 0 0 0 0 0 0 0 0 0 0 
0 0 0 0 0 0 0 0 0 0 0 0 0 0 0 0 0 0 1 0 0 0 0 0 0 1 0 0 0 0 0 0 0 0 1 0 0 0 1 0 0 0 0 0 0 0 0 0 0 0 0 0 0 0 0 0 0 0 0 0 0 0 0 0 0 0 0 0 0 0 0 0 0 0 0 0 1 0 1 0 0 0 0 0 0 1 0 0 0 0 0 0 0 0 0 0 0 0 1 0 
0 0 0 0 0 0 0 0 0 0 1 0 0 0 0 0 1 0 0 0 1 0 0 0 0 0 0 0 0 0 0 0 0 0 0 0 0 0 0 0 1 0 0 0 0 0 0 1 0 0 0 0 0 0 0 0 1 0 0 0 0 0 0 0 0 0 0 0 0 0 0 0 0 0 0 0 1 0 0 0 0 0 0 0 0 0 0 0 0 0 0 0 0 0 0 0 0 0 0 0 
0 0 0 0 0 0 1 0 0 0 0 0 0 0 0 0 0 0 0 0 0 0 0 0 0 0 0 0 0 0 0 0 0 0 0 0 0 0 0 0 0 0 0 1 0 0 0 0 0 0 0 0 0 0 0 0 0 0 0 1 0 0 0 0 0 1 0 0 0 0 0 1 0 0 0 0 0 0 0 1 0 0 0 0 0 0 0 0 1 0 0 0 1 0 0 0 0 0 0 0 
0 0 0 0 0 0 0 0 0 0 0 0 0 0 0 0 0 0 0 0 0 0 0 0 0 0 0 0 0 0 1 0 0 0 0 0 0 0 0 0 0 0 0 0 0 0 0 0 0 0 0 0 0 0 0 1 0 1 0 0 0 1 0 0 0 0 0 0 0 1 0 0 0 0 1 0 0 0 0 0 0 1 0 0 0 0 0 0 0 0 0 0 0 0 0 0 0 0 0 0 
0 1 0 0 0 0 0 0 0 0 0 0 0 0 0 0 0 0 0 0 0 0 0 0 0 0 0 0 0 0 0 0 0 0 0 0 1 0 0 0 0 0 0 0 0 0 0 0 0 0 0 0 0 0 2 0 0 0 0 0 0 0 0 0 0 0 0 0 0 1 1 0 0 0 0 0 1 0 0 0 0 0 0 0 0 0 0 0 0 0 0 0 1 0 0 0 0 0 0 0 
0 0 0 0 0 0 1 0 0 0 0 0 0 0 0 0 0 0 0 0 0 0 0 0 0 0 0 0 1 0 0 0 0 0 0 0 0 0 0 0 1 0 0 0 0 0 0 0 0 0 0 1 1 0 0 0 0 0 0 0 0 0 0 0 0 0 0 0 0 0 0 1 0 0 0 0 0 1 0 0 0 0 0 0 0 0 0 0 0 0 0 0 0 0 0 0 0 0 0 0 
0 0 0 0 0 0 0 0 0 0 0 0 0 0 0 0 0 0 0 0 0 0 0 0 0 0 0 0 0 0 0 0 0 0 1 0 0 0 0 0 0 0 0 0 0 0 0 0 0 0 0 0 0 0 0 0 0 0 0 0 0 0 1 0 0 0 1 0 0 0 0 0 0 0 0 0 0 1 0 0 0 0 0 0 0 0 0 0 0 0 0 0 0 0 0 0 0 0 0 0 
0 0 0 0 0 0 0 0 0 0 0 0 0 0 0 0 1 0 0 0 0 0 0 0 0 0 0 0 1 0 0 0 0 0 0 0 0 0 0 0 0 0 0 0 0 0 0 0 0 0 0 0 0 1 0 0 0 0 0 0 0 0 0 0 0 0 0 1 1 0 0 0 0 0 1 0 0 0 0 0 0 0 0 0 0 0 0 0 0 0 1 0 0 0 0 0 0 0 0 0 
0 0 0 0 0 0 0 0 0 2 0 0 0 0 0 0 0 0 0 0 0 0 0 0 0 0 2 0 1 0 0 0 0 0 0 0 1 0 0 0 0 0 0 0 0 0 0 0 0 0 0 0 0 0 0 0 0 0 1 0 0 0 0 0 0 0 0 0 0 0 0 0 0 0 0 0 1 0 0 0 1 0 0 0 0 0 0 0 0 0 0 0 0 0 1 0 0 0 0 0 
0 0 0 0 0 0 0 0 0 0 0 0 1 0 0 0 0 0 0 0 0 0 0 0 0 0 0 0 0 0 0 0 0 0 1 0 0 0 0 0 0 0 0 0 0 0 0 0 1 0 0 0 0 0 0 0 0 0 0 0 0 0 0 0 0 0 0 0 0 0 0 1 0 0 0 1 0 0 0 0 0 0 0 0 0 0 0 0 0 0 0 0 0 0 0 0 0 0 0 0 
0 0 0 0 0 0 0 0 0 0 0 0 0 0 2 0 0 0 0 0 0 0 0 1 0 1 1 1 0 1 0 0 0 2 0 0 0 0 0 0 0 0 1 0 0 0 0 0 0 0 0 0 0 0 0 0 0 0 0 0 0 0 0 0 0 0 0 0 0 0 0 0 0 1 0 0 0 0 0 0 0 0 0 0 0 0 0 0 0 0 0 0 0 0 0 0 0 0 0 0 
0 0 0 0 0 0 0 0 0 1 0 0 0 0 1 0 1 0 0 0 1 0 0 1 0 0 0 0 0 1 0 0 0 0 0 0 0 0 0 0 0 0 0 0 0 0 0 0 0 0 1 0 0 0 0 0 0 1 0 0 0 0 0 0 0 0 0 0 0 0 0 0 0 0 0 0 0 0 0 0 0 0 0 0 0 0 0 0 0 0 0 0 0 0 0 0 0 1 0 0 
0 0 0 0 0 0 0 0 0 0 0 0 0 0 0 0 0 0 0 0 0 0 0 1 0 0 0 0 0 1 0 0 0 0 0 0 0 0 0 0 0 1 0 0 0 0 1 0 0 0 0 0 0 0 1 0 0 0 0 0 0 0 0 0 0 0 0 0 0 0 0 0 0 0 0 0 0 0 0 1 1 0 0 0 0 0 0 0 0 0 0 0 0 0 0 0 0 1 0 0 
0 0 1 0 0 0 0 0 0 0 0 0 0 0 0 0 0 0 0 0 0 0 0 0 0 0 0 0 1 0 0 0 0 0 0 0 0 0 0 0 0 0 0 0 0 0 0 0 0 0 0 0 0 1 0 0 0 0 0 0 0 0 0 0 0 0 0 0 0 0 0 0 0 0 0 0 1 0 0 0 0 0 0 1 1 0 0 1 0 0 0 0 0 0 0 0 0 0 0 0 
0 0 0 0 1 0 1 0 1 0 0 0 0 0 0 0 0 0 0 0 0 0 0 0 0 0 0 0 0 0 0 0 0 0 0 0 0 1 0 1 0 0 1 0 0 0 0 1 1 0 0 0 0 0 0 0 1 0 0 0 0 0 0 0 0 1 0 1 0 0 0 1 0 0 0 0 0 0 0 0 0 0 1 0 0 0 0 0 0 0 1 0 0 0 0 0 0 0 0 1 
0 0 0 0 0 0 0 0 0 0 0 0 0 1 0 0 0 0 0 0 0 0 0 0 0 0 0 0 0 0 0 0 0 0 0 0 0 0 0 0 0 0 0 0 0 0 1 0 0 0 0 0 0 0 0 0 0 0 0 0 0 0 0 0 0 0 0 0 0 0 0 0 0 0 0 0 0 0 0 0 0 0 0 0 0 0 0 0 1 0 0 0 0 0 0 0 0 0 0 0 
0 0 0 0 0 0 0 0 1 0 0 0 0 0 0 0 0 0 0 0 0 0 0 0 0 0 0 0 0 0 0 0 0 0 0 0 0 0 0 0 0 0 0 0 0 0 0 0 0 1 0 0 0 0 0 0 0 0 1 0 0 0 0 0 0 0 0 0 0 0 0 0 0 0 0 0 1 0 0 0 0 0 0 0 0 0 0 0 0 0 0 0 0 0 0 0 0 0 0 0 
0 0 0 0 0 0 0 0 0 0 0 0 0 0 0 0 0 0 0 0 0 0 0 0 0 0 0 0 0 0 0 0 0 0 0 0 0 0 0 0 0 0 0 0 0 0 0 0 0 0 0 0 0 1 0 0 0 0 0 1 0 0 0 0 0 0 0 0 0 0 0 1 0 0 0 0 0 0 0 0 0 0 0 0 0 0 0 0 0 2 0 0 0 0 0 0 1 0 0 0 
0 0 0 0 0 0 0 0 0 0 1 0 0 0 0 0 0 0 1 0 0 0 0 0 0 0 0 0 0 0 0 0 0 0 0 0 0 0 0 0 0 0 0 0 0 0 0 0 0 1 0 0 0 0 0 0 0 0 0 0 0 0 0 1 0 0 0 0 0 0 0 0 0 0 0 0 1 0 0 0 0 0 0 0 0 0 0 0 1 0 0 0 0 0 0 1 0 0 1 0 
1 0 1 0 0 0 0 0 0 0 0 0 0 0 0 1 0 0 0 0 0 0 0 0 0 0 0 0 0 0 0 0 0 0 1 0 1 0 1 0 0 0 0 0 0 0 0 0 0 0 0 0 0 0 0 0 0 1 0 0 0 0 0 0 0 1 0 0 0 0 0 0 0 0 0 0 0 0 0 0 0 0 0 0 0 0 0 0 1 0 0 0 0 0 1 0 0 0 0 0 
0 0 0 0 1 0 0 0 0 0 0 0 0 0 0 0 0 0 0 0 1 0 0 0 0 0 0 0 0 0 0 0 0 0 0 0 0 0 1 0 0 1 0 0 0 0 2 0 0 0 1 0 0 0 0 0 0 0 0 0 0 0 0 0 0 0 0 0 0 0 0 0 0 0 0 0 0 0 0 0 0 0 0 1 0 0 0 0 0 0 0 0 0 0 0 1 0 0 0 0 
0 0 0 0 0 0 0 0 0 0 0 0 0 0 0 0 0 0 0 0 0 0 0 0 0 0 0 0 0 1 0 0 0 0 0 0 0 0 0 0 0 0 0 1 0 0 0 0 0 0 0 0 0 0 0 0 0 0 0 0 0 0 1 0 0 0 0 0 0 0 0 0 0 0 0 0 0 0 0 0 0 0 0 0 0 1 0 0 0 1 1 0 0 0 1 0 0 0 0 0 
0 0 0 0 0 0 0 0 0 0 0 0 0 0 0 0 0 0 0 0 0 0 0 0 0 0 0 0 0 1 0 0 0 0 0 0 0 0 1 0 0 0 0 0 0 0 0 0 0 0 0 0 0 0 0 0 0 0 0 0 0 0 1 0 0 0 0 0 0 0 0 0 0 0 0 0 0 0 0 0 0 0 0 0 0 0 0 0 0 0 0 0 0 1 0 0 1 0 0 0 
0 0 0 0 0 0 0 0 0 0 0 0 0 1 0 0 0 0 0 0 0 0 0 0 0 0 0 0 1 0 0 0 0 1 0 1 1 0 0 0 0 0 0 0 0 0 0 1 0 0 1 0 0 0 0 0 0 0 0 0 1 0 0 0 0 0 0 0 0 0 0 0 0 0 0 1 0 0 0 0 0 0 0 0 0 0 0 0 0 0 0 0 0 0 0 1 0 0 0 0 
0 0 0 0 0 0 0 0 0 0 0 0 0 0 0 0 0 0 0 0 0 0 1 0 0 0 0 0 0 0 0 0 0 0 0 0 0 0 0 0 0 0 0 0 0 0 1 0 0 0 0 1 1 0 0 0 0 1 0 0 0 0 0 0 0 1 0 0 0 0 0 0 0 0 0 0 0 0 0 0 0 1 0 0 1 0 0 0 0 0 0 0 0 0 1 0 0 0 0 0 
0 0 0 0 0 1 0 1 0 0 0 0 1 0 0 0 0 0 0 0 0 0 0 0 0 0 0 0 0 0 0 0 0 0 0 0 1 0 0 0 0 1 1 0 0 0 0 0 0 0 0 0 0 0 0 0 0 1 0 0 1 0 0 0 0 0 0 0 0 0 0 0 0 0 0 0 0 0 1 0 0 0 0 0 0 0 1 0 1 0 0 0 0 0 0 0 0 0 0 0 
0 0 0 0 0 3 0 0 0 0 0 0 0 0 0 0 0 0 0 0 0 0 0 0 0 0 0 0 0 0 0 0 0 0 0 0 0 0 0 0 0 0 0 0 0 0 0 0 0 0 0 0 0 0 0 0 1 0 0 0 0 1 0 0 0 0 0 0 0 0 1 0 0 0 0 0 0 0 0 0 1 0 0 0 1 0 0 0 0 0 0 0 0 0 0 1 0 0 0 0 
0 0 0 0 0 0 0 0 0 0 0 0 0 0 0 0 0 0 0 0 0 0 0 0 0 0 0 0 1 0 0 0 0 0 0 0 0 0 0 0 0 0 1 0 0 0 0 0 0 0 0 0 0 0 0 0 0 0 0 0 0 0 0 0 0 0 0 0 1 0 0 0 0 1 0 0 0 0 0 0 0 0 0 1 0 1 0 0 0 0 0 0 0 0 0 0 1 0 0 0 
0 0 0 0 0 0 0 0 0 0 0 0 0 0 0 1 0 0 0 0 0 0 0 0 0 0 1 0 0 0 1 0 0 0 0 0 0 0 0 0 0 1 1 0 0 0 0 0 1 0 0 0 0 0 0 0 1 0 1 0 0 1 0 0 0 0 0 0 0 0 0 0 0 0 0 0 0 0 0 0 0 0 0 0 0 0 0 0 0 0 0 0 0 0 0 0 0 0 0 0 
0 0 0 0 0 0 0 0 0 0 0 0 0 0 0 0 0 0 0 0 0 0 0 0 0 0 0 0 0 1 0 0 0 0 0 0 0 0 0 0 0 0 0 0 0 0 0 0 0 0 0 0 0 0 0 0 0 0 0 0 0 0 0 0 0 0 0 0 0 0 0 0 0 0 0 0 0 0 1 0 0 0 0 0 0 0 0 0 0 0 0 0 0 0 1 0 0 0 0 0 
0 0 0 0 0 0 0 0 0 0 0 0 0 0 0 0 0 0 0 0 0 0 0 0 0 0 0 0 0 0 0 0 0 0 0 0 0 0 0 0 0 1 0 0 0 0 0 0 0 0 0 0 0 0 0 0 0 0 0 0 0 0 0 0 0 0 0 0 0 0 0 0 0 0 0 0 0 0 0 0 0 0 0 1 0 1 0 0 0 0 0 0 0 0 0 0 0 0 0 0 
1 1 0 0 0 0 0 0 0 0 0 0 0 0 0 0 0 0 0 0 0 0 0 0 1 0 0 0 0 0 0 0 0 0 0 0 0 0 0 1 1 0 0 0 0 0 0 2 0 0 0 0 0 0 0 0 0 1 0 0 0 0 0 0 0 0 0 0 1 0 0 0 0 0 1 0 0 1 0 0 0 0 0 0 0 0 0 0 0 0 0 0 0 0 0 0 0 0 0 0 
0 0 0 0 0 0 0 0 0 0 0 0 0 1 0 1 0 0 0 0 0 0 0 0 0 0 1 0 0 0 0 0 1 0 0 0 0 0 0 0 0 0 0 0 0 0 0 0 0 0 0 0 0 0 0 0 0 0 0 0 0 0 0 0 1 0 1 0 0 0 0 0 0 0 0 0 1 0 0 0 0 0 0 0 0 1 0 0 0 0 0 0 0 0 0 1 0 1 0 0 
0 0 1 0 0 0 0 0 0 0 0 0 0 0 0 0 0 0 0 0 0 0 0 0 0 0 0 0 0 0 0 0 0 0 0 0 0 0 0 0 0 0 0 0 0 1 0 0 0 0 0 0 0 0 0 0 0 0 0 0 0 0 0 0 0 0 0 1 0 0 0 0 0 0 0 0 0 0 0 0 0 0 0 0 0 0 0 0 0 0 1 0 0 0 0 0 0 0 0 0 
0 0 0 0 0 0 0 0 0 0 0 0 0 0 0 0 0 1 0 1 0 0 0 0 0 0 0 0 0 0 0 0 1 0 0 0 0 0 0 0 0 1 0 0 0 0 0 0 0 0 0 0 0 0 0 0 0 0 0 0 0 0 0 0 0 0 0 2 0 1 0 0 0 0 0 0 0 0 0 1 0 0 0 0 1 0 0 0 0 0 0 1 0 0 0 0 1 0 0 0 
0 1 0 0 0 0 0 0 0 0 1 0 0 0 0 0 0 0 0 0 0 0 0 0 0 0 0 0 1 0 0 0 0 0 0 0 0 0 0 0 0 0 0 1 0 0 0 0 0 0 0 0 0 0 0 0 1 0 0 0 0 0 0 0 0 0 1 0 0 0 0 0 0 0 0 0 0 0 0 0 0 0 0 0 0 0 0 0 0 0 0 0 0 0 0 0 0 1 0 0 
0 0 0 0 0 0 1 0 0 0 0 0 0 0 0 0 0 0 0 0 1 0 0 0 0 1 0 0 0 0 0 0 0 0 0 0 0 0 0 0 0 0 0 0 0 0 0 0 0 0 0 1 0 0 0 0 0 0 0 0 0 0 0 0 0 0 0 0 0 0 0 0 0 1 0 0 0 0 1 0 0 0 0 0 0 0 1 0 0 0 0 0 0 0 0 0 0 1 0 0 
0 0 0 0 0 0 0 0 0 0 0 0 0 0 0 0 0 0 0 0 0 0 0 0 0 0 0 0 0 0 0 0 0 0 0 0 0 0 0 0 0 0 0 0 0 0 0 0 0 0 0 0 0 0 0 0 0 0 0 0 0 0 0 0 0 0 0 0 0 0 0 0 0 0 0 1 0 0 0 1 0 0 0 0 0 0 0 0 0 0 0 0 0 0 0 0 0 0 0 0 
0 0 0 0 0 0 0 0 0 1 0 0 0 0 0 0 0 0 0 0 0 0 0 0 1 0 0 0 1 0 0 0 0 0 0 0 0 0 1 0 0 0 0 0 0 0 0 0 0 0 0 0 0 0 0 0 0 0 0 1 1 1 0 1 0 0 0 0 0 1 0 0 0 1 0 0 1 0 0 0 0 0 0 0 0 0 0 0 0 0 0 0 0 0 0 0 0 0 0 0 
0 0 0 0 0 0 0 0 0 1 0 0 0 0 1 0 0 0 0 0 0 0 0 0 0 0 0 0 0 1 0 0 0 0 0 0 0 0 0 0 0 0 0 0 1 0 0 0 0 0 0 0 0 0 0 0 0 0 0 0 0 0 0 0 0 0 0 0 1 0 0 0 0 0 0 0 0 0 0 0 0 0 0 0 0 0 0 0 0 0 0 0 0 0 0 0 0 0 0 0 
0 0 0 0 0 0 0 0 0 0 0 0 0 0 0 0 0 0 1 0 0 0 0 0 1 0 0 0 0 0 0 0 0 0 0 0 0 0 1 0 0 0 0 1 0 0 0 0 0 0 0 0 0 1 0 0 0 0 0 0 0 0 0 1 0 0 0 0 0 0 1 0 0 0 0 0 0 0 0 0 0 0 0 0 0 0 1 0 0 0 0 0 0 0 0 0 0 0 0 0 
0 0 0 0 0 0 0 0 0 1 0 0 0 0 0 0 0 0 0 0 0 0 0 0 1 1 0 0 0 0 0 0 0 0 0 0 0 0 0 0 0 0 0 0 0 0 0 0 0 0 0 0 0 0 0 0 0 0 0 0 0 0 0 0 0 0 0 0 0 0 0 0 0 0 0 0 0 0 0 0 1 0 0 0 0 0 0 0 0 0 0 0 0 0 0 0 0 0 0 0 
0 0 0 0 0 0 0 0 0 0 0 0 0 0 0 0 0 0 0 0 0 1 0 0 0 0 0 0 0 0 0 0 0 0 1 0 0 0 0 0 0 0 0 2 0 0 0 0 0 0 0 0 0 0 0 0 0 0 0 0 0 0 0 0 0 0 1 0 0 0 0 0 0 0 0 0 0 0 0 0 0 1 1 0 0 0 0 0 0 0 0 1 0 1 0 0 0 1 0 0 
0 0 0 0 0 0 0 0 1 0 0 0 0 0 0 0 0 0 1 0 0 0 0 0 0 0 0 0 0 0 0 0 0 0 1 0 0 0 0 0 0 0 0 0 0 0 0 0 0 1 1 0 0 0 1 0 0 0 0 0 0 0 0 0 0 0 0 0 0 0 0 0 0 0 0 0 0 0 0 0 0 0 0 0 0 0 0 0 0 0 0 1 0 0 0 1 0 0 0 0 
0 1 0 0 0 0 0 0 0 0 0 0 0 0 0 0 0 0 0 0 0 0 0 1 0 0 0 0 0 0 0 0 0 1 0 0 0 0 0 0 0 0 0 0 0 0 0 0 0 0 0 0 0 0 1 0 0 0 0 0 1 1 0 0 0 0 0 0 0 0 0 0 0 0 0 0 0 0 0 0 0 0 0 0 0 0 0 0 0 0 0 0 0 0 0 0 0 0 0 0 
0 0 2 0 0 0 0 0 0 0 0 0 0 0 0 0 0 0 0 0 0 0 0 0 0 0 0 0 0 0 0 0 0 0 0 0 0 0 0 0 0 0 0 0 0 0 0 0 0 0 0 0 0 0 0 0 0 0 0 0 0 1 1 0 0 0 0 0 0 0 0 0 0 0 0 0 0 0 0 0 0 0 0 1 0 0 0 0 0 0 0 0 0 0 0 0 0 0 0 0 
0 0 0 0 0 2 0 0 0 0 0 0 0 0 0 0 0 0 0 0 0 1 0 0 0 0 0 0 0 0 0 0 0 0 0 0 0 0 0 0 0 0 0 0 0 0 0 0 0 1 0 0 0 0 0 0 0 0 0 0 0 0 0 0 0 0 0 0 0 0 0 0 0 0 0 0 0 0 0 0 0 0 0 0 0 0 1 0 0 0 0 0 0 0 0 0 0 0 0 0 
0 0 0 0 0 1 0 0 0 1 0 0 0 0 0 0 0 0 0 0 0 0 0 0 0 0 0 0 0 0 0 0 0 0 0 0 0 0 0 0 0 0 0 0 0 0 0 0 0 0 0 1 0 0 0 0 0 0 0 0 0 1 0 1 0 0 0 0 0 1 0 0 0 0 2 0 0 0 0 0 0 0 0 1 0 0 0 0 0 0 0 0 0 1 0 0 0 0 0 0 
0 0 0 0 0 0 0 0 0 0 0 0 0 0 0 0 0 0 0 0 0 0 0 0 0 0 0 0 0 0 0 0 0 0 0 0 0 0 0 0 0 0 0 0 0 0 0 0 0 0 0 0 0 0 0 0 0 0 0 0 0 1 0 1 0 0 0 0 0 0 1 0 0 0 0 0 0 0 0 0 0 0 0 0 0 0 0 0 0 0 0 0 0 0 0 0 0 0 0 0 
0 0 0 0 0 0 0 0 0 0 1 0 0 0 0 0 0 0 0 0 1 0 0 0 0 0 0 0 0 0 0 0 0 0 0 0 1 0 0 0 0 0 1 0 0 0 0 1 0 1 0 0 0 0 0 0 0 0 1 0 0 0 0 0 1 0 0 0 0 0 0 1 0 0 0 0 0 0 0 0 0 0 0 0 0 1 0 1 0 0 0 0 0 0 0 0 0 0 0 0 
1 0 0 0 0 0 1 0 0 0 0 0 0 0 1 0 0 0 0 0 0 0 0 0 0 0 0 0 0 0 0 1 0 0 0 1 1 0 0 0 1 0 0 0 0 0 0 0 0 0 0 0 0 0 1 0 0 0 0 0 0 0 0 0 0 0 1 0 0 0 0 0 0 0 0 0 0 1 0 0 0 0 0 0 0 0 0 0 0 0 0 0 0 0 0 0 1 0 0 1 
0 0 0 0 0 0 0 0 0 0 0 0 0 0 0 0 0 0 0 0 0 0 1 0 0 1 0 1 0 0 0 0 0 0 1 0 0 0 0 0 0 0 1 0 0 1 1 0 0 0 0 0 0 0 0 0 0 0 0 0 0 0 0 0 0 0 0 0 0 0 0 0 0 0 0 0 0 0 0 1 0 0 0 0 0 0 0 0 0 0 1 0 0 0 1 0 0 0 0 0 
1 0 0 0 0 0 0 0 0 0 0 0 1 0 0 1 0 0 0 1 0 0 0 0 0 0 0 0 0 0 0 0 0 0 0 0 0 0 1 0 0 0 0 0 0 0 0 0 0 0 0 0 1 0 0 0 0 0 0 0 1 0 0 0 0 0 0 0 0 0 0 0 0 0 0 0 0 1 0 0 1 0 0 0 0 0 0 0 0 0 0 0 0 0 0 0 0 0 0 0 
0 0 0 0 0 0 0 0 0 0 1 0 0 0 0 0 0 0 0 0 0 0 0 0 0 0 0 0 0 1 0 0 0 0 0 1 0 0 0 0 0 1 0 0 0 0 0 0 0 0 0 0 0 0 0 0 0 0 0 0 0 0 0 0 0 0 0 0 0 1 0 0 0 0 0 0 0 0 0 0 1 0 0 0 0 0 0 0 0 0 0 0 0 0 0 1 0 0 0 0 
0 0 0 0 1 0 0 0 1 0 0 1 1 1 0 0 0 0 0 0 0 1 0 0 0 0 0 0 0 0 0 1 0 0 0 1 0 0 0 0 0 0 0 1 0 0 0 0 0 0 0 0 0 0 0 0 0 0 1 0 0 0 0 1 0 0 0 0 0 0 0 0 0 0 0 0 1 0 1 0 0 0 0 0 0 1 0 0 0 0 0 0 0 1 1 0 0 0 0 0 
0 0 0 0 1 0 0 0 1 1 0 0 0 0 0 1 0 0 0 1 0 0 0 0 0 0 0 0 0 0 0 0 0 0 0 0 0 0 0 0 0 0 0 0 0 0 0 1 0 0 0 0 0 0 0 0 0 0 0 0 0 0 0 0 0 0 0 0 0 0 0 1 0 0 0 0 1 0 0 0 0 0 0 0 1 1 0 0 0 1 0 0 0 0 0 0 0 0 0 0 
0 0 0 0 0 0 0 0 0 0 2 0 0 0 0 0 0 0 0 1 0 0 0 0 0 0 0 0 0 0 0 0 0 0 0 1 0 0 0 0 0 0 0 0 1 0 0 0 0 0 0 0 0 0 0 0 0 0 0 0 1 0 0 0 0 0 0 0 0 1 1 0 0 0 0 2 0 1 0 0 0 0 1 0 0 0 0 0 0 0 0 0 0 0 0 0 0 0 1 0 
0 0 0 0 0 0 0 0 0 0 1 0 0 0 0 0 0 0 0 0 0 0 0 0 0 0 0 0 0 1 0 0 1 1 0 0 0 0 0 1 0 1 0 0 0 0 0 0 0 1 0 0 0 0 0 0 0 0 0 1 0 0 0 0 0 0 0 0 0 0 0 0 0 0 0 0 0 0 0 0 0 0 0 0 0 0 1 0 0 0 0 0 0 0 0 0 0 0 0 0 
0 0 0 0 0 0 0 0 0 0 0 1 0 0 1 0 0 0 0 0 0 0 0 0 1 0 0 0 0 0 0 0 0 0 0 0 0 0 0 0 0 0 0 0 0 0 0 0 1 0 0 0 0 1 0 0 0 0 0 0 0 0 1 0 0 0 0 0 0 0 0 0 0 0 0 0 0 0 0 0 0 0 0 0 1 0 0 0 0 0 0 0 0 1 0 0 0 0 0 0 
0 0 0 0 0 1 0 0 0 0 0 0 0 0 0 0 0 0 0 0 0 0 0 0 0 0 0 0 1 0 0 0 0 0 0 0 0 0 0 0 0 1 0 0 0 0 0 0 0 0 0 0 0 0 0 0 0 0 0 0 0 0 0 0 0 0 0 0 0 0 0 0 0 0 0 0 0 0 0 0 0 0 0 0 0 0 0 0 0 0 0 0 0 0 0 0 0 1 1 0 
0 0 0 0 0 0 0 0 0 0 0 0 0 0 0 0 0 0 0 0 0 0 0 0 0 0 0 0 0 0 0 0 0 0 0 0 0 1 0 0 0 0 0 1 0 0 0 0 0 0 0 0 0 0 0 0 0 0 0 0 1 0 0 0 0 0 0 0 0 0 0 0 0 1 0 1 0 0 0 0 0 0 0 0 0 0 0 0 0 0 0 0 0 0 0 1 0 0 0 0 
0 0 0 0 0 1 0 1 1 0 0 0 0 0 0 0 0 0 0 0 0 0 0 0 0 0 0 0 0 0 0 0 0 0 0 0 0 1 0 0 0 0 0 0 0 0 0 0 0 0 0 0 0 0 0 0 0 1 0 0 0 0 0 0 0 0 0 1 0 0 0 0 0 0 0 0 0 0 0 0 0 0 0 0 0 1 0 0 0 0 0 0 0 0 0 0 0 0 0 0 
0 0 0 0 0 0 0 0 0 0 0 0 0 0 0 0 0 0 0 0 0 0 0 0 0 0 0 0 1 0 0 0 0 0 0 0 0 0 0 0 0 0 0 0 0 0 0 0 0 0 0 0 1 0 0 0 0 0 0 0 0 0 0 0 0 0 1 0 0 0 0 0 0 0 0 0 0 0 0 1 0 0 0 0 0 0 0 0 0 0 0 0 0 0 0 0 0 0 0 0 
0 0 0 0 0 0 0 0 1 0 0 0 0 0 0 0 0 0 1 0 0 0 0 0 1 0 0 0 0 0 0 1 0 0 0 0 0 1 0 0 0 0 0 0 0 0 0 0 0 0 1 0 0 0 0 0 0 0 0 0 0 0 0 0 0 0 0 0 0 0 0 0 0 0 0 0 0 0 0 0 0 0 0 0 0 0 0 0 0 0 0 0 0 0 0 0 0 0 1 0 
0 0 0 0 0 1 0 0 0 0 0 0 0 0 0 0 0 0 0 0 0 0 0 0 1 0 0 1 0 0 0 0 0 0 0 0 0 0 1 1 0 0 0 0 0 0 0 0 0 1 0 0 0 0 0 0 0 0 0 0 0 0 2 0 0 0 0 0 0 0 0 0 0 0 0 1 0 0 0 1 0 0 0 0 0 0 1 0 0 0 0 1 0 0 0 0 0 0 0 0 
0 0 0 0 0 0 0 0 0 0 0 0 0 0 0 0 0 0 0 0 0 0 0 1 1 0 0 0 0 0 0 0 0 0 0 0 0 0 0 0 0 0 0 0 0 0 0 0 0 0 0 0 0 0 0 0 0 0 0 0 0 1 0 1 0 0 1 0 0 0 0 0 0 0 0 0 0 0 0 0 0 0 0 0 1 0 0 0 0 0 0 0 0 0 0 0 0 0 0 0 
0 0 0 0 1 0 0 0 0 0 0 1 0 0 0 0 0 0 0 0 0 0 0 0 0 0 0 1 0 0 0 0 0 0 0 0 0 0 0 0 1 0 0 0 0 0 0 0 0 0 0 0 0 0 0 0 0 0 0 0 1 0 0 0 0 0 0 0 0 0 0 0 0 0 0 0 1 1 0 0 0 0 0 0 0 0 0 0 0 0 0 0 0 0 0 0 0 0 1 0 
0 0 0 0 0 0 0 0 1 0 0 0 0 0 0 0 0 0 0 0 0 0 0 1 0 0 0 0 0 0 1 0 1 0 1 0 0 0 0 0 0 0 0 0 1 0 0 0 0 0 0 1 0 0 0 0 0 0 0 0 0 0 0 0 0 0 0 0 0 0 0 0 0 0 0 0 0 0 1 0 0 0 0 0 0 0 0 0 0 0 0 0 0 0 0 0 0 0 0 0 
0 0 0 0 0 0 1 0 0 0 0 0 0 0 0 0 0 0 0 0 0 0 0 0 0 0 0 0 0 0 0 0 0 0 0 0 0 0 0 0 0 0 0 0 0 1 0 0 0 0 0 0 0 0 0 0 0 0 0 0 0 0 0 1 0 0 0 0 0 1 0 0 0 0 0 0 0 0 0 0 0 0 0 1 0 0 1 0 0 0 0 0 0 0 0 0 0 0 1 0 
0 0 0 0 0 0 1 0 0 0 1 0 0 0 0 0 0 0 0 0 0 0 0 0 0 0 1 1 0 0 0 0 0 0 0 0 0 1 0 0 0 0 0 0 0 0 0 0 0 0 0 0 0 0 0 0 0 0 0 0 0 0 0 0 1 0 0 1 0 0 0 1 0 0 0 0 0 0 0 1 1 0 0 0 0 0 0 0 0 2 0 0 0 0 0 0 0 0 0 0 
0 0 0 0 0 0 1 0 0 0 0 0 0 0 0 1 0 0 0 0 0 0 0 0 0 0 0 0 0 0 0 0 0 0 0 0 0 0 0 0 0 0 0 0 0 0 0 0 0 0 0 0 0 0 0 0 0 0 0 0 0 0 0 0 1 0 0 0 0 0 0 0 0 0 0 0 0 0 0 1 0 0 0 0 0 0 0 0 0 0 0 0 0 0 0 0 0 1 0 0 
0 0 0 0 0 0 0 0 0 0 0 0 0 0 0 0 0 0 0 0 0 1 0 0 0 0 0 0 0 0 1 0 0 0 0 0 0 0 0 0 0 0 1 1 0 1 0 0 0 0 0 0 0 0 0 0 1 0 0 0 1 0 0 1 0 0 0 0 0 0 0 0 0 0 0 0 0 1 0 0 0 1 1 0 0 0 0 0 0 0 0 0 0 1 0 0 0 0 0 0 
0 0 0 1 0 1 0 0 0 2 0 0 0 0 1 0 0 0 0 0 0 0 0 0 0 1 0 0 0 0 0 0 0 0 1 0 0 0 0 0 0 0 0 1 0 0 0 0 0 0 0 0 1 0 0 0 0 0 0 0 0 0 0 0 0 0 0 0 0 0 0 0 0 0 0 0 0 0 0 0 0 0 0 0 0 0 0 0 0 0 0 0 0 0 0 0 0 0 0 0 
0 0 0 0 0 0 0 0 0 0 0 0 0 0 0 0 0 0 0 0 0 1 0 0 0 0 0 0 1 0 0 0 0 0 0 0 0 0 0 0 0 0 0 0 0 0 0 0 0 0 0 0 0 0 0 0 0 0 0 0 0 0 0 0 0 0 0 0 1 0 0 0 0 0 0 0 0 0 1 0 0 0 0 0 0 0 0 0 0 0 0 0 0 1 0 0 0 0 0 0 
1 0 0 0 0 0 0 0 0 0 0 0 1 0 0 0 0 0 0 0 0 0 1 0 1 0 0 0 0 0 0 0 0 1 0 0 0 0 0 0 0 0 0 0 0 0 0 0 0 0 0 0 0 0 0 0 0 0 0 0 0 0 0 0 0 1 0 0 0 0 0 0 0 0 0 0 0 0 0 0 0 0 0 0 0 0 0 0 0 0 0 0 0 0 0 0 0 0 0 0 
0 0 0 0 0 0 0 0 0 0 0 1 0 0 0 0 0 0 0 0 0 0 0 0 0 0 0 0 0 0 0 0 0 0 0 0 0 0 0 0 0 0 0 0 0 0 0 0 2 0 0 0 0 2 0 0 0 0 0 0 0 0 0 0 0 0 0 0 0 0 0 0 0 0 0 0 0 0 0 0 0 0 0 0 0 0 0 0 0 1 0 0 0 0 0 0 0 0 0 0 
0 0 0 0 0 0 0 0 0 0 1 0 0 0 0 0 0 0 1 0 0 0 0 0 0 0 0 0 0 0 0 0 0 0 1 1 0 0 0 0 0 0 0 0 0 0 0 0 1 0 0 0 0 0 0 0 0 0 0 0 0 0 0 1 0 0 0 0 0 0 0 0 0 0 0 0 1 0 0 0 0 0 0 0 0 0 0 0 0 0 0 0 0 0 0 0 0 0 0 0 
0 1 0 0 0 0 0 0 0 0 0 1 0 0 0 0 0 0 0 0 0 0 0 0 1 0 0 0 0 0 0 0 0 0 0 0 0 0 0 0 0 0 0 0 0 0 0 0 0 1 0 0 0 0 0 0 0 0 0 0 0 0 0 0 0 0 0 0 0 0 0 0 0 0 0 0 0 0 0 1 0 0 0 0 0 0 0 0 0 0 1 0 0 0 0 0 0 0 0 0 
0 0 0 0 0 0 0 0 1 1 0 0 0 0 0 0 0 0 0 0 0 0 0 0 0 0 1 0 0 0 0 0 0 0 0 1 0 1 0 0 0 0 0 0 0 0 0 0 0 0 0 0 0 0 0 0 0 0 0 0 0 0 1 0 0 0 1 0 0 0 0 0 0 0 0 0 0 0 0 0 0 0 0 0 0 0 0 0 0 0 0 0 0 0 0 0 0 0 0 0 
0 0 0 0 0 0 0 0 0 0 0 0 0 0 0 0 1 1 1 0 0 1 0 0 0 0 0 0 0 0 1 0 0 0 0 0 0 0 0 0 0 0 0 0 0 0 1 0 0 0 0 0 0 0 0 0 0 0 0 0 0 0 0 0 0 0 0 0 0 0 0 0 0 0 0 0 0 0 0 0 0 0 0 0 0 1 0 0 0 0 0 0 1 0 0 0 0 1 0 0 
0 0 0 0 0 0 0 0 0 0 0 1 0 0 0 0 0 0 0 0 0 0 0 0 0 0 0 0 0 1 0 0 0 1 0 0 0 0 0 0 0 0 0 0 0 0 0 0 0 0 0 0 0 0 0 0 0 0 0 1 0 0 0 0 0 0 0 0 0 0 0 0 0 0 0 0 0 0 0 0 0 0 0 1 0 0 0 0 0 0 0 0 0 0 0 0 0 0 0 0 
0 0 0 0 0 0 1 0 0 0 0 0 0 0 0 0 0 0 0 0 0 0 0 0 0 0 0 0 0 0 0 0 0 0 0 0 0 0 0 0 0 0 0 0 0 0 0 0 0 0 0 0 0 0 0 0 0 0 0 0 0 0 0 1 0 0 0 0 0 0 0 0 0 0 1 0 0 0 0 1 0 0 0 0 0 0 0 0 0 0 0 0 0 0 1 0 0 0 1 0 
0 0 0 0 0 0 0 0 0 0 0 0 0 0 0 0 0 0 0 0 0 0 0 0 0 0 1 0 0 0 0 0 0 0 0 0 0 0 0 0 0 1 0 0 0 0 0 0 0 0 0 0 0 0 0 0 0 0 1 0 0 0 0 0 0 0 0 0 0 0 0 0 0 0 0 0 0 0 0 0 1 0 0 0 0 0 0 0 0 0 1 1 0 0 0 0 0 0 0 0 
0 0 0 0 0 0 1 0 0 0 0 0 1 1 0 0 0 0 0 0 0 0 0 0 0 0 0 0 1 0 0 0 0 0 0 0 0 0 0 0 0 0 0 0 0 0 0 0 1 0 0 0 0 0 0 0 0 1 0 0 0 1 0 0 0 0 0 0 0 0 0 0 0 1 0 0 0 0 0 0 0 0 1 0 0 0 0 0 0 0 1 0 0 0 0 0 1 0 0 0 
0 0 0 0 0 0 0 0 0 0 0 0 0 0 0 0 0 0 0 0 0 0 0 0 0 0 0 0 0 0 0 0 0 0 0 0 0 0 0 0 0 0 0 0 0 0 0 0 0 0 0 0 1 0 1 0 0 0 0 0 0 0 0 0 0 0 0 1 0 0 0 0 0 0 0 0 1 0 0 0 1 0 0 0 0 0 0 0 0 0 0 0 0 0 0 0 0 0 0 0 
0 0 0 0 0 0 0 0 0 1 0 0 0 2 0 0 0 0 0 0 0 0 0 0 0 0 0 0 0 0 0 0 0 0 0 0 0 0 0 0 0 0 0 0 0 0 0 0 0 0 0 1 0 0 0 0 0 0 0 0 0 0 0 0 0 1 0 0 0 0 0 1 0 1 0 0 0 0 0 0 0 0 0 0 0 0 0 0 1 0 0 0 0 0 0 1 0 0 0 0 
0 0 0 0 0 0 0 0 0 0 0 0 0 0 0 0 0 0 0 0 1 0 0 0 0 0 0 0 0 0 0 0 0 0 0 0 0 0 0 0 0 0 0 0 0 0 1 0 0 0 0 0 0 0 0 0 0 0 0 0 0 0 0 0 0 0 0 0 0 0 0 1 0 0 0 0 0 0 0 0 0 0 0 0 0 0 0 0 0 0 0 0 1 0 0 0 0 0 0 0 
0 0 0 0 0 0 0 0 0 0 0 0 0 0 0 0 0 0 0 0 0 1 0 0 0 0 0 1 0 0 0 0 0 0 0 0 0 0 0 0 0 0 0 0 0 0 0 0 0 0 0 0 0 0 0 0 0 0 0 1 0 0 0 0 0 0 0 0 0 0 0 0 0 0 0 0 0 0 0 0 0 0 0 0 1 0 0 1 1 0 0 0 0 0 0 1 0 0 0 0 
0 0 0 0 0 0 1 0 0 0 1 1 1 0 0 0 0 0 2 0 0 0 0 0 0 0 0 0 0 0 0 0 0 0 0 0 0 0 0 0 0 0 0 0 0 1 1 0 0 0 0 0 0 0 0 0 0 0 0 0 0 0 0 0 0 0 0 0 0 0 0 0 0 0 0 0 0 0 1 0 0 0 0 0 0 0 0 0 0 0 0 0 0 1 0 0 0 0 0 0 
0 0 0 0 0 1 0 0 0 0 0 0 0 0 0 0 0 0 0 0 0 0 0 0 0 0 0 0 0 0 0 0 0 0 0 0 0 0 0 0 0 0 0 0 0 0 0 0 0 0 0 0 0 0 0 0 0 0 0 0 0 0 0 0 0 1 0 0 1 0 0 0 0 1 0 0 0 1 0 0 0 0 0 0 1 0 0 0 0 0 0 0 0 1 0 0 0 0 0 0 
0 0 0 0 1 0 0 0 0 0 0 0 0 0 0 0 0 0 1 0 0 0 0 0 0 1 0 0 0 0 1 0 0 0 0 0 0 0 0 0 0 0 0 0 0 0 0 0 0 0 0 0 0 0 0 0 0 0 0 0 0 0 0 0 0 0 0 0 1 0 0 0 0 0 0 0 0 0 0 0 0 0 0 0 0 0 1 0 0 0 0 1 0 0 0 0 0 0 0 0 
0 0 0 0 0 0 0 0 0 0 0 0 0 0 0 0 0 1 0 0 0 1 0 1 0 0 0 0 0 0 0 0 0 0 0 0 0 0 0 0 1 0 0 0 0 0 0 0 0 0 0 0 0 0 0 0 1 0 0 0 0 0 0 0 0 0 0 0 0 0 1 0 0 0 1 0 0 0 0 1 0 0 1 0 0 0 0 0 0 0 0 0 0 0 2 0 0 0 0 0 
0 0 0 0 0 0 0 0 0 0 0 0 0 1 0 1 0 0 0 0 0 0 0 0 0 0 0 0 0 0 0 0 0 1 0 0 0 0 0 0 0 0 0 0 0 0 0 0 0 0 0 0 0 0 0 0 0 0 0 0 0 0 0 0 1 0 0 0 0 0 0 0 0 0 0 0 0 0 1 0 0 0 0 0 0 0 0 0 1 0 0 0 1 1 0 0 0 0 0 0 
0 0 0 0 0 0 0 0 0 0 0 0 0 0 0 0 0 0 0 0 0 0 0 0 0 0 0 0 0 1 0 0 0 0 0 0 0 0 0 0 0 0 0 0 0 0 0 0 0 0 0 0 0 0 0 0 0 0 0 0 0 0 0 0 0 0 0 0 0 0 0 0 0 0 0 0 0 0 1 0 0 0 0 0 0 0 0 2 0 0 0 0 0 0 0 0 0 0 0 0 
